# # Once                                                         FEFF 9.6.4  
# # POT  SCF 100  5.0000   0, core-hole, AFOLP (folp(0)= 1.150)
# # Abs   Z=25 Rmt= 1.265 Rnm= 1.346 K  shell
# # Pot 1 Z= 6 Rmt= 1.006 Rnm= 1.098
# # Pot 2 Z=31 Rmt= 1.481 Rnm= 1.501
# # Pot 3 Z=25 Rmt= 1.271 Rnm= 1.355
# # Gam_ch=1.193E+00 H-L exch Vi= 0.000E+00 Vr= 0.000E+00
# # Mu=-1.412E+01 kf=2.284E+00 Vint=-2.515E+01 Rs_int= 1.588
# # PATH  Rmax= 6.000,  Keep_limit= 0.00, Heap_limit 0.00  Pwcrit= 2.50%
#  S02=0.900  Temp=  20.00  Debye_temp= 600.00  Global_sig2= 0.00500
#  Energy zero shift, vr, vi    0.00000E+00   0.00000E+00
#  Curved wave amplitude ratio filter   4.000%
#     file         sig2 tot  cw amp ratio   deg  nlegs   reff  inp sig2
#           1       0.00969    100.00      1.00     2   1.9523
#           2       0.00969     67.99      1.00     2   1.9523
#           3       0.00969     47.71      1.00     2   1.9523
#           4       0.00701      7.25      1.00     2   2.6145
#           5       0.00701     74.98      1.00     2   2.6145
#           6       0.00701      6.77      1.00     2   2.6145
#           7       0.00684     11.89      1.00     2   2.7120
#           8       0.00684     16.40      1.00     2   2.7120
#           9       0.00684     21.48      1.00     2   2.7120
#          10       0.00712    136.40      2.00     2   2.9000
#          11       0.00712      9.40      2.00     2   2.9000
#          12       0.00712    117.50      2.00     2   2.9000
#          13       0.00871      4.92      2.00     3   3.2595
#          14       0.00871      5.05      2.00     3   3.2595
#          15       0.00871     19.23      2.00     3   3.2595
#          16       0.00871      7.21      2.00     3   3.2595
#          17       0.00871      8.41      2.00     3   3.2595
#          18       0.00871     16.82      2.00     3   3.2595
#          19       0.01339     26.33      2.00     3   3.4023
#          20       0.01339     23.33      2.00     3   3.4023
#          21       0.01339     27.36      2.00     3   3.4023
#          22       0.00848      4.70      2.00     3   3.4023
#          23       0.00848     31.44      2.00     3   3.4023
#          24       0.00848     28.90      2.00     3   3.4023
#          25       0.00848     26.96      2.00     3   3.4023
#          27       0.00848     21.60      2.00     3   3.4023
#          28       0.01116     52.63      1.00     2   3.4959
#          29       0.01116      5.61      1.00     2   3.4959
#          30       0.01116      9.64      1.00     2   3.4959
#          31       0.00718     21.31      1.00     2   3.9045
#          32       0.00718     14.55      1.00     2   3.9045
#          33       0.00718     10.25      1.00     2   3.9045
#          34       0.00718     66.48      2.00     3   3.9045
#          35       0.00718     46.94      2.00     3   3.9045
#          36       0.00718     34.53      2.00     3   3.9045
#          37       0.02375     13.28      1.00     4   3.9045
#          38       0.02375      9.30      1.00     4   3.9045
#          39       0.02375      6.77      1.00     4   3.9045
#          40       0.01363      9.71      1.00     4   3.9045
#          41       0.01363      9.18      1.00     4   3.9045
#          42       0.01363      7.91      1.00     4   3.9045
#          43       0.00718     51.38      1.00     4   3.9045
#          44       0.01363      6.24      1.00     4   3.9045
#          46       0.01363      4.30      1.00     4   3.9045
#          47       0.00718     36.33      1.00     4   3.9045
#          48       0.00718     26.77      1.00     4   3.9045
#          49       0.00695     28.46      1.00     2   3.9705
#          54       0.01041      9.20      2.00     3   4.0313
#          55       0.01041     25.21      2.00     3   4.0313
#          60       0.01262     20.01      2.00     3   4.1741
#          61       0.01021     19.36      2.00     3   4.1741
#          63       0.01262     19.14      2.00     3   4.1741
#          64       0.01021     18.19      2.00     3   4.1741
#          65       0.01262      5.76      2.00     3   4.1741
#          68       0.01021      9.62      2.00     3   4.1741
#          69       0.01021      7.46      2.00     3   4.1741
#          73       0.00739     18.27      4.00     3   4.3500
#          75       0.01098     19.69      1.00     2   4.5422
#          76       0.01098     18.00      1.00     2   4.5422
#          77       0.01098     17.47      1.00     2   4.5422
#          79       0.01098     14.36      1.00     2   4.5422
#          87       0.01072      5.19      2.00     3   4.6266
#          88       0.01072      4.30      2.00     3   4.6266
#          89       0.01072      5.69      2.00     3   4.6266
#          92       0.01081      4.40      2.00     4   4.6643
#          94       0.01079     10.00      2.00     3   4.6972
#          95       0.01079     12.65      2.00     3   4.6972
#          97       0.01079     14.46      2.00     3   4.6972
#          98       0.01079     15.37      2.00     3   4.6972
#          99       0.01138     26.99      2.00     3   4.6972
#         100       0.01138      4.28      2.00     3   4.6972
#         101       0.01138      7.87      2.00     3   4.6972
#         102       0.01138     25.73      2.00     3   4.6972
#         103       0.01138     21.64      2.00     3   4.6972
#         104       0.01138     16.97      2.00     3   4.6972
#         106       0.01079     15.83      2.00     3   4.6972
#         107       0.01079     17.85      2.00     3   4.6972
#         109       0.01079     13.05      2.00     3   4.6972
#         110       0.01079     16.36      2.00     3   4.6972
#         114       0.00735      7.57      2.00     4   4.7095
#         115       0.00735      7.29      2.00     4   4.7095
#         116       0.00735      6.59      2.00     4   4.7095
#         117       0.00735      4.76      2.00     4   4.7095
#         118       0.00735      4.89      2.00     4   4.7095
#         120       0.00735      5.97      2.00     4   4.7095
#         121       0.00735      5.54      2.00     4   4.7095
#         122       0.00735      4.68      2.00     4   4.7095
#         124       0.01081      4.00      2.00     4   4.8523
#         125       0.01119      4.36      2.00     4   4.8523
#         127       0.01081      6.31      2.00     4   4.8523
#         129       0.01119      5.45      2.00     4   4.8523
#         130       0.01081      8.19      2.00     4   4.8523
#         131       0.01119      6.44      2.00     4   4.8523
#         132       0.01119      5.99      2.00     4   4.8523
#         133       0.01081     10.61      2.00     4   4.8523
#         134       0.01081     10.43      2.00     4   4.8523
#         137       0.02663      5.36      1.00     4   4.8523
#         138       0.02663      5.45      1.00     4   4.8523
#         139       0.02663      5.13      1.00     4   4.8523
#         142       0.02663      4.01      1.00     4   4.8523
#         143       0.01339      4.12      2.00     4   4.8523
#         145       0.01315     10.68      1.00     4   4.8523
#         146       0.01315     10.65      1.00     4   4.8523
#         147       0.01315      7.63      1.00     4   4.8523
#         148       0.01315      5.67      1.00     4   4.8523
#         149       0.01315      6.61      1.00     4   4.8523
#         150       0.01315      8.56      1.00     4   4.8523
#         154       0.01081     14.50      2.00     4   4.8523
#         155       0.01081     13.84      2.00     4   4.8523
#         156       0.01081     11.63      2.00     4   4.8523
#         157       0.01081      4.65      2.00     4   4.8523
#         158       0.01081      9.15      2.00     4   4.8523
#         165       0.00711     22.99      1.00     2   4.8637
#         166       0.00711     21.32      1.00     2   4.8637
#         169       0.00711      8.76      1.00     2   4.8637
#         170       0.00711      6.75      1.00     2   4.8637
#         171       0.00688     11.43      1.00     2   4.9168
#         172       0.00688      9.53      1.00     2   4.9168
#         173       0.00688      9.51      1.00     2   4.9168
#         175       0.00688      8.63      1.00     2   4.9168
#         177       0.00710     43.53      2.00     2   5.0229
#         178       0.00710      8.11      2.00     2   5.0230
#         179       0.00710     12.72      2.00     2   5.0229
#         183       0.00688      8.09      1.00     2   5.0559
#         185       0.00688      7.33      1.00     2   5.0559
#         188       0.00799     17.34      2.00     3   5.1559
#         189       0.00799     16.31      2.00     3   5.1559
#         190       0.00799     11.02      2.00     3   5.1559
#         191       0.00799     12.64      2.00     3   5.1559
#         192       0.00799      7.51      2.00     3   5.1559
#         193       0.00799      6.43      2.00     3   5.1559
#         196       0.00799      4.14      2.00     3   5.1559
#         197       0.00799      5.70      2.00     3   5.1559
#         201       0.00711     10.27      1.00     2   5.1592
#         203       0.00711      9.29      1.00     2   5.1592
#         207       0.00721      6.84      2.00     3   5.1891
#         208       0.00721      6.36      2.00     3   5.1891
#         210       0.00721     10.34      2.00     3   5.1891
#         211       0.00721      9.76      2.00     3   5.1891
#         212       0.00721     10.99      2.00     3   5.1891
#         215       0.00721      5.76      2.00     3   5.1891
#         216       0.00721      4.64      2.00     3   5.1891
#         218       0.00721     10.00      2.00     3   5.1891
#         227       0.00693      4.36      2.00     3   5.1912
#         230       0.00693      5.06      2.00     3   5.1912
#         231       0.00693      5.51      2.00     3   5.1912
#         237       0.01432     17.48      2.00     3   5.2356
#         238       0.01432      4.46      2.00     3   5.2356
#         239       0.01432      6.64      2.00     3   5.2356
#         240       0.00776     17.39      2.00     3   5.2356
#         241       0.00776     15.75      2.00     3   5.2356
#         242       0.00776      6.58      2.00     3   5.2356
#         243       0.00776      4.53      2.00     3   5.2356
#         245       0.00776      4.93      2.00     3   5.2356
#         250       0.00758      4.30      2.00     3   5.2822
#         264       0.01129      6.12      2.00     4   5.3545
#         265       0.01129      4.33      2.00     4   5.3545
#         266       0.01129      6.03      2.00     4   5.3545
#         267       0.01129      5.10      2.00     4   5.3545
#         268       0.01129      5.05      2.00     4   5.3545
#         269       0.01129      4.25      2.00     4   5.3545
#         270       0.01129      7.89      2.00     5   5.3545
#         271       0.01129      8.43      2.00     5   5.3545
#         272       0.01129      7.14      2.00     5   5.3545
#         273       0.01129      8.33      2.00     5   5.3545
#         274       0.01129      9.48      2.00     5   5.3545
#         275       0.01129      8.75      2.00     5   5.3545
#         276       0.01129     12.53      2.00     5   5.3545
#         277       0.01129     12.66      2.00     5   5.3545
#         278       0.01129      8.54      2.00     5   5.3545
#         279       0.01129     10.44      2.00     5   5.3545
#         280       0.01129      6.14      2.00     5   5.3545
#         281       0.01129      7.91      2.00     5   5.3545
#         284       0.00723     10.55      4.00     3   5.4115
#         285       0.00723     16.60      4.00     3   5.4115
#         287       0.00723      7.43      4.00     3   5.4115
#         289       0.00723      5.39      4.00     3   5.4115
#         290       0.00723     15.98      4.00     3   5.4115
#         291       0.01503      5.66      2.00     4   5.4482
#         294       0.00996      4.47      1.00     4   5.4482
#         295       0.00996      4.88      1.00     4   5.4482
#         314       0.01099      4.44      1.00     2   5.5305
#         315       0.01496      6.56      2.00     4   5.6241
#         316       0.01496      6.53      2.00     4   5.6241
#         321       0.00715     23.62      2.00     2   5.8000
#         323       0.00715     20.51      2.00     2   5.8000
#         324       0.00715     10.99      2.00     3   5.8000
#         326       0.00715     12.62      2.00     3   5.8000
#         327       0.00715     56.60      4.00     3   5.8000
#         329       0.00715     49.30      4.00     3   5.8000
#         330       0.00715     10.51      2.00     4   5.8000
#         332       0.00715     12.03      2.00     4   5.8000
#         333       0.01350      5.72      2.00     4   5.8000
#         335       0.01350      5.01      2.00     4   5.8000
#         336       0.00715     39.97      2.00     4   5.8000
#         338       0.00715     34.85      2.00     4   5.8000
#         339       0.01406      5.06      2.00     4   5.8568
#         345       0.01406      7.31      2.00     5   5.8568
#         346       0.01406      8.12      2.00     5   5.8568
#         347       0.01406      5.06      2.00     5   5.8568
#         348       0.01406      5.64      2.00     5   5.8568
#         350       0.01406      4.06      2.00     5   5.8568
#         351       0.01406      8.82      2.00     5   5.8568
#         352       0.01406      6.12      2.00     5   5.8568
#         353       0.01406      4.40      2.00     5   5.8568
#         355       0.01406     12.35      2.00     6   5.8568
#         357       0.01406      8.66      2.00     6   5.8568
#         359       0.01406      6.31      2.00     6   5.8568
#         360       0.01406      7.56      1.00     6   5.8568
#         361       0.01406      5.31      1.00     6   5.8568
#   210/ 260 paths used
#  xsedge+50, used to normalize mu           3.5307E-04
#  -----------------------------------------------------------------------
#  omega    e    k    mu    mu0     chi     @#
    6545.567    -14.113   0.050  6.02200E-01  3.28065E-01  4.60645E-01
    6545.595    -14.084   0.100  6.21859E-01  3.34452E-01  4.82301E-01
    6545.643    -14.036   0.150  6.76617E-01  3.53120E-01  5.40732E-01
    6545.709    -13.970   0.200  7.27371E-01  3.71788E-01  5.92036E-01
    6545.795    -13.884   0.250  7.98460E-01  3.99507E-01  6.59983E-01
    6545.900    -13.779   0.300  8.59551E-01  4.27225E-01  7.10629E-01
    6546.024    -13.655   0.350  9.19428E-01  4.56534E-01  7.54257E-01
    6546.167    -13.513   0.400  9.63306E-01  4.85842E-01  7.71288E-01
    6546.329    -13.351   0.450  9.89403E-01  5.11012E-01  7.64512E-01
    6546.510    -13.170   0.500  9.96453E-01  5.36182E-01  7.27765E-01
    6546.710    -12.970   0.550  9.81250E-01  5.56576E-01  6.63135E-01
    6546.929    -12.751   0.600  9.48579E-01  5.76970E-01  5.73149E-01
    6547.167    -12.512   0.650  8.97450E-01  5.94099E-01  4.61422E-01
    6547.424    -12.255   0.700  8.34752E-01  6.11228E-01  3.35375E-01
    6547.700    -11.979   0.750  7.60986E-01  6.26473E-01  1.98832E-01
    6547.995    -11.684   0.800  6.84130E-01  6.41718E-01  6.17775E-02
    6548.310    -11.369   0.850  6.04378E-01  6.55937E-01 -7.39378E-02
    6548.643    -11.036   0.900  5.30505E-01  6.70157E-01 -1.97214E-01
    6548.996    -10.684   0.950  4.61233E-01  6.83800E-01 -3.09332E-01
    6549.367    -10.312   1.000  4.05326E-01  6.97444E-01 -3.99672E-01
    6549.758     -9.922   1.050  3.59967E-01  7.10712E-01 -4.72290E-01
    6550.167     -9.512   1.100  3.32405E-01  7.23980E-01 -5.19053E-01
    6550.596     -9.083   1.150  3.18777E-01  7.36909E-01 -5.45613E-01
    6551.043     -8.636   1.200  3.23340E-01  7.49839E-01 -5.47983E-01
    6551.510     -8.169   1.250  3.42059E-01  7.62394E-01 -5.31914E-01
    6551.996     -7.683   1.300  3.75394E-01  7.74949E-01 -4.98102E-01
    6552.501     -7.178   1.350  4.19950E-01  7.87035E-01 -4.51055E-01
    6553.025     -6.655   1.400  4.72970E-01  7.99121E-01 -3.95086E-01
    6553.568     -6.112   1.450  5.32414E-01  8.10625E-01 -3.32473E-01
    6554.130     -5.550   1.500  5.93902E-01  8.22128E-01 -2.69113E-01
    6554.711     -4.969   1.550  6.57123E-01  8.32927E-01 -2.04726E-01
    6555.311     -4.369   1.600  7.18009E-01  8.43727E-01 -1.44604E-01
    6555.930     -3.749   1.650  7.77677E-01  8.53727E-01 -8.64919E-02
    6556.568     -3.111   1.700  8.33584E-01  8.63727E-01 -3.39009E-02
    6557.225     -2.454   1.750  8.86909E-01  8.72808E-01  1.57004E-02
    6557.901     -1.778   1.800  9.36707E-01  8.81890E-01  6.04323E-02
    6558.597     -1.082   1.850  9.82891E-01  8.89964E-01  1.01557E-01
    6559.311     -0.368   1.900  1.02506E+00  8.98038E-01  1.37625E-01
    6560.045      0.365   1.950  1.06090E+00  9.05026E-01  1.67649E-01
    6560.797      1.118   2.000  1.08994E+00  9.12014E-01  1.89971E-01
    6561.569      1.889   2.050  1.10727E+00  9.17384E-01  2.01670E-01
    6562.359      2.680   2.100  1.11392E+00  9.22754E-01  2.01964E-01
    6563.169      3.490   2.150  1.10943E+00  9.28124E-01  1.90543E-01
    6563.997      4.318   2.200  1.09434E+00  9.33494E-01  1.68149E-01
    6564.845      5.166   2.250  1.06847E+00  9.36477E-01  1.37642E-01
    6565.712      6.033   2.300  1.03610E+00  9.39460E-01  1.00521E-01
    6566.598      6.918   2.350  1.00134E+00  9.42443E-01  6.11065E-02
    6567.503      7.823   2.400  9.69831E-01  9.45427E-01  2.52541E-02
    6568.427      8.747   2.450  9.42617E-01  9.45469E-01 -2.95464E-03
    6569.369      9.690   2.500  9.28816E-01  9.45512E-01 -1.73113E-02
    6570.332     10.652   2.550  9.29130E-01  9.45555E-01 -1.70454E-02
    6571.313     11.633   2.600  9.41510E-01  9.45598E-01 -4.24639E-03
    6572.313     12.633   2.650  9.67472E-01  9.48851E-01  1.93032E-02
    6573.332     13.653   2.700  9.95016E-01  9.52105E-01  4.43938E-02
    6574.370     14.691   2.750  1.01917E+00  9.55358E-01  6.58841E-02
    6575.427     15.748   2.800  1.03695E+00  9.58612E-01  8.07115E-02
    6576.504     16.824   2.850  1.05043E+00  9.62355E-01  9.04112E-02
    6577.599     17.920   2.900  1.05756E+00  9.66099E-01  9.35483E-02
    6578.713     19.034   2.950  1.05866E+00  9.69843E-01  9.05221E-02
    6579.847     20.168   3.000  1.05482E+00  9.73586E-01  8.24923E-02
    6580.999     21.320   3.050  1.04671E+00  9.75482E-01  7.21811E-02
    6582.171     22.492   3.100  1.03604E+00  9.77378E-01  5.93314E-02
    6583.362     23.682   3.150  1.02400E+00  9.79274E-01  4.51407E-02
    6584.571     24.892   3.200  1.01141E+00  9.81169E-01  3.04616E-02
    6585.800     26.121   3.250  9.97699E-01  9.82122E-01  1.56719E-02
    6587.048     27.369   3.300  9.83480E-01  9.83076E-01  4.06003E-04
    6588.315     28.635   3.350  9.68764E-01  9.84029E-01 -1.53227E-02
    6589.601     29.921   3.400  9.53560E-01  9.84982E-01 -3.15063E-02
    6590.905     31.226   3.450  9.36962E-01  9.85162E-01 -4.82975E-02
    6592.229     32.550   3.500  9.20230E-01  9.85342E-01 -6.52004E-02
    6593.572     33.893   3.550  9.04241E-01  9.85522E-01 -8.13373E-02
    6594.934     35.255   3.600  8.90559E-01  9.85702E-01 -9.51461E-02
    6596.316     36.636   3.650  8.79827E-01  9.85514E-01 -1.05681E-01
    6597.716     38.037   3.700  8.73926E-01  9.85326E-01 -1.11384E-01
    6599.135     39.456   3.750  8.73613E-01  9.85137E-01 -1.11498E-01
    6600.573     40.894   3.800  8.79182E-01  9.84949E-01 -1.05733E-01
    6602.031     42.351   3.850  8.90342E-01  9.84591E-01 -9.42205E-02
    6603.507     43.828   3.900  9.06383E-01  9.84232E-01 -7.78277E-02
    6605.002     45.323   3.950  9.26084E-01  9.83874E-01 -5.77760E-02
    6606.517     46.838   4.000  9.48020E-01  9.83515E-01 -3.54876E-02
    6608.050     48.371   4.050  9.70869E-01  9.83172E-01 -1.23011E-02
    6609.603     49.924   4.100  9.93093E-01  9.82829E-01  1.02610E-02
    6611.175     51.495   4.150  1.01348E+00  9.82487E-01  3.09822E-02
    6612.765     53.086   4.200  1.03101E+00  9.82144E-01  4.88508E-02
    6614.375     54.696   4.250  1.04500E+00  9.81962E-01  6.30207E-02
    6616.004     56.324   4.300  1.05448E+00  9.81780E-01  7.26845E-02
    6617.652     57.972   4.350  1.05887E+00  9.81598E-01  7.72518E-02
    6619.318     59.639   4.400  1.05780E+00  9.81417E-01  7.63615E-02
    6621.004     61.325   4.450  1.05089E+00  9.81290E-01  6.95710E-02
    6622.709     63.030   4.500  1.03885E+00  9.81164E-01  5.76535E-02
    6624.433     64.754   4.550  1.02274E+00  9.81037E-01  4.16702E-02
    6626.176     66.497   4.600  1.00415E+00  9.80911E-01  2.32181E-02
    6627.938     68.259   4.650  9.85161E-01  9.80885E-01  4.27177E-03
    6629.720     70.040   4.700  9.68009E-01  9.80860E-01 -1.28388E-02
    6631.520     71.841   4.750  9.54676E-01  9.80834E-01 -2.61334E-02
    6633.339     73.660   4.800  9.46569E-01  9.80809E-01 -3.42052E-02
    6635.177     75.498   4.850  9.44596E-01  9.80840E-01 -3.62077E-02
    6637.035     77.356   4.900  9.48078E-01  9.80872E-01 -3.27600E-02
    6638.911     79.232   4.950  9.55679E-01  9.80903E-01 -2.51976E-02
    6640.807     81.127   5.000  9.65486E-01  9.80934E-01 -1.54318E-02
    6642.721     83.042   5.050  9.75506E-01  9.80963E-01 -5.45286E-03
    6644.655     84.976   5.100  9.83798E-01  9.80993E-01  2.80360E-03
    6646.607     86.928   5.150  9.89376E-01  9.81022E-01  8.34975E-03
    6648.579     88.900   5.200  9.92182E-01  9.81051E-01  1.11274E-02
    6650.570     90.891   5.250  9.92705E-01  9.80901E-01  1.18043E-02
    6652.580     92.900   5.300  9.92654E-01  9.80751E-01  1.19084E-02
    6654.608     94.929   5.350  9.93542E-01  9.80600E-01  1.29522E-02
    6656.656     96.977   5.400  9.96429E-01  9.80450E-01  1.59973E-02
    6658.723     99.044   5.450  1.00132E+00  9.80162E-01  2.11949E-02
    6660.809    101.130   5.500  1.00760E+00  9.79873E-01  2.77927E-02
    6662.914    103.235   5.550  1.01351E+00  9.79585E-01  3.40291E-02
    6665.038    105.359   5.600  1.01682E+00  9.79297E-01  3.76624E-02
    6667.181    107.502   5.650  1.01508E+00  9.78769E-01  3.64743E-02
    6669.343    109.664   5.700  1.00727E+00  9.78242E-01  2.91860E-02
    6671.525    111.845   5.750  9.93363E-01  9.77715E-01  1.57488E-02
    6673.725    114.046   5.800  9.74789E-01  9.77188E-01 -2.41680E-03
    6675.944    116.265   5.850  9.53813E-01  9.76340E-01 -2.27207E-02
    6678.183    118.503   5.900  9.34416E-01  9.75491E-01 -4.14782E-02
    6680.440    120.761   5.950  9.20035E-01  9.74643E-01 -5.52103E-02
    6682.717    123.037   6.000  9.13264E-01  9.73794E-01 -6.12718E-02
    6685.012    125.333   6.050  9.15060E-01  9.72686E-01 -5.84230E-02
    6687.327    127.647   6.100  9.25008E-01  9.71577E-01 -4.72877E-02
    6689.660    129.981   6.150  9.40753E-01  9.70469E-01 -3.02222E-02
    6692.013    132.334   6.200  9.58843E-01  9.69361E-01 -1.07134E-02
    6694.385    134.705   6.250  9.75521E-01  9.68252E-01  7.41546E-03
    6696.775    137.096   6.300  9.87560E-01  9.67144E-01  2.08620E-02
    6699.185    139.506   6.350  9.92959E-01  9.66036E-01  2.75555E-02
    6701.614    141.935   6.400  9.91319E-01  9.64927E-01  2.70542E-02
    6704.062    144.383   6.450  9.83827E-01  9.63819E-01  2.05428E-02
    6706.529    146.850   6.500  9.72869E-01  9.62711E-01  1.04463E-02
    6709.015    149.336   6.550  9.61303E-01  9.61380E-01 -7.90333E-05
    6711.520    151.841   6.600  9.52081E-01  9.60049E-01 -8.22336E-03
    6714.044    154.365   6.650  9.47030E-01  9.58718E-01 -1.20846E-02
    6716.587    156.908   6.700  9.46735E-01  9.57388E-01 -1.10330E-02
    6719.149    159.470   6.750  9.50527E-01  9.56057E-01 -5.73749E-03
    6721.731    162.052   6.800  9.56782E-01  9.54726E-01  2.13673E-03
    6724.331    164.652   6.850  9.63433E-01  9.53395E-01  1.04524E-02
    6726.950    167.271   6.900  9.68544E-01  9.52065E-01  1.71916E-02
    6729.589    169.910   6.950  9.70781E-01  9.50734E-01  2.09511E-02
    6732.246    172.567   7.000  9.69671E-01  9.49403E-01  2.12210E-02
    6734.923    175.244   7.050  9.65831E-01  9.48230E-01  1.84584E-02
    6737.618    177.939   7.100  9.60055E-01  9.47056E-01  1.36536E-02
    6740.333    180.654   7.150  9.53591E-01  9.45882E-01  8.10972E-03
    6743.067    183.387   7.200  9.47515E-01  9.44709E-01  2.95700E-03
    6745.819    186.140   7.250  9.42446E-01  9.43535E-01 -1.14930E-03
    6748.591    188.912   7.300  9.38450E-01  9.42361E-01 -4.13500E-03
    6751.382    191.703   7.350  9.35142E-01  9.41188E-01 -6.40221E-03
    6754.192    194.513   7.400  9.31939E-01  9.40014E-01 -8.56481E-03
    6757.021    197.341   7.450  9.28370E-01  9.38840E-01 -1.11235E-02
    6759.869    200.189   7.500  9.24327E-01  9.37667E-01 -1.41948E-02
    6762.736    203.056   7.550  9.20267E-01  9.36745E-01 -1.75549E-02
    6765.622    205.943   7.600  9.16900E-01  9.35823E-01 -2.01842E-02
    6768.527    208.848   7.650  9.15236E-01  9.34901E-01 -2.10012E-02
    6771.451    211.772   7.700  9.16134E-01  9.33979E-01 -1.90800E-02
    6774.394    214.715   7.750  9.19985E-01  9.33057E-01 -1.39936E-02
    6777.357    217.677   7.800  9.26502E-01  9.32135E-01 -6.03784E-03
    6780.338    220.659   7.850  9.34699E-01  9.31214E-01  3.74070E-03
    6783.338    223.659   7.900  9.43072E-01  9.30292E-01  1.37310E-02
    6786.358    226.678   7.950  9.49928E-01  9.29370E-01  2.21142E-02
    6789.396    229.717   8.000  9.53792E-01  9.28448E-01  2.72952E-02
    6792.454    232.774   8.050  9.53947E-01  9.27545E-01  2.84609E-02
    6795.530    235.851   8.100  9.50040E-01  9.26642E-01  2.52449E-02
    6798.626    238.947   8.150  9.42738E-01  9.25740E-01  1.83568E-02
    6801.740    242.061   8.200  9.33369E-01  9.24837E-01  9.22293E-03
    6804.874    245.195   8.250  9.23593E-01  9.23934E-01 -3.68886E-04
    6808.027    248.348   8.300  9.14998E-01  9.23031E-01 -8.69972E-03
    6811.199    251.519   8.350  9.08742E-01  9.22129E-01 -1.45090E-02
    6814.390    254.710   8.400  9.05332E-01  9.21226E-01 -1.72424E-02
    6817.599    257.920   8.450  9.04575E-01  9.20323E-01 -1.70996E-02
    6820.828    261.149   8.500  9.05727E-01  9.19420E-01 -1.48824E-02
    6824.076    264.397   8.550  9.07536E-01  9.18403E-01 -1.18243E-02
    6827.344    267.664   8.600  9.09293E-01  9.17386E-01 -8.81622E-03
    6830.630    270.950   8.650  9.10350E-01  9.16370E-01 -6.56357E-03
    6833.935    274.256   8.700  9.10520E-01  9.15353E-01 -5.27502E-03
    6837.259    277.580   8.750  9.10069E-01  9.14336E-01 -4.66300E-03
    6840.602    280.923   8.800  9.09568E-01  9.13319E-01 -4.10338E-03
    6843.965    284.285   8.850  9.09656E-01  9.12302E-01 -2.89756E-03
    6847.346    287.667   8.900  9.10782E-01  9.11285E-01 -5.51517E-04
    6850.746    291.067   8.950  9.13016E-01  9.10268E-01  3.01619E-03
    6854.166    294.487   9.000  9.15987E-01  9.09251E-01  7.40146E-03
    6857.604    297.925   9.050  9.18846E-01  9.08030E-01  1.19001E-02
    6861.062    301.383   9.100  9.20821E-01  9.06809E-01  1.54356E-02
    6864.538    304.859   9.150  9.21075E-01  9.05588E-01  1.70825E-02
    6868.034    308.355   9.200  9.19104E-01  9.04367E-01  1.62748E-02
    6871.549    311.870   9.250  9.14891E-01  9.03146E-01  1.29871E-02
    6875.083    315.403   9.300  9.08941E-01  9.01925E-01  7.76858E-03
    6878.635    318.956   9.350  9.02166E-01  9.00704E-01  1.62127E-03
    6882.207    322.528   9.400  8.95659E-01  8.99482E-01 -4.24391E-03
    6885.798    326.119   9.450  8.90427E-01  8.98261E-01 -8.70639E-03
    6889.408    329.729   9.500  8.87148E-01  8.97040E-01 -1.10075E-02
    6893.037    333.358   9.550  8.85922E-01  8.95775E-01 -1.09779E-02
    6896.685    337.006   9.600  8.86546E-01  8.94509E-01 -8.88451E-03
    6900.352    340.673   9.650  8.88325E-01  8.93243E-01 -5.49409E-03
    6904.038    344.359   9.700  8.90359E-01  8.91978E-01 -1.81104E-03
    6907.744    348.064   9.750  8.91777E-01  8.90712E-01  1.19293E-03
    6911.468    351.789   9.800  8.91965E-01  8.89447E-01  2.82456E-03
    6915.211    355.532   9.850  8.90697E-01  8.88181E-01  2.82585E-03
    6918.974    359.294   9.900  8.88165E-01  8.86916E-01  1.40479E-03
    6922.755    363.076   9.950  8.84886E-01  8.85650E-01 -8.60292E-04
    6926.556    366.876  10.000  8.81539E-01  8.84385E-01 -3.20846E-03
    6930.375    370.696  10.050  8.78764E-01  8.83176E-01 -4.98134E-03
    6934.214    374.534  10.100  8.76997E-01  8.81968E-01 -5.61993E-03
    6938.071    378.392  10.150  8.76393E-01  8.80760E-01 -4.94326E-03
    6941.948    382.269  10.200  8.76789E-01  8.79552E-01 -3.13189E-03
    6945.844    386.164  10.250  8.77772E-01  8.78344E-01 -6.49400E-04
    6949.758    390.079  10.300  8.78815E-01  8.77136E-01  1.90793E-03
    6953.692    394.013  10.350  8.79430E-01  8.75928E-01  3.98495E-03
    6957.645    397.966  10.400  8.79296E-01  8.74720E-01  5.21363E-03
    6961.617    401.938  10.450  8.78325E-01  8.73512E-01  5.49127E-03
    6965.608    405.929  10.500  8.76658E-01  8.72304E-01  4.97405E-03
    6969.618    409.939  10.550  8.74588E-01  8.71096E-01  3.99487E-03
    6973.647    413.968  10.600  8.72452E-01  8.69888E-01  2.93686E-03
    6977.695    418.016  10.650  8.70515E-01  8.68680E-01  2.10477E-03
    6981.762    422.083  10.700  8.68895E-01  8.67471E-01  1.63450E-03
    6985.848    426.169  10.750  8.67539E-01  8.66263E-01  1.46666E-03
    6989.954    430.274  10.800  8.66261E-01  8.65055E-01  1.38847E-03
    6994.078    434.399  10.850  8.64825E-01  8.63847E-01  1.12682E-03
    6998.221    438.542  10.900  8.63037E-01  8.62639E-01  4.59673E-04
    7002.384    442.704  10.950  8.60833E-01  8.61431E-01 -6.91417E-04
    7006.565    446.886  11.000  8.58307E-01  8.60223E-01 -2.21754E-03
    7010.766    451.086  11.050  8.55518E-01  8.58903E-01 -3.92504E-03
    7014.985    455.306  11.100  8.52928E-01  8.57583E-01 -5.40591E-03
    7019.224    459.545  11.150  8.50873E-01  8.56264E-01 -6.26901E-03
    7023.481    463.802  11.200  8.49597E-01  8.54944E-01 -6.22750E-03
    7027.758    468.079  11.250  8.49178E-01  8.53624E-01 -5.18675E-03
    7032.054    472.375  11.300  8.49496E-01  8.52304E-01 -3.28061E-03
    7036.369    476.690  11.350  8.50262E-01  8.50984E-01 -8.45330E-04
    7040.703    481.023  11.400  8.51082E-01  8.49664E-01  1.66138E-03
    7045.056    485.376  11.450  8.51558E-01  8.48344E-01  3.77303E-03
    7049.427    489.748  11.500  8.51385E-01  8.47025E-01  5.12698E-03
    7053.818    494.139  11.550  8.50414E-01  8.45705E-01  5.54628E-03
    7058.229    498.549  11.600  8.48683E-01  8.44385E-01  5.06957E-03
    7062.658    502.978  11.650  8.46386E-01  8.43065E-01  3.92345E-03
    7067.106    507.427  11.700  8.43814E-01  8.41745E-01  2.44820E-03
    7071.573    511.894  11.750  8.41269E-01  8.40425E-01  1.00027E-03
    7076.059    516.380  11.800  8.38988E-01  8.39106E-01 -1.39839E-04
    7080.565    520.885  11.850  8.37088E-01  8.37786E-01 -8.29067E-04
    7085.089    525.410  11.900  8.35561E-01  8.36466E-01 -1.07794E-03
    7089.632    529.953  11.950  8.34290E-01  8.35146E-01 -1.02090E-03
    7094.195    534.516  12.000  8.33112E-01  8.33826E-01 -8.53747E-04
    7098.776    539.097  12.050  8.31714E-01  8.32366E-01 -7.79816E-04
    7103.377    543.698  12.100  8.30159E-01  8.30906E-01 -8.95546E-04
    7107.996    548.317  12.150  8.28437E-01  8.29445E-01 -1.21100E-03
    7112.635    552.956  12.200  8.26628E-01  8.27985E-01 -1.63301E-03
    7117.293    557.614  12.250  8.24865E-01  8.26525E-01 -2.00002E-03
    7121.970    562.290  12.300  8.23293E-01  8.25064E-01 -2.13944E-03
    7126.665    566.986  12.350  8.22010E-01  8.23604E-01 -1.92862E-03
    7131.380    571.701  12.400  8.21038E-01  8.22143E-01 -1.34010E-03
    7136.114    576.435  12.450  8.20307E-01  8.20683E-01 -4.56992E-04
    7140.867    581.188  12.500  8.19672E-01  8.19223E-01  5.45988E-04
    7145.639    585.960  12.550  8.18952E-01  8.17762E-01  1.44991E-03
    7150.430    590.751  12.600  8.17984E-01  8.16302E-01  2.05283E-03
    7155.240    595.561  12.650  8.16663E-01  8.14842E-01  2.22643E-03
    7160.069    600.390  12.700  8.14974E-01  8.13381E-01  1.95139E-03
    7164.918    605.238  12.750  8.12998E-01  8.11921E-01  1.32138E-03
    7169.785    610.106  12.800  8.10880E-01  8.10461E-01  5.15317E-04
    7174.671    614.992  12.850  8.08795E-01  8.09000E-01 -2.53464E-04
    7179.577    619.897  12.900  8.06895E-01  8.07540E-01 -7.95855E-04
    7184.501    624.822  12.950  8.05274E-01  8.06080E-01 -9.96443E-04
    7189.444    629.765  13.000  8.03941E-01  8.04619E-01 -8.40225E-04
    7194.407    634.728  13.050  8.02873E-01  8.03207E-01 -4.14705E-04
    7199.388    639.709  13.100  8.01918E-01  8.01795E-01  1.52520E-04
    7204.389    644.710  13.150  8.00934E-01  8.00383E-01  6.85972E-04
    7209.409    649.729  13.200  7.99794E-01  7.98971E-01  1.02758E-03
    7214.447    654.768  13.250  7.98422E-01  7.97558E-01  1.07902E-03
    7219.505    659.826  13.300  7.96806E-01  7.96146E-01  8.25414E-04
    7224.582    664.903  13.350  7.95001E-01  7.94734E-01  3.34753E-04
    7229.678    669.999  13.400  7.93110E-01  7.93322E-01 -2.65388E-04
    7234.793    675.114  13.450  7.91253E-01  7.91909E-01 -8.25852E-04
    7239.927    680.247  13.500  7.89532E-01  7.90497E-01 -1.21710E-03
    7245.080    685.400  13.550  7.88007E-01  7.89085E-01 -1.36181E-03
    7250.252    690.573  13.600  7.86685E-01  7.87673E-01 -1.25048E-03
    7255.443    695.764  13.650  7.85521E-01  7.86261E-01 -9.37007E-04
    7260.653    700.974  13.700  7.84441E-01  7.84848E-01 -5.17280E-04
    7265.882    706.203  13.750  7.83359E-01  7.83436E-01 -9.84737E-05
    7271.130    711.451  13.800  7.82205E-01  7.82024E-01  2.31245E-04
    7276.398    716.719  13.850  7.80944E-01  7.80612E-01  4.23865E-04
    7281.684    722.005  13.900  7.79573E-01  7.79200E-01  4.78318E-04
    7286.990    727.310  13.950  7.78125E-01  7.77787E-01  4.32481E-04
    7292.314    732.635  14.000  7.76643E-01  7.76375E-01  3.44500E-04
    7297.657    737.978  14.050  7.75101E-01  7.74882E-01  2.81039E-04
    7303.020    743.341  14.100  7.73597E-01  7.73390E-01  2.66920E-04
    7308.402    748.722  14.150  7.72136E-01  7.71897E-01  3.08958E-04
    7313.802    754.123  14.200  7.70702E-01  7.70405E-01  3.84872E-04
    7319.222    759.543  14.250  7.69261E-01  7.68912E-01  4.52997E-04
    7324.661    764.982  14.300  7.67780E-01  7.67419E-01  4.68269E-04
    7330.119    770.439  14.350  7.66233E-01  7.65927E-01  3.98956E-04
    7335.595    775.916  14.400  7.64617E-01  7.64434E-01  2.38636E-04
    7341.091    781.412  14.450  7.62949E-01  7.62941E-01  9.69325E-06
    7346.606    786.927  14.500  7.61264E-01  7.61449E-01 -2.42548E-04
    7352.140    792.461  14.550  7.59604E-01  7.59956E-01 -4.62937E-04
    7357.693    798.014  14.600  7.58006E-01  7.58464E-01 -6.02543E-04
    7363.265    803.586  14.650  7.56491E-01  7.56971E-01 -6.32568E-04
    7368.857    809.177  14.700  7.55060E-01  7.55478E-01 -5.51939E-04
    7374.467    814.788  14.750  7.53694E-01  7.53986E-01 -3.86530E-04
    7380.096    820.417  14.800  7.52357E-01  7.52493E-01 -1.80621E-04
    7385.744    826.065  14.850  7.51013E-01  7.51001E-01  1.64062E-05
    7391.412    831.732  14.900  7.49631E-01  7.49508E-01  1.63887E-04
    7397.098    837.419  14.950  7.48195E-01  7.48015E-01  2.39999E-04
    7402.804    843.124  15.000  7.46706E-01  7.46523E-01  2.45435E-04
