# # Once                                                         FEFF 9.6.4  
# # POT  SCF 100  7.0000   0, core-hole, AFOLP (folp(0)= 1.150)
# # Abs   Z=60 Rmt= 1.754 Rnm= 1.775 L3 shell
# # Pot 1 Z=60 Rmt= 1.759 Rnm= 1.781
# # Pot 2 Z=26 Rmt= 1.349 Rnm= 1.400
# # Pot 3 Z= 5 Rmt= 1.086 Rnm= 1.161
# # Gam_ch=3.500E+00 H-L exch Vi= 0.000E+00 Vr= 0.000E+00
# # Mu=-1.703E+01 kf=2.109E+00 Vint=-2.642E+01 Rs_int= 1.720
# # PATH  Rmax= 8.000,  Keep_limit= 0.00, Heap_limit 0.00  Pwcrit= 2.50%
#  S02=1.000  Temp=   0.00  Debye_temp=   0.00  Global_sig2= 0.00000
#  Energy zero shift, vr, vi    0.00000E+00   0.00000E+00
#  Curved wave amplitude ratio filter   4.000%
#     file         sig2 tot  cw amp ratio   deg  nlegs   reff  inp sig2
#           1       0.00000    100.00      1.00     2   2.8385
#           2       0.00000    465.90      4.00     2   3.0438
#           3       0.00000    152.30      2.00     2   3.1139
#           4       0.00000    750.40      4.00     2   3.2560
#           5       0.00000    368.10      4.00     2   3.2674
#           6       0.00000    473.40      2.00     2   3.3513
#           7       0.00000     68.93      1.00     2   3.5189
#           8       0.00000    460.70      2.00     2   3.7601
#           9       0.00000     35.14      8.00     3   3.9804
#          10       0.00000     31.08      4.00     3   4.3262
#          11       0.00000     29.93      8.00     3   4.3716
#          12       0.00000     28.85      8.00     3   4.4233
#          13       0.00000     29.80      8.00     3   4.4467
#          14       0.00000     19.72      4.00     3   4.4754
#          15       0.00000     20.71      8.00     3   4.4769
#          16       0.00000     31.00      8.00     3   4.5031
#          17       0.00000     39.75      8.00     3   4.5060
#          18       0.00000     37.63      8.00     3   4.5407
#          19       0.00000     12.69      4.00     3   4.5849
#          20       0.00000     60.41      2.00     2   4.6130
#          21       0.00000     45.08      4.00     3   4.7691
#          22       0.00000     54.53      2.00     2   4.7871
#          23       0.00000    153.50      4.00     2   4.8006
#          24       0.00000     19.71      4.00     3   4.8118
#          25       0.00000    263.30      4.00     2   4.9095
#          26       0.00000     13.04      4.00     3   4.9101
#          27       0.00000     10.33      4.00     4   4.9169
#          28       0.00000     13.87      2.00     4   4.9252
#          29       0.00000    160.30      4.00     2   4.9584
#          30       0.00000     48.79      2.00     2   4.9789
#          31       0.00000    139.30      4.00     2   4.9931
#          32       0.00000     21.33      8.00     3   5.0269
#          33       0.00000     18.27      8.00     3   5.0278
#          34       0.00000     46.73      2.00     2   5.0540
#          35       0.00000     21.84      8.00     3   5.0657
#          36       0.00000     10.97      4.00     3   5.1005
#          37       0.00000     12.08      4.00     4   5.1222
#          38       0.00000    325.40      4.00     2   5.1275
#          39       0.00000     16.60      8.00     3   5.1309
#          40       0.00000     21.15      8.00     3   5.1412
#          41       0.00000     32.36      8.00     3   5.1707
#          42       0.00000     22.15      8.00     3   5.1964
#          43       0.00000    219.40      4.00     2   5.2126
#          44       0.00000     18.20      8.00     4   5.2217
#          45       0.00000     53.68      8.00     3   5.2258
#          46       0.00000      7.98      8.00     3   5.2339
#          47       0.00000    106.00      2.00     2   5.2360
#          48       0.00000     22.32      8.00     3   5.2580
#          49       0.00000     24.78      8.00     3   5.2887
#          50       0.00000     36.49      8.00     3   5.2979
#          51       0.00000     19.70      8.00     3   5.3035
#          52       0.00000      9.85      4.00     3   5.3230
#          53       0.00000     20.32      8.00     3   5.3348
#          54       0.00000     37.93      8.00     3   5.3430
#          55       0.00000     19.28      8.00     3   5.3515
#          56       0.00000     38.81      8.00     3   5.3674
#          57       0.00000     19.40      8.00     3   5.3709
#          58       0.00000     25.21      8.00     3   5.3730
#          59       0.00000     23.92      8.00     3   5.4112
#          60       0.00000     22.42      8.00     3   5.4159
#          61       0.00000      9.48      4.00     3   5.4226
#          62       0.00000     63.52      8.00     3   5.4409
#          63       0.00000     20.08      8.00     3   5.4477
#          64       0.00000     16.30      8.00     3   5.4732
#          65       0.00000      6.28      4.00     4   5.4873
#          66       0.00000     21.72      8.00     3   5.4952
#          67       0.00000     46.64      8.00     3   5.5187
#          68       0.00000     34.76      4.00     3   5.5196
#          69       0.00000     47.27      8.00     3   5.5351
#          70       0.00000      4.98      4.00     4   5.5408
#          71       0.00000      7.84      4.00     4   5.5421
#          72       0.00000     24.99      8.00     3   5.5611
#          73       0.00000      7.92      8.00     3   5.5781
#          74       0.00000      5.70      4.00     4   5.6025
#          75       0.00000      7.39      4.00     3   5.6051
#          76       0.00000      5.46      4.00     4   5.6057
#          77       0.00000      5.57      4.00     4   5.6085
#          78       0.00000     29.38      8.00     3   5.6125
#          79       0.00000      8.68      4.00     4   5.6260
#          80       0.00000     11.14      8.00     3   5.6374
#          81       0.00000      5.24      4.00     4   5.6374
#          82       0.00000      5.30      4.00     4   5.6374
#          83       0.00000     11.81      4.00     3   5.6566
#          84       0.00000     31.56      8.00     3   5.6603
#          85       0.00000      5.12      1.00     4   5.6770
#          86       0.00000      4.93      4.00     4   5.6834
#          87       0.00000      7.85      4.00     4   5.7301
#          88       0.00000     17.80      8.00     3   5.7326
#          89       0.00000     56.08      2.00     2   5.7366
#          90       0.00000      5.96      8.00     3   5.7422
#          91       0.00000      7.69      4.00     4   5.7530
#          92       0.00000      8.85      4.00     4   5.7543
#          93       0.00000    155.10      4.00     2   5.7619
#          94       0.00000      4.56      4.00     4   5.7629
#          95       0.00000     86.44      4.00     2   5.7650
#          96       0.00000    222.40      8.00     3   5.7668
#          97       0.00000    167.00      4.00     4   5.7686
#          98       0.00000    396.80      8.00     3   5.7694
#          99       0.00000    285.30      4.00     4   5.7769
#         100       0.00000     14.83      8.00     3   5.7967
#         101       0.00000     80.12      4.00     2   5.8272
#         102       0.00000    205.40      8.00     3   5.8282
#         103       0.00000    154.50      4.00     4   5.8293
#         104       0.00000      9.45      4.00     3   5.8384
#         105       0.00000     12.53      4.00     3   5.8434
#         106       0.00000     28.36      8.00     3   5.8447
#         107       0.00000      6.92      4.00     4   5.8575
#         108       0.00000      8.52      8.00     3   5.8667
#         109       0.00000     20.18      8.00     3   5.8667
#         110       0.00000     21.96      8.00     3   5.8790
#         111       0.00000      7.04      8.00     4   5.8823
#         112       0.00000      6.57      8.00     4   5.8983
#         113       0.00000      7.59      4.00     4   5.9100
#         114       0.00000      5.94      8.00     4   5.9110
#         115       0.00000      8.01      4.00     3   5.9478
#         116       0.00000      8.46      8.00     3   5.9487
#         117       0.00000      9.58      4.00     4   5.9524
#         118       0.00000     10.74      1.00     2   5.9629
#         119       0.00000     21.45      2.00     3   5.9629
#         120       0.00000     10.57      1.00     4   5.9629
#         121       0.00000     19.01      8.00     3   5.9640
#         122       0.00000     45.86      8.00     3   5.9642
#         123       0.00000     12.28      8.00     3   5.9652
#         124       0.00000     10.56      8.00     3   5.9789
#         125       0.00000     39.75      8.00     3   5.9981
#         126       0.00000     35.11      8.00     3   6.0072
#         127       0.00000      6.09      4.00     3   6.0206
#         128       0.00000      6.21      8.00     3   6.0221
#         129       0.00000      5.58      8.00     3   6.0581
#         130       0.00000      6.78      8.00     3   6.0600
#         131       0.00000     32.08      8.00     3   6.0645
#         132       0.00000      6.18      8.00     5   6.0671
#         133       0.00000      6.36      8.00     3   6.0756
#         136       0.00000      7.40      8.00     3   6.0860
#         137       0.00000      7.64      4.00     4   6.0876
#         139       0.00000     14.12      4.00     4   6.0876
#         140       0.00000      4.15      4.00     4   6.0876
#         141       0.00000      5.08      8.00     3   6.0942
#         142       0.00000      8.10      8.00     4   6.0945
#         143       0.00000     13.94      8.00     3   6.0950
#         144       0.00000     10.20      8.00     4   6.1059
#         145       0.00000     13.84      8.00     3   6.1155
#         146       0.00000      6.45      8.00     3   6.1282
#         147       0.00000      5.61      8.00     3   6.1309
#         148       0.00000     18.66      4.00     3   6.1358
#         149       0.00000     35.96      2.00     2   6.1364
#         150       0.00000     79.12      4.00     3   6.1369
#         151       0.00000     51.67      2.00     4   6.1374
#         152       0.00000      5.71      8.00     3   6.1397
#         153       0.00000     56.35      4.00     2   6.1454
#         154       0.00000     15.59      8.00     3   6.1460
#         155       0.00000      6.15      8.00     3   6.1524
#         156       0.00000      6.49      8.00     4   6.1577
#         157       0.00000      6.58      8.00     4   6.1577
#         158       0.00000     49.91      2.00     2   6.1633
#         159       0.00000      5.64      8.00     3   6.1773
#         161       0.00000      9.22      2.00     3   6.1887
#         162       0.00000      7.57      8.00     3   6.2027
#         163       0.00000      8.25      8.00     3   6.2233
#         164       0.00000     18.03      8.00     3   6.2246
#         165       0.00000     13.90      2.00     4   6.2278
#         166       0.00000      4.59      2.00     4   6.2278
#         167       0.00000     22.47      8.00     3   6.2402
#         168       0.00000     20.95      8.00     3   6.2451
#         169       0.00000     44.40      8.00     3   6.2670
#         170       0.00000     20.46      4.00     3   6.2932
#         171       0.00000      9.09      8.00     4   6.2998
#         172       0.00000     14.57      8.00     4   6.2998
#         173       0.00000     12.37      8.00     4   6.2998
#         174       0.00000      8.87      8.00     4   6.2998
#         175       0.00000     13.82      4.00     3   6.3034
#         176       0.00000     17.05      4.00     3   6.3034
#         177       0.00000     58.16      8.00     4   6.3112
#         178       0.00000     26.60      8.00     4   6.3112
#         179       0.00000      4.64      8.00     4   6.3112
#         181       0.00000     25.99      8.00     3   6.3178
#         182       0.00000     10.93      8.00     3   6.3210
#         183       0.00000      9.27      8.00     4   6.3228
#         184       0.00000      5.73      8.00     3   6.3273
#         185       0.00000      7.31      4.00     3   6.3313
#         186       0.00000      7.44      4.00     4   6.3313
#         187       0.00000     18.17      8.00     3   6.3541
#         188       0.00000     56.74      8.00     3   6.3541
#         189       0.00000      8.55      1.00     2   6.3574
#         190       0.00000     10.20      2.00     3   6.3574
#         191       0.00000     34.12      2.00     3   6.3574
#         192       0.00000     21.12      2.00     4   6.3574
#         193       0.00000     34.35      1.00     4   6.3574
#         194       0.00000      4.92      8.00     3   6.3649
#         195       0.00000     24.58      8.00     3   6.3657
#         196       0.00000     25.92      8.00     4   6.3699
#         197       0.00000      9.97      8.00     4   6.3699
#         198       0.00000     15.24      8.00     4   6.3813
#         199       0.00000      5.96      8.00     4   6.3813
#         200       0.00000     12.89      8.00     3   6.3863
#         201       0.00000      6.48      8.00     3   6.3921
#         202       0.00000      5.51      4.00     3   6.3927
#         203       0.00000     16.91      8.00     4   6.3951
#         204       0.00000      9.26      8.00     4   6.3951
#         205       0.00000    118.00      4.00     2   6.4144
#         206       0.00000      5.08      8.00     3   6.4193
#         207       0.00000      7.47      2.00     3   6.4314
#         208       0.00000     10.08      8.00     3   6.4356
#         209       0.00000      8.89      8.00     4   6.4431
#         210       0.00000     10.25      8.00     3   6.4473
#         211       0.00000      5.61      8.00     3   6.4598
#         212       0.00000     14.06      8.00     4   6.4652
#         213       0.00000     14.64      4.00     3   6.4742
#         214       0.00000     34.29      4.00     2   6.4831
#         215       0.00000      4.01      8.00     3   6.5027
#         216       0.00000     38.83      4.00     3   6.5040
#         217       0.00000     78.99      4.00     4   6.5120
#         218       0.00000     17.18      4.00     4   6.5120
#         219       0.00000     12.03      8.00     4   6.5234
#         220       0.00000     11.98      8.00     4   6.5234
#         221       0.00000      6.80      8.00     4   6.5234
#         222       0.00000     15.93      8.00     3   6.5324
#         225       0.00000      4.57      4.00     4   6.5348
#         226       0.00000      9.22      4.00     4   6.5348
#         227       0.00000      8.13      8.00     3   6.5415
#         228       0.00000      8.02      8.00     4   6.5490
#         229       0.00000    149.60      4.00     2   6.5542
#         230       0.00000     10.15      8.00     4   6.5627
#         231       0.00000     19.63      4.00     4   6.5627
#         232       0.00000     23.50      8.00     3   6.5636
#         233       0.00000      4.22      8.00     3   6.5652
#         234       0.00000      4.37      8.00     4   6.5670
#         235       0.00000      5.83      8.00     3   6.5684
#         236       0.00000      6.43      8.00     3   6.5681
#         237       0.00000      6.82      8.00     3   6.5687
#         238       0.00000      7.54      8.00     4   6.5692
#         239       0.00000      6.91      8.00     4   6.5762
#         240       0.00000      7.86      8.00     4   6.5759
#         241       0.00000     37.09      4.00     3   6.5811
#         242       0.00000      5.53      8.00     3   6.5824
#         243       0.00000      8.75      8.00     3   6.5846
#         244       0.00000      9.68      8.00     4   6.5842
#         245       0.00000      4.26      8.00     3   6.5885
#         246       0.00000      4.26      8.00     4   6.5903
#         247       0.00000     12.54      8.00     3   6.5925
#         248       0.00000      5.33      8.00     3   6.5943
#         249       0.00000      7.17      8.00     3   6.5955
#         250       0.00000      7.44      8.00     4   6.5953
#         251       0.00000      7.22      8.00     4   6.5955
#         252       0.00000     11.14      8.00     3   6.5961
#         253       0.00000     13.27      4.00     4   6.5986
#         254       0.00000      8.39      8.00     3   6.5993
#         255       0.00000      6.71      8.00     3   6.6038
#         256       0.00000     12.32      8.00     4   6.6036
#         257       0.00000      7.39      8.00     4   6.6057
#         258       0.00000      7.88      8.00     4   6.6068
#         259       0.00000    107.20      8.00     3   6.6076
#         260       0.00000     13.85      8.00     4   6.6072
#         261       0.00000     10.82      8.00     4   6.6072
#         262       0.00000      9.65      8.00     3   6.6115
#         263       0.00000     13.59      8.00     4   6.6187
#         264       0.00000     12.32      8.00     4   6.6187
#         265       0.00000     12.70      8.00     4   6.6190
#         266       0.00000      6.41      8.00     3   6.6380
#         267       0.00000      8.62      8.00     4   6.6398
#         268       0.00000      4.60      8.00     3   6.6403
#         269       0.00000      5.21      8.00     3   6.6410
#         270       0.00000      6.95      8.00     3   6.6413
#         271       0.00000      4.46      8.00     4   6.6413
#         272       0.00000      7.93      8.00     4   6.6423
#         273       0.00000      7.66      8.00     4   6.6428
#         274       0.00000      9.98      8.00     4   6.6444
#         275       0.00000     19.81      2.00     2   6.6469
#         276       0.00000      5.25      8.00     3   6.6485
#         277       0.00000      4.93      8.00     4   6.6496
#         279       0.00000      4.64      8.00     4   6.6525
#         280       0.00000     16.88      8.00     3   6.6675
#         281       0.00000      9.75      8.00     3   6.6851
#         282       0.00000     24.98      8.00     3   6.6846
#         283       0.00000      5.87      8.00     3   6.6879
#         284       0.00000      6.69      8.00     3   6.6925
#         285       0.00000     12.80      8.00     3   6.6932
#         286       0.00000      7.33      8.00     4   6.6936
#         287       0.00000      4.55      8.00     3   6.6954
#         288       0.00000      4.56      8.00     4   6.6973
#         290       0.00000     14.06      8.00     4   6.7007
#         291       0.00000    103.50      2.00     2   6.7025
#         292       0.00000    269.40      4.00     3   6.7025
#         294       0.00000      9.69      2.00     4   6.7025
#         295       0.00000    191.20      2.00     4   6.7025
#         296       0.00000    128.00      8.00     3   6.7354
#         298       0.00000      6.53      8.00     4   6.7378
#         299       0.00000     24.19      8.00     3   6.7423
#         300       0.00000      5.72      8.00     3   6.7737
#         301       0.00000     12.60      8.00     3   6.7743
#         302       0.00000      5.86      8.00     4   6.7749
#         303       0.00000      4.71      4.00     4   6.7749
#         304       0.00000     12.90      8.00     3   6.7773
#         305       0.00000      6.41      8.00     3   6.7847
#         306       0.00000      5.62      8.00     4   6.7863
#         307       0.00000      7.17      8.00     3   6.7935
#         308       0.00000      9.57      4.00     4   6.7996
#         309       0.00000     41.89      4.00     4   6.8008
#         311       0.00000     14.39      8.00     4   6.8039
#         312       0.00000     16.41      8.00     4   6.8039
#         314       0.00000     11.21      8.00     3   6.8083
#         315       0.00000     71.84      4.00     2   6.8099
#         316       0.00000     39.37      4.00     2   6.8128
#         317       0.00000     11.29      8.00     4   6.8158
#         318       0.00000      9.81      8.00     3   6.8177
#         322       0.00000     13.29      8.00     3   6.8578
#         323       0.00000      5.81      8.00     3   6.8643
#         324       0.00000      5.84      8.00     4   6.8653
#         325       0.00000     10.44      8.00     4   6.8740
#         326       0.00000      7.19      4.00     3   6.8777
#         327       0.00000      9.70      8.00     3   6.8923
#         328       0.00000      4.65      8.00     3   6.9031
#         329       0.00000     52.65      4.00     2   6.9083
#         330       0.00000     46.45      4.00     4   6.9165
#         331       0.00000     31.87      8.00     3   6.9177
#         332       0.00000      6.50      4.00     3   6.9250
#         333       0.00000     10.66      8.00     3   6.9355
#         334       0.00000      4.19      8.00     3   6.9396
#         335       0.00000      5.20      8.00     4   6.9414
#         336       0.00000     16.54      8.00     3   6.9502
#         341       0.00000     18.73      8.00     3   6.9944
#         342       0.00000     26.68      2.00     2   6.9987
#         343       0.00000    103.00      4.00     3   6.9988
#         344       0.00000      7.11      2.00     4   6.9989
#         345       0.00000    101.20      2.00     4   6.9989
#         346       0.00000      7.38      4.00     3   7.0009
#         348       0.00000      4.17      8.00     3   7.0070
#         350       0.00000      7.58      8.00     3   7.0083
#         351       0.00000     39.41      4.00     2   7.0098
#         353       0.00000     10.02      8.00     3   7.0122
#         354       0.00000      9.12      8.00     4   7.0141
#         355       0.00000     10.36      8.00     4   7.0161
#         356       0.00000      8.36      8.00     4   7.0161
#         357       0.00000      9.70      4.00     4   7.0227
#         358       0.00000     21.22      8.00     3   7.0270
#         359       0.00000     10.17      8.00     4   7.0275
#         360       0.00000      4.56      8.00     4   7.0275
#         361       0.00000      7.07      4.00     4   7.0338
#         363       0.00000     10.62      8.00     3   7.0387
#         364       0.00000     13.42      8.00     3   7.0410
#         366       0.00000      5.51      8.00     4   7.0442
#         367       0.00000      7.57      8.00     4   7.0551
#         368       0.00000      4.10      8.00     3   7.0595
#         370       0.00000     10.52      8.00     4   7.0605
#         371       0.00000     17.68      8.00     3   7.0656
#         372       0.00000     76.69      4.00     2   7.0718
#         373       0.00000     15.48      8.00     3   7.0781
#         374       0.00000      6.38      2.00     3   7.0831
#         378       0.00000     18.59      8.00     3   7.0915
#         379       0.00000     61.52      4.00     2   7.1037
#         380       0.00000      9.15      8.00     4   7.1062
#         381       0.00000     43.36      4.00     3   7.1084
#         382       0.00000      6.99      8.00     3   7.1085
#         383       0.00000      6.09      8.00     3   7.1081
#         384       0.00000     18.04      8.00     3   7.1082
#         385       0.00000     84.99      4.00     4   7.1114
#         386       0.00000      4.41      4.00     4   7.1114
#         387       0.00000     12.17      8.00     4   7.1160
#         390       0.00000      5.28      8.00     3   7.1334
#         391       0.00000     13.69      8.00     3   7.1371
#         392       0.00000     98.90      4.00     2   7.1397
#         393       0.00000      5.20      8.00     4   7.1437
#         395       0.00000     13.60      8.00     3   7.1646
#         397       0.00000      6.88      8.00     3   7.1696
#         398       0.00000      5.80      8.00     4   7.1707
#         399       0.00000      4.04      8.00     4   7.1707
#         400       0.00000     37.02      8.00     3   7.1757
#         403       0.00000      9.06      8.00     3   7.1890
#         405       0.00000      5.79      8.00     4   7.2115
#         407       0.00000      6.87      8.00     5   7.2112
#         408       0.00000     94.14      4.00     2   7.2125
#         409       0.00000      5.11      8.00     3   7.2204
#         410       0.00000     57.07      8.00     3   7.2238
#         411       0.00000     22.91      8.00     3   7.2253
#         412       0.00000     12.42      8.00     3   7.2301
#         414       0.00000      6.78      8.00     3   7.2339
#         415       0.00000     10.36      8.00     3   7.2379
#         416       0.00000     21.07      8.00     3   7.2396
#         419       0.00000     12.49      8.00     3   7.2445
#         424       0.00000      9.90      4.00     4   7.2795
#         426       0.00000      9.35      8.00     4   7.2906
#         427       0.00000     19.53      8.00     3   7.2915
#         428       0.00000      9.94      4.00     4   7.3080
#         429       0.00000     48.20      4.00     2   7.3125
#         432       0.00000      7.32      8.00     4   7.3291
#         433       0.00000      7.91      8.00     3   7.3327
#         434       0.00000      6.06      8.00     3   7.3477
#         435       0.00000      4.03      8.00     3   7.3475
#         436       0.00000      5.35      8.00     3   7.3665
#         438       0.00000     24.74      8.00     3   7.3750
#         441       0.00000     27.70      8.00     3   7.3821
#         442       0.00000      6.00      8.00     3   7.3877
#         444       0.00000     30.23      8.00     3   7.3957
#         445       0.00000     15.10      8.00     3   7.3974
#         446       0.00000      5.04      8.00     3   7.3978
#         449       0.00000      4.03      4.00     4   7.4078
#         450       0.00000     24.22      8.00     3   7.4145
#         451       0.00000      6.66      8.00     3   7.4271
#         452       0.00000      6.52      8.00     4   7.4271
#         453       0.00000      4.38      8.00     4   7.4274
#   400/ 431 paths used
#  xsedge+50, used to normalize mu           7.2744E-04
#  -----------------------------------------------------------------------
#  omega    e    k    mu    mu0     chi     @#
    6209.977    -17.024   0.050  8.31191E-01  1.27046E+00 -2.02818E-01
    6210.005    -16.995   0.100  8.44564E-01  1.27998E+00 -1.99006E-01
    6210.053    -16.948   0.150  8.86100E-01  1.30882E+00 -1.87347E-01
    6210.120    -16.881   0.200  9.30529E-01  1.33766E+00 -1.75130E-01
    6210.205    -16.795   0.250  1.00824E+00  1.38607E+00 -1.54523E-01
    6210.310    -16.690   0.300  1.09253E+00  1.43448E+00 -1.33283E-01
    6210.434    -16.567   0.350  1.21308E+00  1.50132E+00 -1.05001E-01
    6210.577    -16.424   0.400  1.34125E+00  1.56817E+00 -7.75886E-02
    6210.739    -16.262   0.450  1.49938E+00  1.64930E+00 -4.74198E-02
    6210.920    -16.081   0.500  1.65827E+00  1.73044E+00 -2.12343E-02
    6211.120    -15.881   0.550  1.82718E+00  1.81831E+00  2.42646E-03
    6211.339    -15.662   0.600  1.98061E+00  1.90618E+00  1.90033E-02
    6211.577    -15.424   0.650  2.11178E+00  1.99035E+00  2.95794E-02
    6211.834    -15.166   0.700  2.21368E+00  2.07453E+00  3.24124E-02
    6212.110    -14.890   0.750  2.26648E+00  2.14359E+00  2.85462E-02
    6212.405    -14.595   0.800  2.29190E+00  2.21264E+00  1.83568E-02
    6212.720    -14.281   0.850  2.27078E+00  2.25591E+00  3.57834E-03
    6213.053    -13.947   0.900  2.25090E+00  2.29917E+00 -1.20847E-02
    6213.406    -13.595   0.950  2.21820E+00  2.30958E+00 -2.43459E-02
    6213.777    -13.223   1.000  2.22022E+00  2.31999E+00 -2.83983E-02
    6214.168    -12.833   1.050  2.23831E+00  2.29666E+00 -1.78369E-02
    6214.577    -12.423   1.100  2.29278E+00  2.27333E+00  6.41831E-03
    6215.006    -11.995   1.150  2.35062E+00  2.22200E+00  4.56408E-02
    6215.453    -11.547   1.200  2.40620E+00  2.17067E+00  9.03754E-02
    6215.920    -11.080   1.250  2.42511E+00  2.10125E+00  1.33277E-01
    6216.406    -10.594   1.300  2.40023E+00  2.03182E+00  1.63455E-01
    6216.911    -10.090   1.350  2.32050E+00  1.95469E+00  1.73290E-01
    6217.435     -9.566   1.400  2.19344E+00  1.87756E+00  1.60510E-01
    6217.978     -9.023   1.450  2.03510E+00  1.80101E+00  1.26307E-01
    6218.540     -8.461   1.500  1.86103E+00  1.72447E+00  7.85409E-02
    6219.121     -7.880   1.550  1.69540E+00  1.65380E+00  2.52457E-02
    6219.721     -7.280   1.600  1.54447E+00  1.58313E+00 -2.48385E-02
    6220.340     -6.661   1.650  1.42549E+00  1.52107E+00 -6.43748E-02
    6220.978     -6.022   1.700  1.33130E+00  1.45901E+00 -9.03723E-02
    6221.635     -5.365   1.750  1.26827E+00  1.40641E+00 -1.01771E-01
    6222.311     -4.689   1.800  1.22127E+00  1.35381E+00 -1.01830E-01
    6223.007     -3.994   1.850  1.19304E+00  1.31071E+00 -9.34473E-02
    6223.721     -3.279   1.900  1.16772E+00  1.26762E+00 -8.20905E-02
    6224.455     -2.546   1.950  1.15245E+00  1.23717E+00 -7.13243E-02
    6225.207     -1.793   2.000  1.13485E+00  1.20673E+00 -6.20265E-02
    6225.979     -1.022   2.050  1.13060E+00  1.18899E+00 -5.14674E-02
    6226.769     -0.231   2.100  1.12629E+00  1.17125E+00 -4.04985E-02
    6227.579      0.578   2.150  1.12279E+00  1.15352E+00 -2.82913E-02
    6228.407      1.407   2.200  1.11980E+00  1.13578E+00 -1.50478E-02
    6229.255      2.255   2.250  1.11274E+00  1.11534E+00 -2.49861E-03
    6230.122      3.122   2.300  1.10294E+00  1.09490E+00  7.86574E-03
    6231.008      4.007   2.350  1.08894E+00  1.07446E+00  1.44594E-02
    6231.913      4.912   2.400  1.07034E+00  1.05402E+00  1.66359E-02
    6232.837      5.836   2.450  1.05035E+00  1.03532E+00  1.55407E-02
    6233.780      6.779   2.500  1.02790E+00  1.01662E+00  1.18282E-02
    6234.742      7.741   2.550  1.00532E+00  9.97925E-01  7.87501E-03
    6235.723      8.722   2.600  9.84593E-01  9.79226E-01  5.80020E-03
    6236.723      9.722   2.650  9.72882E-01  9.68908E-01  4.31578E-03
    6237.742     10.741   2.700  9.62587E-01  9.58591E-01  4.36283E-03
    6238.780     11.780   2.750  9.53333E-01  9.48273E-01  5.55106E-03
    6239.837     12.837   2.800  9.44283E-01  9.37956E-01  6.97726E-03
    6240.914     13.913   2.850  9.41335E-01  9.36356E-01  5.47957E-03
    6242.009     15.009   2.900  9.38199E-01  9.34756E-01  3.78190E-03
    6243.123     16.123   2.950  9.35325E-01  9.33156E-01  2.37727E-03
    6244.257     17.257   3.000  9.33043E-01  9.31556E-01  1.62649E-03
    6245.409     18.409   3.050  9.32835E-01  9.34127E-01 -1.40457E-03
    6246.581     19.581   3.100  9.33360E-01  9.36699E-01 -3.60865E-03
    6247.772     20.771   3.150  9.35651E-01  9.39270E-01 -3.88826E-03
    6248.981     21.981   3.200  9.40110E-01  9.41842E-01 -1.85004E-03
    6250.210     23.210   3.250  9.48936E-01  9.47346E-01  1.68461E-03
    6251.458     24.457   3.300  9.59879E-01  9.52850E-01  7.38914E-03
    6252.725     25.724   3.350  9.72092E-01  9.58354E-01  1.43288E-02
    6254.011     27.010   3.400  9.84349E-01  9.63858E-01  2.12064E-02
    6255.315     28.315   3.450  9.95967E-01  9.69885E-01  2.67773E-02
    6256.639     29.639   3.500  1.00488E+00  9.75912E-01  2.95018E-02
    6257.982     30.982   3.550  1.00996E+00  9.81938E-01  2.83158E-02
    6259.344     32.344   3.600  1.01076E+00  9.87965E-01  2.28579E-02
    6260.726     33.725   3.650  1.00683E+00  9.93219E-01  1.35680E-02
    6262.126     35.125   3.700  1.00003E+00  9.98473E-01  1.54232E-03
    6263.545     36.545   3.750  9.92155E-01  1.00373E+00 -1.13968E-02
    6264.983     37.983   3.800  9.85302E-01  1.00898E+00 -2.31832E-02
    6266.441     39.440   3.850  9.78809E-01  1.01196E+00 -3.23667E-02
    6267.917     40.917   3.900  9.76418E-01  1.01494E+00 -3.75036E-02
    6269.412     42.412   3.950  9.78558E-01  1.01792E+00 -3.82139E-02
    6270.927     43.926   4.000  9.84841E-01  1.02090E+00 -3.49088E-02
    6272.460     45.460   4.050  9.91919E-01  1.02133E+00 -2.84847E-02
    6274.013     47.013   4.100  1.00081E+00  1.02175E+00 -2.03011E-02
    6275.585     48.584   4.150  1.01016E+00  1.02218E+00 -1.16582E-02
    6277.175     50.175   4.200  1.01900E+00  1.02261E+00 -3.50109E-03
    6278.785     51.785   4.250  1.02478E+00  1.02078E+00  3.88458E-03
    6280.414     53.413   4.300  1.02929E+00  1.01896E+00  1.00859E-02
    6282.062     55.061   4.350  1.03271E+00  1.01714E+00  1.52479E-02
    6283.728     56.728   4.400  1.03522E+00  1.01532E+00  1.95573E-02
    6285.414     58.414   4.450  1.03527E+00  1.01222E+00  2.27559E-02
    6287.119     60.119   4.500  1.03417E+00  1.00913E+00  2.48442E-02
    6288.843     61.843   4.550  1.03164E+00  1.00603E+00  2.55180E-02
    6290.586     63.586   4.600  1.02735E+00  1.00294E+00  2.44449E-02
    6292.348     65.348   4.650  1.02080E+00  9.99563E-01  2.13679E-02
    6294.130     67.129   4.700  1.01283E+00  9.96187E-01  1.68235E-02
    6295.930     68.929   4.750  1.00400E+00  9.92811E-01  1.13591E-02
    6297.749     70.749   4.800  9.94981E-01  9.89436E-01  5.65559E-03
    6299.587     72.587   4.850  9.87056E-01  9.86601E-01  4.65549E-04
    6301.445     74.444   4.900  9.79883E-01  9.83766E-01 -3.98800E-03
    6303.321     76.321   4.950  9.73298E-01  9.80932E-01 -7.86747E-03
    6305.217     78.216   5.000  9.66880E-01  9.78097E-01 -1.16010E-02
    6307.131     80.131   5.050  9.61309E-01  9.76260E-01 -1.54923E-02
    6309.065     82.064   5.100  9.55323E-01  9.74423E-01 -1.98298E-02
    6311.017     84.017   5.150  9.49294E-01  9.72586E-01 -2.42293E-02
    6312.989     85.989   5.200  9.44162E-01  9.70749E-01 -2.77104E-02
    6314.980     87.979   5.250  9.42319E-01  9.70036E-01 -2.88920E-02
    6316.990     89.989   5.300  9.43778E-01  9.69323E-01 -2.66305E-02
    6319.018     92.018   5.350  9.49172E-01  9.68610E-01 -2.02670E-02
    6321.066     94.066   5.400  9.58195E-01  9.67897E-01 -1.01165E-02
    6323.133     96.133   5.450  9.70409E-01  9.68088E-01  2.41768E-03
    6325.219     98.219   5.500  9.82708E-01  9.68279E-01  1.50106E-02
    6327.324    100.324   5.550  9.92740E-01  9.68470E-01  2.52189E-02
    6329.448    102.448   5.600  9.98587E-01  9.68661E-01  3.10599E-02
    6331.591    104.591   5.650  9.99898E-01  9.69452E-01  3.15366E-02
    6333.753    106.753   5.700  9.96396E-01  9.70243E-01  2.70372E-02
    6335.935    108.934   5.750  9.89601E-01  9.71033E-01  1.91568E-02
    6338.135    111.135   5.800  9.81688E-01  9.71824E-01  1.01566E-02
    6340.354    113.354   5.850  9.74231E-01  9.72121E-01  2.17102E-03
    6342.593    115.592   5.900  9.69406E-01  9.72417E-01 -3.09342E-03
    6344.850    117.850   5.950  9.67675E-01  9.72713E-01 -5.16993E-03
    6347.127    120.126   6.000  9.68387E-01  9.73010E-01 -4.73814E-03
    6349.422    122.422   6.050  9.70066E-01  9.73216E-01 -3.22380E-03
    6351.737    124.736   6.100  9.70968E-01  9.73422E-01 -2.50790E-03
    6354.070    127.070   6.150  9.69884E-01  9.73628E-01 -3.82147E-03
    6356.423    129.422   6.200  9.66489E-01  9.73835E-01 -7.48609E-03
    6358.795    131.794   6.250  9.61439E-01  9.74041E-01 -1.28240E-02
    6361.185    134.185   6.300  9.56139E-01  9.74247E-01 -1.84014E-02
    6363.595    136.595   6.350  9.52285E-01  9.74453E-01 -2.24956E-02
    6366.024    139.024   6.400  9.51355E-01  9.74660E-01 -2.36150E-02
    6368.472    141.472   6.450  9.54204E-01  9.74866E-01 -2.09079E-02
    6370.939    143.939   6.500  9.60861E-01  9.75072E-01 -1.43595E-02
    6373.425    146.425   6.550  9.68531E-01  9.73133E-01 -4.65962E-03
    6375.930    148.930   6.600  9.77701E-01  9.71193E-01  6.60404E-03
    6378.454    151.454   6.650  9.86670E-01  9.69254E-01  1.77129E-02
    6380.997    153.997   6.700  9.93803E-01  9.67314E-01  2.69992E-02
    6383.560    156.559   6.750  9.97747E-01  9.65375E-01  3.30678E-02
    6386.141    159.140   6.800  9.97577E-01  9.63436E-01  3.49518E-02
    6388.741    161.741   6.850  9.92906E-01  9.61496E-01  3.22261E-02
    6391.360    164.360   6.900  9.83959E-01  9.59557E-01  2.50911E-02
    6393.999    166.998   6.950  9.71601E-01  9.57617E-01  1.44101E-02
    6396.656    169.656   7.000  9.57282E-01  9.55678E-01  1.65711E-03
    6399.333    172.332   7.050  9.43381E-01  9.54111E-01 -1.11046E-02
    6402.028    175.028   7.100  9.31250E-01  9.52544E-01 -2.20823E-02
    6404.743    177.743   7.150  9.22467E-01  9.50977E-01 -2.96259E-02
    6407.477    180.476   7.200  9.17977E-01  9.49410E-01 -3.27302E-02
    6410.229    183.229   7.250  9.17866E-01  9.47843E-01 -3.12791E-02
    6413.001    186.001   7.300  9.21337E-01  9.46276E-01 -2.60753E-02
    6415.792    188.792   7.350  9.26941E-01  9.44709E-01 -1.86161E-02
    6418.602    191.601   7.400  9.32990E-01  9.43142E-01 -1.06583E-02
    6421.431    194.430   7.450  9.38064E-01  9.41575E-01 -3.69342E-03
    6424.279    197.278   7.500  9.41424E-01  9.40008E-01  1.49303E-03
    6427.146    200.145   7.550  9.43895E-01  9.39118E-01  5.04141E-03
    6430.032    203.031   7.600  9.45699E-01  9.38229E-01  7.89234E-03
    6432.937    205.936   7.650  9.47914E-01  9.37339E-01  1.11847E-02
    6435.861    208.861   7.700  9.51292E-01  9.36449E-01  1.57152E-02
    6438.804    211.804   7.750  9.55811E-01  9.35560E-01  2.14650E-02
    6441.767    214.766   7.800  9.60521E-01  9.34670E-01  2.74299E-02
    6444.748    217.747   7.850  9.63755E-01  9.33780E-01  3.18399E-02
    6447.748    220.748   7.900  9.63652E-01  9.32891E-01  3.27108E-02
    6450.768    223.767   7.950  9.58813E-01  9.32001E-01  2.85420E-02
    6453.806    226.806   8.000  9.48863E-01  9.31111E-01  1.89177E-02
    6456.864    229.863   8.050  9.34687E-01  9.30265E-01  4.71643E-03
    6459.940    232.940   8.100  9.18434E-01  9.29418E-01 -1.17240E-02
    6463.036    236.035   8.150  9.02874E-01  9.28571E-01 -2.74493E-02
    6466.150    239.150   8.200  8.90736E-01  9.27725E-01 -3.95423E-02
    6469.284    242.284   8.250  8.84038E-01  9.26878E-01 -4.58342E-02
    6472.437    245.436   8.300  8.83656E-01  9.26032E-01 -4.53725E-02
    6475.609    248.608   8.350  8.89224E-01  9.25185E-01 -3.85350E-02
    6478.800    251.799   8.400  8.99348E-01  9.24338E-01 -2.68004E-02
    6482.009    255.009   8.450  9.12032E-01  9.23492E-01 -1.22997E-02
    6485.238    258.238   8.500  9.25143E-01  9.22645E-01  2.68329E-03
    6488.486    261.486   8.550  9.36205E-01  9.21205E-01  1.61368E-02
    6491.754    264.753   8.600  9.44363E-01  9.19765E-01  2.65014E-02
    6495.040    268.039   8.650  9.48679E-01  9.18326E-01  3.27535E-02
    6498.345    271.344   8.700  9.48779E-01  9.16886E-01  3.44675E-02
    6501.669    274.669   8.750  9.44831E-01  9.15446E-01  3.18049E-02
    6505.012    278.012   8.800  9.37523E-01  9.14006E-01  2.54924E-02
    6508.375    281.374   8.850  9.28013E-01  9.12567E-01  1.67698E-02
    6511.756    284.756   8.900  9.17803E-01  9.11127E-01  7.25893E-03
    6515.156    288.156   8.950  9.08501E-01  9.09687E-01 -1.29225E-03
    6518.576    291.575   9.000  9.01478E-01  9.08247E-01 -7.38403E-03
    6522.014    295.014   9.050  8.97301E-01  9.06536E-01 -1.00950E-02
    6525.472    298.471   9.100  8.95911E-01  9.04824E-01 -9.76341E-03
    6528.949    301.948   9.150  8.96231E-01  9.03112E-01 -7.55402E-03
    6532.444    305.444   9.200  8.96633E-01  9.01400E-01 -5.24514E-03
    6535.959    308.958   9.250  8.95488E-01  8.99688E-01 -4.63181E-03
    6539.493    312.492   9.300  8.91779E-01  8.97977E-01 -6.84928E-03
    6543.045    316.045   9.350  8.85559E-01  8.96265E-01 -1.18564E-02
    6546.617    319.617   9.400  8.78072E-01  8.94553E-01 -1.82923E-02
    6550.208    323.208   9.450  8.71440E-01  8.92841E-01 -2.38060E-02
    6553.818    326.818   9.500  8.67991E-01  8.91130E-01 -2.57952E-02
    6557.447    330.447   9.550  8.69750E-01  8.89737E-01 -2.23242E-02
    6561.095    334.095   9.600  8.76800E-01  8.88344E-01 -1.29186E-02
    6564.762    337.762   9.650  8.87862E-01  8.86951E-01  1.02141E-03
    6568.449    341.448   9.700  9.00257E-01  8.85558E-01  1.65125E-02
    6572.154    345.153   9.750  9.10638E-01  8.84166E-01  2.97963E-02
    6575.878    348.878   9.800  9.15988E-01  8.82773E-01  3.74583E-02
    6579.621    352.621   9.850  9.14562E-01  8.81380E-01  3.74939E-02
    6583.384    356.383   9.900  9.06454E-01  8.79987E-01  2.99634E-02
    6587.165    360.165   9.950  8.93585E-01  8.78595E-01  1.70038E-02
    6590.966    363.965  10.000  8.79121E-01  8.77202E-01  2.18173E-03
    6594.785    367.785  10.050  8.66534E-01  8.75841E-01 -1.05946E-02
    6598.624    371.623  10.100  8.58422E-01  8.74480E-01 -1.83099E-02
    6602.481    375.481  10.150  8.55871E-01  8.73119E-01 -1.96986E-02
    6606.358    379.357  10.200  8.58169E-01  8.71758E-01 -1.55454E-02
    6610.254    383.253  10.250  8.63164E-01  8.70396E-01 -8.28743E-03
    6614.168    387.168  10.300  8.68088E-01  8.69035E-01 -1.08742E-03
    6618.102    391.102  10.350  8.70535E-01  8.67674E-01  3.28824E-03
    6622.055    395.055  10.400  8.69262E-01  8.66313E-01  3.39539E-03
    6626.027    399.026  10.450  8.64543E-01  8.64952E-01 -4.72112E-04
    6630.018    403.017  10.500  8.57964E-01  8.63591E-01 -6.50183E-03
    6634.028    407.027  10.550  8.51763E-01  8.62230E-01 -1.21136E-02
    6638.057    411.057  10.600  8.47971E-01  8.60869E-01 -1.49508E-02
    6642.105    415.105  10.650  8.47672E-01  8.59508E-01 -1.37435E-02
    6646.172    419.172  10.700  8.50640E-01  8.58147E-01 -8.73119E-03
    6650.258    423.258  10.750  8.55492E-01  8.56786E-01 -1.50660E-03
    6654.364    427.363  10.800  8.60259E-01  8.55425E-01  5.64098E-03
    6658.488    431.488  10.850  8.63146E-01  8.54064E-01  1.06169E-02
    6662.631    435.631  10.900  8.63207E-01  8.52702E-01  1.22996E-02
    6666.794    439.793  10.950  8.60643E-01  8.51341E-01  1.09092E-02
    6670.975    443.975  11.000  8.56649E-01  8.49980E-01  7.83498E-03
    6675.176    448.175  11.050  8.52714E-01  8.48422E-01  5.05162E-03
    6679.395    452.395  11.100  8.50303E-01  8.46865E-01  4.05538E-03
    6683.634    456.633  11.150  8.49926E-01  8.45307E-01  5.45809E-03
    6687.892    460.891  11.200  8.51021E-01  8.43749E-01  8.60882E-03
    6692.168    465.168  11.250  8.52168E-01  8.42191E-01  1.18334E-02
    6696.464    469.464  11.300  8.51659E-01  8.40633E-01  1.31021E-02
    6700.779    473.778  11.350  8.48200E-01  8.39075E-01  1.08636E-02
    6705.113    478.112  11.400  8.41472E-01  8.37517E-01  4.71692E-03
    6709.466    482.465  11.450  8.32326E-01  8.35959E-01 -4.34280E-03
    6713.838    486.837  11.500  8.22541E-01  8.34401E-01 -1.42024E-02
    6718.229    491.228  11.550  8.14234E-01  8.32844E-01 -2.23263E-02
    6722.639    495.638  11.600  8.09153E-01  8.31286E-01 -2.66047E-02
    6727.068    500.067  11.650  8.08111E-01  8.29728E-01 -2.60349E-02
    6731.516    504.515  11.700  8.10776E-01  8.28170E-01 -2.09904E-02
    6735.983    508.983  11.750  8.15862E-01  8.26612E-01 -1.29978E-02
    6740.469    513.469  11.800  8.21641E-01  8.25054E-01 -4.13488E-03
    6744.975    517.974  11.850  8.26543E-01  8.23496E-01  3.69882E-03
    6749.499    522.499  11.900  8.29629E-01  8.21938E-01  9.35323E-03
    6754.042    527.042  11.950  8.30752E-01  8.20380E-01  1.26380E-02
    6758.605    531.604  12.000  8.30396E-01  8.18823E-01  1.41308E-02
    6763.186    536.186  12.050  8.29447E-01  8.17352E-01  1.47931E-02
    6767.787    540.786  12.100  8.28258E-01  8.15881E-01  1.51644E-02
    6772.406    545.406  12.150  8.26897E-01  8.14410E-01  1.53257E-02
    6777.045    550.045  12.200  8.25012E-01  8.12939E-01  1.48422E-02
    6781.703    554.702  12.250  8.22081E-01  8.11468E-01  1.30707E-02
    6786.380    559.379  12.300  8.17768E-01  8.09997E-01  9.58715E-03
    6791.075    564.075  12.350  8.12182E-01  8.08526E-01  4.51820E-03
    6795.790    568.790  12.400  8.05929E-01  8.07055E-01 -1.39387E-03
    6800.524    573.524  12.450  7.99915E-01  8.05584E-01 -7.02987E-03
    6805.277    578.277  12.500  7.94993E-01  8.04113E-01 -1.13293E-02
    6810.049    583.049  12.550  7.91618E-01  8.02642E-01 -1.37177E-02
    6814.840    587.840  12.600  7.89684E-01  8.01171E-01 -1.43198E-02
    6819.650    592.650  12.650  7.88612E-01  7.99700E-01 -1.38465E-02
    6824.479    597.479  12.700  7.87678E-01  7.98229E-01 -1.31980E-02
    6829.328    602.327  12.750  7.86417E-01  7.96758E-01 -1.29583E-02
    6834.195    607.194  12.800  7.84912E-01  7.95287E-01 -1.30239E-02
    6839.081    612.081  12.850  7.83830E-01  7.93816E-01 -1.25581E-02
    6843.987    616.986  12.900  7.84148E-01  7.92345E-01 -1.03266E-02
    6848.911    621.911  12.950  7.86674E-01  7.90874E-01 -5.30003E-03
    6853.854    626.854  13.000  7.91559E-01  7.89403E-01  2.72585E-03
    6858.817    631.817  13.050  7.97920E-01  7.87785E-01  1.28396E-02
    6863.798    636.798  13.100  8.04200E-01  7.86167E-01  2.28916E-02
    6868.799    641.799  13.150  8.08300E-01  7.84548E-01  3.02110E-02
    6873.819    646.818  13.200  8.08391E-01  7.82930E-01  3.24516E-02
    6878.857    651.857  13.250  8.03580E-01  7.81312E-01  2.84409E-02
    6883.915    656.915  13.300  7.94292E-01  7.79694E-01  1.86832E-02
    6888.992    661.992  13.350  7.82216E-01  7.78075E-01  5.31059E-03
    6894.088    667.087  13.400  7.69828E-01  7.76457E-01 -8.51947E-03
    6899.203    672.202  13.450  7.59635E-01  7.74839E-01 -1.95786E-02
    6904.337    677.336  13.500  7.53428E-01  7.73221E-01 -2.55405E-02
    6909.490    682.489  13.550  7.51777E-01  7.71602E-01 -2.56361E-02
    6914.662    687.661  13.600  7.53950E-01  7.69984E-01 -2.07766E-02
    6919.853    692.852  13.650  7.58260E-01  7.68366E-01 -1.31225E-02
    6925.063    698.063  13.700  7.62691E-01  7.66748E-01 -5.27795E-03
    6930.292    703.292  13.750  7.65582E-01  7.65129E-01  5.89988E-04
    6935.540    708.540  13.800  7.66112E-01  7.63511E-01  3.39890E-03
    6940.808    713.807  13.850  7.64458E-01  7.61893E-01  3.35935E-03
    6946.094    719.094  13.900  7.61578E-01  7.60274E-01  1.71031E-03
    6951.400    724.399  13.950  7.58746E-01  7.58656E-01  1.17828E-04
    6956.724    729.724  14.000  7.57024E-01  7.57038E-01 -1.80517E-05
    6962.067    735.067  14.050  7.56914E-01  7.55469E-01  1.90790E-03
    6967.430    740.430  14.100  7.58087E-01  7.53900E-01  5.54125E-03
    6972.812    745.811  14.150  7.59659E-01  7.52330E-01  9.71713E-03
    6978.212    751.212  14.200  7.60496E-01  7.50761E-01  1.29345E-02
    6983.632    756.632  14.250  7.59646E-01  7.49192E-01  1.39179E-02
    6989.071    762.070  14.300  7.56668E-01  7.47623E-01  1.20682E-02
    6994.529    767.528  14.350  7.51779E-01  7.46054E-01  7.65454E-03
    7000.005    773.005  14.400  7.45754E-01  7.44485E-01  1.70039E-03
    7005.501    778.501  14.450  7.39660E-01  7.42915E-01 -4.36998E-03
    7011.016    784.016  14.500  7.34517E-01  7.41346E-01 -9.18712E-03
    7016.550    789.550  14.550  7.30999E-01  7.39777E-01 -1.18336E-02
    7022.103    795.103  14.600  7.29282E-01  7.38208E-01 -1.20589E-02
    7027.675    800.675  14.650  7.29059E-01  7.36639E-01 -1.02616E-02
    7033.267    806.266  14.700  7.29710E-01  7.35069E-01 -7.27183E-03
    7038.877    811.876  14.750  7.30538E-01  7.33500E-01 -4.02780E-03
    7044.506    817.506  14.800  7.31000E-01  7.31931E-01 -1.26879E-03
    7050.154    823.154  14.850  7.30841E-01  7.30362E-01  6.54606E-04
    7055.822    828.821  14.900  7.30109E-01  7.28793E-01  1.80051E-03
    7061.508    834.508  14.950  7.29046E-01  7.27224E-01  2.49915E-03
    7067.214    840.213  15.000  7.27931E-01  7.25654E-01  3.12814E-03
    7072.938    845.938  15.050  7.26847E-01  7.24012E-01  3.90444E-03
    7078.682    851.681  15.100  7.25800E-01  7.22370E-01  4.73461E-03
    7084.444    857.444  15.150  7.24548E-01  7.20728E-01  5.28536E-03
    7090.226    863.225  15.200  7.22780E-01  7.19085E-01  5.12410E-03
    7096.027    869.026  15.250  7.20279E-01  7.17443E-01  3.94211E-03
    7101.846    874.846  15.300  7.17060E-01  7.15801E-01  1.75377E-03
    7107.685    880.685  15.350  7.13428E-01  7.14158E-01 -1.01962E-03
    7113.543    886.543  15.400  7.09920E-01  7.12516E-01 -3.63367E-03
    7119.420    892.419  15.450  7.07125E-01  7.10874E-01 -5.25907E-03
    7125.316    898.315  15.500  7.05467E-01  7.09232E-01 -5.29352E-03
    7131.231    904.230  15.550  7.05017E-01  7.07589E-01 -3.62551E-03
    7137.165    910.164  15.600  7.05427E-01  7.05947E-01 -7.34220E-04
    7143.118    916.118  15.650  7.06024E-01  7.04305E-01  2.43451E-03
    7149.090    922.090  15.700  7.06036E-01  7.02662E-01  4.78802E-03
    7155.081    928.081  15.750  7.04879E-01  7.01020E-01  5.48956E-03
    7161.092    934.091  15.800  7.02384E-01  6.99378E-01  4.28583E-03
    7167.121    940.120  15.850  6.98869E-01  6.97736E-01  1.62001E-03
    7173.169    946.169  15.900  6.95026E-01  6.96093E-01 -1.52910E-03
    7179.237    952.236  15.950  6.91645E-01  6.94451E-01 -4.02923E-03
    7185.323    958.323  16.000  6.89301E-01  6.92809E-01 -5.04861E-03
    7191.429    964.428  16.050  6.88138E-01  6.91196E-01 -4.41189E-03
    7197.553    970.553  16.100  6.87775E-01  6.89584E-01 -2.61521E-03
    7203.697    976.696  16.150  6.87536E-01  6.87972E-01 -6.31623E-04
    7209.859    982.859  16.200  6.86729E-01  6.86359E-01  5.37670E-04
    7216.041    989.041  16.250  6.84973E-01  6.84747E-01  3.30068E-04
    7222.242    995.241  16.300  6.82387E-01  6.83134E-01 -1.09115E-03
    7228.462   1001.461  16.350  6.79563E-01  6.81522E-01 -2.86690E-03
    7234.700   1007.700  16.400  6.77321E-01  6.79910E-01 -3.79644E-03
    7240.958   1013.958  16.450  6.76338E-01  6.78297E-01 -2.88035E-03
    7247.235   1020.235  16.500  6.76803E-01  6.76685E-01  1.74358E-04
    7253.531   1026.531  16.550  6.78263E-01  6.75073E-01  4.71298E-03
    7259.846   1032.846  16.600  6.79729E-01  6.73460E-01  9.28271E-03
    7266.180   1039.180  16.650  6.80028E-01  6.71848E-01  1.21414E-02
    7272.534   1045.533  16.700  6.78259E-01  6.70236E-01  1.19388E-02
    7278.906   1051.905  16.750  6.74187E-01  6.68623E-01  8.29797E-03
    7285.297   1058.297  16.800  6.68383E-01  6.67011E-01  2.05181E-03
    7291.707   1064.707  16.850  6.62072E-01  6.65398E-01 -4.98462E-03
    7298.137   1071.136  16.900  6.56705E-01  6.63786E-01 -1.06382E-02
    7304.585   1077.585  16.950  6.53430E-01  6.62174E-01 -1.31684E-02
    7311.053   1084.052  17.000  6.52668E-01  6.60561E-01 -1.19173E-02
    7317.539   1090.539  17.050  6.53965E-01  6.58953E-01 -7.54871E-03
    7324.045   1097.044  17.100  6.56137E-01  6.57345E-01 -1.83397E-03
    7330.569   1103.569  17.150  6.57757E-01  6.55737E-01  3.07087E-03
    7337.113   1110.112  17.200  6.57708E-01  6.54129E-01  5.45550E-03
    7343.676   1116.675  17.250  6.55601E-01  6.52522E-01  4.70630E-03
    7350.257   1123.257  17.300  6.51904E-01  6.50914E-01  1.51752E-03
    7356.858   1129.858  17.350  6.47731E-01  6.49306E-01 -2.41841E-03
    7363.478   1136.477  17.400  6.44376E-01  6.47698E-01 -5.11415E-03
    7370.117   1143.116  17.450  6.42785E-01  6.46090E-01 -5.10161E-03
    7376.775   1149.774  17.500  6.43168E-01  6.44482E-01 -2.03267E-03
    7383.452   1156.451  17.550  6.44917E-01  6.42874E-01  3.16904E-03
    7390.148   1163.147  17.600  6.46834E-01  6.41266E-01  8.65960E-03
    7396.863   1169.862  17.650  6.47601E-01  6.39658E-01  1.23842E-02
    7403.597   1176.597  17.700  6.46278E-01  6.38050E-01  1.28612E-02
    7410.350   1183.350  17.750  6.42655E-01  6.36442E-01  9.73531E-03
    7417.122   1190.122  17.800  6.37312E-01  6.34834E-01  3.89324E-03
    7423.914   1196.913  17.850  6.31393E-01  6.33226E-01 -2.88801E-03
    7430.724   1203.724  17.900  6.26167E-01  6.31618E-01 -8.60704E-03
    7437.554   1210.553  17.950  6.22588E-01  6.30010E-01 -1.17505E-02
    7444.402   1217.402  18.000  6.20981E-01  6.28402E-01 -1.17789E-02
    7451.269   1224.269  18.050  6.20999E-01  6.26797E-01 -9.22548E-03
    7458.156   1231.156  18.100  6.21833E-01  6.25191E-01 -5.35659E-03
    7465.062   1238.061  18.150  6.22563E-01  6.23585E-01 -1.63390E-03
    7471.986   1244.986  18.200  6.22522E-01  6.21979E-01  8.70758E-04
    7478.930   1251.930  18.250  6.21511E-01  6.20373E-01  1.83031E-03
    7485.893   1258.892  18.300  6.19806E-01  6.18767E-01  1.67388E-03
    7492.874   1265.874  18.350  6.17953E-01  6.17161E-01  1.27942E-03
    7499.875   1272.875  18.400  6.16482E-01  6.15556E-01  1.50115E-03
    7506.895   1279.895  18.450  6.15638E-01  6.13950E-01  2.74380E-03
    7513.934   1286.934  18.500  6.15267E-01  6.12344E-01  4.76323E-03
    7520.992   1293.992  18.550  6.14882E-01  6.10738E-01  6.76918E-03
    7528.069   1301.069  18.600  6.13879E-01  6.09132E-01  7.77537E-03
    7535.165   1308.165  18.650  6.11814E-01  6.07526E-01  7.04103E-03
    7542.280   1315.280  18.700  6.08602E-01  6.05920E-01  4.41518E-03
    7549.415   1322.414  18.750  6.04582E-01  6.04315E-01  4.41118E-04
    7556.568   1329.567  18.800  6.00402E-01  6.02709E-01 -3.81934E-03
    7563.740   1336.740  18.850  5.96785E-01  6.01103E-01 -7.16700E-03
    7570.932   1343.931  18.900  5.94272E-01  5.99497E-01 -8.69712E-03
    7578.142   1351.142  18.950  5.93031E-01  5.97891E-01 -8.11189E-03
    7585.371   1358.371  19.000  5.92822E-01  5.96285E-01 -5.79669E-03
    7592.620   1365.619  19.050  5.93150E-01  5.94724E-01 -2.64109E-03
    7599.887   1372.887  19.100  5.93349E-01  5.93162E-01  3.14414E-04
    7607.174   1380.174  19.150  5.92943E-01  5.91601E-01  2.26479E-03
    7614.480   1387.479  19.200  5.91757E-01  5.90039E-01  2.90661E-03
    7621.804   1394.804  19.250  5.89942E-01  5.88477E-01  2.48467E-03
    7629.148   1402.148  19.300  5.87867E-01  5.86916E-01  1.61801E-03
    7636.511   1409.510  19.350  5.85935E-01  5.85354E-01  9.90394E-04
    7643.893   1416.892  19.400  5.84401E-01  5.83793E-01  1.03962E-03
    7651.294   1424.293  19.450  5.83265E-01  5.82231E-01  1.77391E-03
    7658.714   1431.713  19.500  5.82290E-01  5.80670E-01  2.78601E-03
    7666.153   1439.152  19.550  5.81109E-01  5.79108E-01  3.45153E-03
    7673.611   1446.610  19.600  5.79410E-01  5.77546E-01  3.22266E-03
    7681.088   1454.087  19.650  5.77075E-01  5.75985E-01  1.89110E-03
    7688.584   1461.583  19.700  5.74256E-01  5.74423E-01 -2.91269E-04
    7696.099   1469.099  19.750  5.71322E-01  5.72862E-01 -2.68529E-03
    7703.633   1476.633  19.800  5.68725E-01  5.71300E-01 -4.50268E-03
    7711.187   1484.186  19.850  5.66823E-01  5.69739E-01 -5.11350E-03
    7718.759   1491.759  19.900  5.65733E-01  5.68177E-01 -4.29844E-03
    7726.350   1499.350  19.950  5.65286E-01  5.66615E-01 -2.34364E-03
    7733.961   1506.960  20.000  5.65089E-01  5.65054E-01  6.19344E-05
