# # Once                                                         FEFF 9.6.4  
# # POT  SCF 100  6.0000   0, core-hole, AFOLP (folp(0)= 1.150)
# # Abs   Z=26 Rmt= 1.362 Rnm= 1.413 K  shell
# # Pot 1 Z=57 Rmt= 1.840 Rnm= 1.840
# # Pot 2 Z=14 Rmt= 1.352 Rnm= 1.403
# # Pot 3 Z=26 Rmt= 1.364 Rnm= 1.415
# # Gam_ch=1.309E+00 H-L exch Vi= 0.000E+00 Vr= 0.000E+00
# # Mu=-1.660E+01 kf=2.106E+00 Vint=-2.555E+01 Rs_int= 1.722
# # PATH  Rmax= 6.000,  Keep_limit= 0.00, Heap_limit 0.00  Pwcrit= 2.50%
#  S02=0.800  Temp=  20.00  Debye_temp= 370.00  Global_sig2= 0.00250
#  Energy zero shift, vr, vi    0.00000E+00   0.00000E+00
#  Curved wave amplitude ratio filter   4.000%
#     file         sig2 tot  cw amp ratio   deg  nlegs   reff  inp sig2
#           1       0.00532    100.00      1.00     2   2.4224
#           2       0.00535     97.64      1.00     2   2.4521
#           3       0.00535     97.37      1.00     2   2.4555
#           4       0.00536     96.86      1.00     2   2.4622
#           5       0.00537     96.09      1.00     2   2.4722
#           6       0.00546     90.08      1.00     2   2.5547
#           7       0.00546     89.78      1.00     2   2.5589
#           8       0.00547     89.57      1.00     2   2.5620
#           9       0.00548     88.51      1.00     2   2.5774
#          10       0.00563     78.68      1.00     2   2.7339
#          11       0.00494     77.37      1.00     2   3.3221
#          12       0.00494     76.71      1.00     2   3.3360
#          13       0.00599     48.04      1.00     2   3.4450
#          14       0.00574      9.74      2.00     3   3.7167
#          15       0.00575      8.48      2.00     3   3.7305
#          16       0.00575     10.22      2.00     3   3.7301
#          17       0.00575      9.77      2.00     3   3.7308
#          18       0.00575      9.77      2.00     3   3.7345
#          19       0.00575      9.87      2.00     3   3.7364
#          20       0.00576      9.41      2.00     3   3.7376
#          21       0.00576      9.33      2.00     3   3.7459
#          22       0.00578      9.06      2.00     3   3.7635
#          23       0.00583      9.17      2.00     3   3.8334
#          24       0.00583      9.31      2.00     3   3.8338
#          25       0.00584      9.33      2.00     3   3.8382
#          26       0.00584      8.39      2.00     3   3.8408
#          27       0.00602     36.23      1.00     2   3.8892
#          28       0.00775     24.72      1.00     2   4.0760
#          29       0.00600     31.54      1.00     2   4.1186
#          30       0.00774     23.68      1.00     2   4.1361
#          31       0.00602      8.03      2.00     3   4.1571
#          32       0.00603      7.71      2.00     3   4.1746
#          33       0.00773     22.93      1.00     2   4.1814
#          34       0.00599     30.19      1.00     2   4.1927
#          35       0.00599     60.35      2.00     2   4.1933
#          36       0.00773     22.60      1.00     2   4.2021
#          37       0.00599     29.93      1.00     2   4.2071
#          38       0.00599     29.64      1.00     2   4.2237
#          39       0.00599     29.61      1.00     2   4.2258
#          40       0.00599     29.45      1.00     2   4.2346
#          41       0.00599     29.40      1.00     2   4.2380
#          42       0.00605     10.13      2.00     3   4.3754
#          43       0.00606      6.51      2.00     3   4.3800
#          44       0.00606      9.71      2.00     3   4.3923
#          45       0.00606      9.62      2.00     3   4.3956
#          46       0.00594     25.06      1.00     2   4.5158
#          47       0.00594     49.96      2.00     2   4.5215
#          48       0.00605      9.70      2.00     3   4.5341
#          49       0.00594     24.70      1.00     2   4.5413
#          50       0.00607      5.86      2.00     3   4.5433
#          51       0.00604     20.92      4.00     3   4.5488
#          52       0.00608      5.80      2.00     3   4.5578
#          53       0.00761      6.73      2.00     3   4.5620
#          54       0.00762      6.71      2.00     3   4.5663
#          55       0.00593     24.18      1.00     2   4.5796
#          56       0.00604     10.23      2.00     3   4.5794
#          57       0.00765     17.50      1.00     2   4.5799
#          58       0.00605      6.36      2.00     3   4.5840
#          59       0.00762      6.56      2.00     3   4.5856
#          60       0.00604      9.96      2.00     3   4.5867
#          61       0.00605      6.43      2.00     3   4.5898
#          62       0.00762      6.53      2.00     3   4.5902
#          63       0.00593     24.04      1.00     2   4.5903
#          64       0.00760      6.55      2.00     3   4.5918
#          65       0.00604      9.97      2.00     3   4.5929
#          66       0.00606      9.38      2.00     3   4.5980
#          67       0.00606      6.14      2.00     3   4.6004
#          68       0.00760      6.42      2.00     3   4.6091
#          69       0.00606      9.11      2.00     3   4.6116
#          70       0.00606      6.01      2.00     3   4.6198
#          71       0.00606      9.00      2.00     3   4.6201
#          72       0.00605      9.49      2.00     3   4.6196
#          73       0.00606      8.95      2.00     3   4.6234
#          74       0.00605      9.24      2.00     3   4.6244
#          75       0.00764     17.00      1.00     2   4.6249
#          76       0.00605      6.19      2.00     3   4.6298
#          77       0.00605      6.34      2.00     3   4.6356
#          78       0.00606      8.94      2.00     3   4.6453
#          79       0.00608      5.48      2.00     3   4.6485
#          80       0.00607      5.51      2.00     3   4.6954
#          81       0.00597     11.86      2.00     3   4.7064
#          82       0.00598     13.93      2.00     3   4.7196
#          83       0.00598     13.95      2.00     3   4.7196
#          84       0.00597     11.99      2.00     3   4.7205
#          85       0.00599     13.28      2.00     3   4.7333
#          86       0.00598     13.84      2.00     3   4.7342
#          87       0.00761      6.89      2.00     3   4.7786
#          88       0.00598     12.85      2.00     3   4.7942
#          89       0.00598     12.49      2.00     3   4.8006
#          90       0.00598      9.89      2.00     3   4.8012
#          91       0.00759      6.88      2.00     3   4.8135
#          92       0.00598      9.87      2.00     3   4.8267
#          93       0.00590     20.94      1.00     2   4.8414
#          94       0.01377      6.38      1.00     4   4.8448
#          95       0.00590     39.48      2.00     3   4.8619
#          96       0.00590     22.00      2.00     3   4.8829
#          97       0.00597     21.26      1.00     4   4.8825
#         100       0.01390      6.06      1.00     4   4.9042
#         101       0.00589     20.22      1.00     2   4.9066
#         102       0.00589     50.01      2.00     3   4.9068
#         103       0.00589     39.80      1.00     4   4.9069
#         104       0.00599     16.02      2.00     4   4.9077
#         105       0.01392      6.03      1.00     4   4.9111
#         106       0.01395      5.96      1.00     4   4.9244
#         107       0.00589     19.90      1.00     2   4.9365
#         108       0.01399      5.86      1.00     4   4.9444
#         109       0.00589     19.68      1.00     2   4.9571
#         110       0.00589     19.64      1.00     2   4.9607
#         111       0.00588     19.61      1.00     2   4.9642
#         112       0.00590     32.72      2.00     3   4.9660
#         113       0.00588     19.57      1.00     2   4.9678
#         114       0.00589     37.60      2.00     3   4.9826
#         115       0.00589     19.97      2.00     3   4.9867
#         116       0.00589     32.22      2.00     3   4.9895
#         117       0.00590     29.10      2.00     3   4.9932
#         118       0.00600     14.65      1.00     4   4.9955
#         119       0.00589     31.61      2.00     3   4.9985
#         120       0.00596     21.04      1.00     4   5.0009
#         122       0.00600     13.49      2.00     4   5.0169
#         123       0.00600     14.45      1.00     4   5.0183
#         124       0.00589     19.59      2.00     3   5.0202
#         125       0.00600     13.84      1.00     4   5.0292
#         126       0.00602     11.19      1.00     4   5.0293
#         128       0.00600     13.29      2.00     4   5.0496
#         129       0.00587     18.38      1.00     2   5.0869
#         130       0.01434      5.11      1.00     4   5.1093
#         131       0.01436      5.07      1.00     4   5.1178
#         132       0.01437      5.05      1.00     4   5.1241
#         133       0.00589     25.82      2.00     3   5.1249
#         134       0.00588     18.25      2.00     3   5.1266
#         135       0.00488     27.82      1.00     2   5.1307
#         136       0.00488     27.56      1.00     2   5.1493
#         137       0.01443      4.93      1.00     4   5.1548
#         138       0.00599     12.18      2.00     4   5.1563
#         139       0.00603      9.40      1.00     4   5.1629
#         140       0.00586     16.41      1.00     2   5.3060
#         141       0.00586     16.12      1.00     2   5.3411
#         142       0.00510      4.95      2.00     3   5.3630
#         143       0.00509      5.05      2.00     3   5.3644
#         144       0.00586     31.71      2.00     2   5.3743
#         145       0.00506      5.45      2.00     3   5.4415
#         146       0.00505      5.64      2.00     3   5.4606
#         147       0.00505      8.76      2.00     3   5.4621
#         149       0.00505      8.54      2.00     3   5.4917
#         150       0.00508      4.94      2.00     3   5.4994
#         151       0.00507      8.31      2.00     3   5.5110
#         152       0.00508      8.22      2.00     3   5.5108
#         153       0.00508      4.88      2.00     3   5.5391
#         154       0.00578      8.80      4.00     3   5.5828
#         155       0.00600      5.41      2.00     3   5.6102
#         156       0.00512      4.04      2.00     3   5.6166
#         157       0.00512      4.01      2.00     3   5.6285
#         158       0.00600      5.61      2.00     3   5.6641
#         159       0.00601      4.30      2.00     3   5.6774
#         160       0.00600      5.06      2.00     3   5.6870
#         161       0.00600      5.66      2.00     3   5.6870
#         162       0.00600      4.48      2.00     3   5.6969
#         163       0.00587     13.48      1.00     2   5.7016
#         164       0.00588     13.35      1.00     2   5.7221
#         165       0.00588     13.29      1.00     2   5.7311
#         166       0.00588     13.16      1.00     2   5.7511
#         167       0.00588     13.13      1.00     2   5.7564
#         168       0.00588     12.97      1.00     2   5.7825
#         169       0.00592      8.07      2.00     3   5.8007
#         170       0.00592      9.41      2.00     3   5.8056
#         171       0.00588     12.61      1.00     2   5.8405
#         172       0.00489     19.12      2.00     3   5.8787
#         173       0.00490     12.72      2.00     4   5.8810
#         174       0.00489     19.29      1.00     2   5.8882
#         175       0.00589     12.31      1.00     2   5.8916
#         176       0.00489     36.72      2.00     3   5.8913
#         177       0.00489     19.24      1.00     2   5.8944
#         178       0.00489     18.84      2.00     3   5.8944
#         179       0.00490     22.20      1.00     4   5.8943
#         181       0.00490     12.38      2.00     4   5.8980
#         182       0.00489     35.74      2.00     3   5.8991
#         183       0.00491     20.93      1.00     4   5.9038
#         184       0.00589     12.11      1.00     2   5.9251
#         185       0.00589     12.01      1.00     2   5.9434
#         186       0.00590     11.82      1.00     2   5.9766
#         187       0.00593      8.52      2.00     3   5.9813
#         188       0.00590     11.78      1.00     2   5.9842
#         189       0.00760      7.69      1.00     2   5.9998
#   183/ 189 paths used
#  xsedge+50, used to normalize mu           3.1734E-04
#  -----------------------------------------------------------------------
#  omega    e    k    mu    mu0     chi     @#
    7120.854    -16.586   0.050  2.01092E-01  3.30443E-01 -2.22111E-01
    7120.882    -16.558   0.100  2.10265E-01  3.36246E-01 -2.15952E-01
    7120.930    -16.510   0.150  2.37261E-01  3.53453E-01 -1.98135E-01
    7120.996    -16.443   0.200  2.64405E-01  3.70661E-01 -1.80251E-01
    7121.082    -16.358   0.250  3.05976E-01  3.96838E-01 -1.52842E-01
    7121.187    -16.253   0.300  3.47356E-01  4.23014E-01 -1.26208E-01
    7121.311    -16.129   0.350  3.94514E-01  4.52041E-01 -9.48795E-02
    7121.454    -15.986   0.400  4.40201E-01  4.81067E-01 -6.66496E-02
    7121.616    -15.824   0.450  4.82335E-01  5.07394E-01 -4.03082E-02
    7121.797    -15.643   0.500  5.20967E-01  5.33721E-01 -2.02370E-02
    7121.997    -15.443   0.550  5.50899E-01  5.56022E-01 -8.00158E-03
    7122.216    -15.224   0.600  5.75321E-01  5.78323E-01 -4.61664E-03
    7122.454    -14.986   0.650  5.89196E-01  5.97611E-01 -1.27185E-02
    7122.711    -14.729   0.700  5.96476E-01  6.16898E-01 -3.03502E-02
    7122.987    -14.453   0.750  5.93011E-01  6.34347E-01 -6.03280E-02
    7123.282    -14.157   0.800  5.83204E-01  6.51796E-01 -9.83430E-02
    7123.597    -13.843   0.850  5.63347E-01  6.68123E-01 -1.47470E-01
    7123.930    -13.510   0.900  5.41366E-01  6.84450E-01 -1.97765E-01
    7124.283    -13.157   0.950  5.20421E-01  7.00024E-01 -2.43729E-01
    7124.654    -12.786   1.000  5.02726E-01  7.15598E-01 -2.83720E-01
    7125.045    -12.395   1.050  4.88343E-01  7.30510E-01 -3.17072E-01
    7125.454    -11.986   1.100  4.79086E-01  7.45423E-01 -3.42673E-01
    7125.883    -11.557   1.150  4.74696E-01  7.59630E-01 -3.60456E-01
    7126.330    -11.109   1.200  4.79419E-01  7.73836E-01 -3.66312E-01
    7126.797    -10.643   1.250  4.93416E-01  7.87227E-01 -3.59864E-01
    7127.283    -10.157   1.300  5.18667E-01  8.00617E-01 -3.40042E-01
    7127.788     -9.652   1.350  5.54279E-01  8.13059E-01 -3.07660E-01
    7128.312     -9.128   1.400  5.99970E-01  8.25500E-01 -2.64372E-01
    7128.855     -8.585   1.450  6.53246E-01  8.36867E-01 -2.12517E-01
    7129.417     -8.023   1.500  7.11763E-01  8.48235E-01 -1.55971E-01
    7129.998     -7.442   1.550  7.71720E-01  8.58411E-01 -9.79835E-02
    7130.598     -6.842   1.600  8.29882E-01  8.68586E-01 -4.32684E-02
    7131.217     -6.223   1.650  8.82474E-01  8.77501E-01  5.50641E-03
    7131.855     -5.585   1.700  9.27123E-01  8.86416E-01  4.46604E-02
    7132.512     -4.928   1.750  9.62095E-01  8.94022E-01  7.41086E-02
    7133.188     -4.251   1.800  9.86280E-01  9.01627E-01  9.14519E-02
    7133.884     -3.556   1.850  1.00161E+00  9.07924E-01  1.00590E-01
    7134.598     -2.842   1.900  1.00873E+00  9.14220E-01  1.00861E-01
    7135.332     -2.108   1.950  1.01155E+00  9.19175E-01  9.81276E-02
    7136.084     -1.356   2.000  1.01168E+00  9.24129E-01  9.25784E-02
    7136.856     -0.584   2.050  1.00987E+00  9.27374E-01  8.70112E-02
    7137.646      0.206   2.100  1.00715E+00  9.30620E-01  8.05199E-02
    7138.456      1.016   2.150  1.00352E+00  9.33865E-01  7.30993E-02
    7139.284      1.844   2.200  9.98319E-01  9.37110E-01  6.40709E-02
    7140.132      2.692   2.250  9.86958E-01  9.37666E-01  5.16388E-02
    7140.999      3.559   2.300  9.71478E-01  9.38223E-01  3.48672E-02
    7141.885      4.445   2.350  9.52910E-01  9.38779E-01  1.48282E-02
    7142.790      5.350   2.400  9.33457E-01  9.39335E-01 -6.17324E-03
    7143.714      6.274   2.450  9.18136E-01  9.41995E-01 -2.50496E-02
    7144.656      7.217   2.500  9.08519E-01  9.44654E-01 -3.79284E-02
    7145.619      8.179   2.550  9.06673E-01  9.47314E-01 -4.26463E-02
    7146.600      9.160   2.600  9.12552E-01  9.49974E-01 -3.92580E-02
    7147.600     10.160   2.650  9.21147E-01  9.53796E-01 -3.41488E-02
    7148.619     11.179   2.700  9.32641E-01  9.57619E-01 -2.60465E-02
    7149.657     12.217   2.750  9.45351E-01  9.61441E-01 -1.67289E-02
    7150.714     13.274   2.800  9.57633E-01  9.65264E-01 -7.90983E-03
    7151.791     14.351   2.850  9.65796E-01  9.67506E-01 -1.76704E-03
    7152.886     15.446   2.900  9.72196E-01  9.69747E-01  2.52581E-03
    7154.000     16.561   2.950  9.76921E-01  9.71988E-01  5.07348E-03
    7155.134     17.694   3.000  9.80570E-01  9.74230E-01  6.50412E-03
    7156.286     18.847   3.050  9.81924E-01  9.75933E-01  6.13114E-03
    7157.458     20.018   3.100  9.83641E-01  9.77637E-01  6.13028E-03
    7158.649     21.209   3.150  9.86831E-01  9.79340E-01  7.62930E-03
    7159.858     22.418   3.200  9.92254E-01  9.81044E-01  1.13912E-02
    7161.087     23.647   3.250  9.98088E-01  9.81996E-01  1.63158E-02
    7162.335     24.895   3.300  1.00615E+00  9.82948E-01  2.34769E-02
    7163.602     26.162   3.350  1.01582E+00  9.83900E-01  3.22194E-02
    7164.888     27.448   3.400  1.02595E+00  9.84852E-01  4.13970E-02
    7166.192     28.753   3.450  1.03481E+00  9.85876E-01  4.92091E-02
    7167.516     30.076   3.500  1.04174E+00  9.86901E-01  5.50641E-02
    7168.859     31.420   3.550  1.04561E+00  9.87925E-01  5.78239E-02
    7170.221     32.782   3.600  1.04564E+00  9.88950E-01  5.67293E-02
    7171.603     34.163   3.650  1.04112E+00  9.89542E-01  5.15254E-02
    7173.003     35.563   3.700  1.03285E+00  9.90135E-01  4.26020E-02
    7174.422     36.982   3.750  1.02148E+00  9.90728E-01  3.06227E-02
    7175.860     38.420   3.800  1.00802E+00  9.91320E-01  1.65998E-02
    7177.318     39.878   3.850  9.93788E-01  9.92252E-01  1.52499E-03
    7178.794     41.354   3.900  9.79727E-01  9.93183E-01 -1.33366E-02
    7180.289     42.849   3.950  9.66794E-01  9.94115E-01 -2.70366E-02
    7181.804     44.364   4.000  9.55643E-01  9.95047E-01 -3.89357E-02
    7183.337     45.897   4.050  9.46424E-01  9.95849E-01 -4.87676E-02
    7184.890     47.450   4.100  9.39516E-01  9.96651E-01 -5.62941E-02
    7186.462     49.022   4.150  9.34820E-01  9.97453E-01 -6.16241E-02
    7188.052     50.612   4.200  9.32201E-01  9.98255E-01 -6.48976E-02
    7189.662     52.222   4.250  9.31884E-01  9.99021E-01 -6.58804E-02
    7191.291     53.851   4.300  9.33845E-01  9.99787E-01 -6.46296E-02
    7192.939     55.499   4.350  9.38236E-01  1.00055E+00 -6.10021E-02
    7194.605     57.165   4.400  9.45207E-01  1.00132E+00 -5.48616E-02
    7196.291     58.851   4.450  9.55122E-01  1.00209E+00 -4.58763E-02
    7197.996     60.556   4.500  9.67380E-01  1.00285E+00 -3.46210E-02
    7199.720     62.280   4.550  9.81382E-01  1.00362E+00 -2.16836E-02
    7201.463     64.023   4.600  9.96279E-01  1.00438E+00 -7.89626E-03
    7203.225     65.786   4.650  1.01083E+00  1.00480E+00  5.86912E-03
    7205.007     67.567   4.700  1.02421E+00  1.00523E+00  1.84814E-02
    7206.807     69.367   4.750  1.03573E+00  1.00565E+00  2.92718E-02
    7208.626     71.186   4.800  1.04506E+00  1.00607E+00  3.79204E-02
    7210.464     73.025   4.850  1.05195E+00  1.00625E+00  4.44504E-02
    7212.322     74.882   4.900  1.05705E+00  1.00643E+00  4.92357E-02
    7214.198     76.758   4.950  1.06084E+00  1.00661E+00  5.27386E-02
    7216.094     78.654   5.000  1.06368E+00  1.00679E+00  5.53251E-02
    7218.008     80.568   5.050  1.06529E+00  1.00660E+00  5.71026E-02
    7219.942     82.502   5.100  1.06578E+00  1.00641E+00  5.77877E-02
    7221.894     84.454   5.150  1.06453E+00  1.00622E+00  5.67731E-02
    7223.866     86.426   5.200  1.06074E+00  1.00603E+00  5.32902E-02
    7225.857     88.417   5.250  1.05319E+00  1.00549E+00  4.65021E-02
    7227.867     90.427   5.300  1.04197E+00  1.00495E+00  3.61215E-02
    7229.895     92.455   5.350  1.02728E+00  1.00441E+00  2.23403E-02
    7231.943     94.503   5.400  1.00998E+00  1.00387E+00  5.97132E-03
    7234.010     96.570   5.450  9.91074E-01  1.00302E+00 -1.16940E-02
    7236.096     98.656   5.500  9.72771E-01  1.00217E+00 -2.88150E-02
    7238.201    100.761   5.550  9.56837E-01  1.00133E+00 -4.36521E-02
    7240.325    102.885   5.600  9.44730E-01  1.00048E+00 -5.47662E-02
    7242.468    105.028   5.650  9.37231E-01  9.99363E-01 -6.11231E-02
    7244.630    107.191   5.700  9.34669E-01  9.98248E-01 -6.26346E-02
    7246.812    109.372   5.750  9.36530E-01  9.97132E-01 -5.97872E-02
    7249.012    111.572   5.800  9.41809E-01  9.96016E-01 -5.35542E-02
    7251.231    113.791   5.850  9.49260E-01  9.94789E-01 -4.50517E-02
    7253.470    116.030   5.900  9.57625E-01  9.93561E-01 -3.56155E-02
    7255.727    118.287   5.950  9.65956E-01  9.92334E-01 -2.61842E-02
    7258.004    120.564   6.000  9.73677E-01  9.91107E-01 -1.73289E-02
    7260.299    122.859   6.050  9.80600E-01  9.89885E-01 -9.24601E-03
    7262.614    125.174   6.100  9.86705E-01  9.88664E-01 -1.95373E-03
    7264.947    127.507   6.150  9.92162E-01  9.87442E-01  4.71449E-03
    7267.300    129.860   6.200  9.97101E-01  9.86220E-01  1.08835E-02
    7269.672    132.232   6.250  1.00152E+00  9.84999E-01  1.65533E-02
    7272.062    134.622   6.300  1.00530E+00  9.83777E-01  2.15901E-02
    7274.472    137.032   6.350  1.00821E+00  9.82556E-01  2.57810E-02
    7276.901    139.461   6.400  1.01007E+00  9.81334E-01  2.89226E-02
    7279.349    141.909   6.450  1.01077E+00  9.80112E-01  3.09034E-02
    7281.816    144.376   6.500  1.01034E+00  9.78891E-01  3.17470E-02
    7284.302    146.862   6.550  1.00910E+00  9.77935E-01  3.14965E-02
    7286.807    149.367   6.600  1.00708E+00  9.76980E-01  3.04594E-02
    7289.331    151.891   6.650  1.00451E+00  9.76024E-01  2.88618E-02
    7291.874    154.434   6.700  1.00149E+00  9.75069E-01  2.68009E-02
    7294.436    156.997   6.750  9.97929E-01  9.74113E-01  2.41911E-02
    7297.018    159.578   6.800  9.93595E-01  9.73157E-01  2.07853E-02
    7299.618    162.178   6.850  9.88177E-01  9.72202E-01  1.62673E-02
    7302.237    164.798   6.900  9.81437E-01  9.71246E-01  1.03901E-02
    7304.876    167.436   6.950  9.73343E-01  9.70291E-01  3.11601E-03
    7307.533    170.093   7.000  9.64161E-01  9.69335E-01 -5.28821E-03
    7310.210    172.770   7.050  9.54627E-01  9.68594E-01 -1.42903E-02
    7312.905    175.465   7.100  9.45356E-01  9.67852E-01 -2.30434E-02
    7315.620    178.180   7.150  9.37294E-01  9.67111E-01 -3.05760E-02
    7318.354    180.914   7.200  9.31339E-01  9.66369E-01 -3.59611E-02
    7321.106    183.666   7.250  9.28158E-01  9.65628E-01 -3.85081E-02
    7323.878    186.438   7.300  9.28040E-01  9.64886E-01 -3.79090E-02
    7326.669    189.229   7.350  9.30844E-01  9.64145E-01 -3.42997E-02
    7329.479    192.039   7.400  9.36032E-01  9.63403E-01 -2.82232E-02
    7332.308    194.868   7.450  9.42795E-01  9.62661E-01 -2.05079E-02
    7335.156    197.716   7.500  9.50213E-01  9.61920E-01 -1.20978E-02
    7338.023    200.583   7.550  9.57416E-01  9.61083E-01 -3.79504E-03
    7340.909    203.469   7.600  9.63729E-01  9.60246E-01  3.60838E-03
    7343.814    206.374   7.650  9.68679E-01  9.59410E-01  9.61636E-03
    7346.738    209.298   7.700  9.72055E-01  9.58573E-01  1.40056E-02
    7349.681    212.241   7.750  9.73875E-01  9.57736E-01  1.67874E-02
    7352.644    215.204   7.800  9.74311E-01  9.56899E-01  1.81351E-02
    7355.625    218.185   7.850  9.73614E-01  9.56062E-01  1.83045E-02
    7358.625    221.185   7.900  9.72051E-01  9.55226E-01  1.75707E-02
    7361.645    224.205   7.950  9.69874E-01  9.54389E-01  1.61922E-02
    7364.683    227.243   8.000  9.67306E-01  9.53552E-01  1.44011E-02
    7367.741    230.301   8.050  9.64354E-01  9.52490E-01  1.24390E-02
    7370.817    233.377   8.100  9.61430E-01  9.51427E-01  1.05023E-02
    7373.913    236.473   8.150  9.58677E-01  9.50365E-01  8.73869E-03
    7377.027    239.588   8.200  9.56168E-01  9.49302E-01  7.22765E-03
    7380.161    242.721   8.250  9.53892E-01  9.48240E-01  5.95898E-03
    7383.314    245.874   8.300  9.51746E-01  9.47178E-01  4.82312E-03
    7386.486    249.046   8.350  9.49545E-01  9.46115E-01  3.62630E-03
    7389.677    252.237   8.400  9.47070E-01  9.45053E-01  2.13541E-03
    7392.886    255.447   8.450  9.44129E-01  9.43990E-01  1.47235E-04
    7396.115    258.676   8.500  9.40634E-01  9.42928E-01 -2.43456E-03
    7399.363    261.924   8.550  9.36450E-01  9.41699E-01 -5.57908E-03
    7402.631    265.191   8.600  9.32014E-01  9.40470E-01 -8.99964E-03
    7405.917    268.477   8.650  9.27731E-01  9.39242E-01 -1.22657E-02
    7409.222    271.782   8.700  9.24081E-01  9.38013E-01 -1.48648E-02
    7412.546    275.106   8.750  9.21512E-01  9.36784E-01 -1.63161E-02
    7415.889    278.449   8.800  9.20327E-01  9.35556E-01 -1.62904E-02
    7419.252    281.812   8.850  9.20600E-01  9.34327E-01 -1.47022E-02
    7422.633    285.193   8.900  9.22146E-01  9.33098E-01 -1.17456E-02
    7426.033    288.593   8.950  9.24548E-01  9.31870E-01 -7.86171E-03
    7429.453    292.013   9.000  9.27254E-01  9.30641E-01 -3.64161E-03
    7432.891    295.451   9.050  9.29743E-01  9.29498E-01  2.64346E-04
    7436.349    298.909   9.100  9.31562E-01  9.28354E-01  3.45626E-03
    7439.825    302.386   9.150  9.32476E-01  9.27211E-01  5.67963E-03
    7443.321    305.881   9.200  9.32476E-01  9.26068E-01  6.91948E-03
    7446.836    309.396   9.250  9.31737E-01  9.24925E-01  7.36443E-03
    7450.370    312.930   9.300  9.30544E-01  9.23782E-01  7.31862E-03
    7453.922    316.483   9.350  9.29183E-01  9.22638E-01  7.09021E-03
    7457.494    320.054   9.400  9.27849E-01  9.21495E-01  6.89097E-03
    7461.085    323.645   9.450  9.26594E-01  9.20352E-01  6.77706E-03
    7464.695    327.255   9.500  9.25325E-01  9.19209E-01  6.64801E-03
    7468.324    330.884   9.550  9.24034E-01  9.18180E-01  6.37005E-03
    7471.972    334.532   9.600  9.22312E-01  9.17151E-01  5.62103E-03
    7475.639    338.199   9.650  9.20042E-01  9.16122E-01  4.27416E-03
    7479.326    341.886   9.700  9.17275E-01  9.15092E-01  2.38163E-03
    7483.031    345.591   9.750  9.14238E-01  9.14063E-01  1.90296E-04
    7486.755    349.315   9.800  9.11288E-01  9.13034E-01 -1.90956E-03
    7490.498    353.058   9.850  9.08817E-01  9.12005E-01 -3.48926E-03
    7494.261    356.821   9.900  9.07133E-01  9.10976E-01 -4.21002E-03
    7498.042    360.602   9.950  9.06359E-01  9.09947E-01 -3.93486E-03
    7501.843    364.403  10.000  9.06378E-01  9.08918E-01 -2.78816E-03
    7505.662    368.222  10.050  9.06743E-01  9.07812E-01 -1.17473E-03
    7509.501    372.061  10.100  9.07089E-01  9.06706E-01  4.21129E-04
    7513.358    375.918  10.150  9.06918E-01  9.05600E-01  1.45130E-03
    7517.235    379.795  10.200  9.05853E-01  9.04494E-01  1.49923E-03
    7521.131    383.691  10.250  9.03756E-01  9.03388E-01  4.06299E-04
    7525.045    387.605  10.300  9.00773E-01  9.02282E-01 -1.66807E-03
    7528.979    391.539  10.350  8.97315E-01  9.01176E-01 -4.27216E-03
    7532.932    395.492  10.400  8.93960E-01  9.00070E-01 -6.76882E-03
    7536.904    399.464  10.450  8.91304E-01  8.98964E-01 -8.49593E-03
    7540.895    403.455  10.500  8.89810E-01  8.97858E-01 -8.93743E-03
    7544.905    407.465  10.550  8.89683E-01  8.96751E-01 -7.85859E-03
    7548.934    411.494  10.600  8.90822E-01  8.95645E-01 -5.36938E-03
    7552.982    415.542  10.650  8.92835E-01  8.94539E-01 -1.89946E-03
    7557.049    419.609  10.700  8.95143E-01  8.93433E-01  1.90715E-03
    7561.135    423.695  10.750  8.97115E-01  8.92327E-01  5.34840E-03
    7565.241    427.801  10.800  8.98221E-01  8.91221E-01  7.82908E-03
    7569.365    431.925  10.850  8.98145E-01  8.90115E-01  8.99146E-03
    7573.508    436.068  10.900  8.96840E-01  8.89009E-01  8.77964E-03
    7577.671    440.231  10.950  8.94518E-01  8.87903E-01  7.42513E-03
    7581.852    444.412  11.000  8.91569E-01  8.86797E-01  5.36292E-03
    7586.053    448.613  11.050  8.88234E-01  8.85444E-01  3.14056E-03
    7590.272    452.832  11.100  8.85108E-01  8.84090E-01  1.14740E-03
    7594.511    457.071  11.150  8.82457E-01  8.82737E-01 -3.16275E-04
    7598.769    461.329  11.200  8.80367E-01  8.81383E-01 -1.14925E-03
    7603.045    465.605  11.250  8.78759E-01  8.80030E-01 -1.43926E-03
    7607.341    469.901  11.300  8.77441E-01  8.78677E-01 -1.40198E-03
    7611.656    474.216  11.350  8.76186E-01  8.77323E-01 -1.29219E-03
    7615.990    478.550  11.400  8.74813E-01  8.75970E-01 -1.31587E-03
    7620.343    482.903  11.450  8.73240E-01  8.74617E-01 -1.56929E-03
    7624.714    487.275  11.500  8.71493E-01  8.73263E-01 -2.02041E-03
    7629.106    491.666  11.550  8.69693E-01  8.71910E-01 -2.53397E-03
    7633.516    496.076  11.600  8.67999E-01  8.70557E-01 -2.92823E-03
    7637.945    500.505  11.650  8.66550E-01  8.69203E-01 -3.04231E-03
    7642.393    504.953  11.700  8.65419E-01  8.67850E-01 -2.79184E-03
    7646.860    509.420  11.750  8.64588E-01  8.66497E-01 -2.19581E-03
    7651.346    513.906  11.800  8.63956E-01  8.65143E-01 -1.36815E-03
    7655.852    518.412  11.850  8.63375E-01  8.63790E-01 -4.79184E-04
    7660.376    522.936  11.900  8.62695E-01  8.62437E-01  2.98574E-04
    7664.919    527.479  11.950  8.61810E-01  8.61083E-01  8.41685E-04
    7669.482    532.042  12.000  8.60685E-01  8.59730E-01  1.10766E-03
    7674.063    536.623  12.050  8.59405E-01  8.58423E-01  1.14028E-03
    7678.664    541.224  12.100  8.58016E-01  8.57117E-01  1.04517E-03
    7683.283    545.844  12.150  8.56622E-01  8.55810E-01  9.44651E-04
    7687.922    550.482  12.200  8.55305E-01  8.54504E-01  9.34606E-04
    7692.580    555.140  12.250  8.54096E-01  8.53197E-01  1.05011E-03
    7697.257    559.817  12.300  8.52963E-01  8.51891E-01  1.25397E-03
    7701.952    564.512  12.350  8.51823E-01  8.50584E-01  1.45148E-03
    7706.667    569.227  12.400  8.50578E-01  8.49278E-01  1.52587E-03
    7711.401    573.961  12.450  8.49148E-01  8.47971E-01  1.38236E-03
    7716.154    578.714  12.500  8.47502E-01  8.46665E-01  9.85642E-04
    7720.926    583.486  12.550  8.45680E-01  8.45359E-01  3.78384E-04
    7725.717    588.277  12.600  8.43776E-01  8.44052E-01 -3.25841E-04
    7730.527    593.087  12.650  8.41923E-01  8.42746E-01 -9.73087E-04
    7735.356    597.917  12.700  8.40245E-01  8.41439E-01 -1.41352E-03
    7740.205    602.765  12.750  8.38829E-01  8.40133E-01 -1.54587E-03
    7745.072    607.632  12.800  8.37691E-01  8.38826E-01 -1.34783E-03
    7749.958    612.518  12.850  8.36777E-01  8.37520E-01 -8.83106E-04
    7754.864    617.424  12.900  8.35976E-01  8.36213E-01 -2.82944E-04
    7759.788    622.348  12.950  8.35151E-01  8.34907E-01  2.91944E-04
    7764.731    627.291  13.000  8.34184E-01  8.33600E-01  6.97173E-04
    7769.694    632.254  13.050  8.32913E-01  8.32212E-01  8.39675E-04
    7774.675    637.236  13.100  8.31418E-01  8.30823E-01  7.12923E-04
    7779.676    642.236  13.150  8.29750E-01  8.29434E-01  3.79091E-04
    7784.696    647.256  13.200  8.28008E-01  8.28046E-01 -4.59626E-05
    7789.734    652.295  13.250  8.26301E-01  8.26657E-01 -4.30015E-04
    7794.792    657.352  13.300  8.24718E-01  8.25269E-01 -6.64867E-04
    7799.869    662.429  13.350  8.23304E-01  8.23880E-01 -6.97352E-04
    7804.965    667.525  13.400  8.22044E-01  8.22492E-01 -5.41845E-04
    7810.080    672.640  13.450  8.20880E-01  8.21103E-01 -2.71123E-04
    7815.214    677.774  13.500  8.19723E-01  8.19714E-01  1.07025E-05
    7820.367    682.927  13.550  8.18493E-01  8.18326E-01  2.04000E-04
    7825.539    688.099  13.600  8.17139E-01  8.16937E-01  2.46554E-04
    7830.730    693.290  13.650  8.15658E-01  8.15549E-01  1.33221E-04
    7835.940    698.500  13.700  8.14092E-01  8.14160E-01 -8.35870E-05
    7841.169    703.729  13.750  8.12517E-01  8.12771E-01 -3.12317E-04
    7846.417    708.978  13.800  8.11014E-01  8.11383E-01 -4.53300E-04
    7851.685    714.245  13.850  8.09643E-01  8.09994E-01 -4.32292E-04
    7856.971    719.531  13.900  8.08423E-01  8.08606E-01 -2.25797E-04
    7862.277    724.837  13.950  8.07322E-01  8.07217E-01  1.29731E-04
    7867.601    730.161  14.000  8.06271E-01  8.05829E-01  5.47579E-04
    7872.944    735.505  14.050  8.05117E-01  8.04372E-01  9.24163E-04
    7878.307    740.867  14.100  8.03842E-01  8.02915E-01  1.15144E-03
    7883.689    746.249  14.150  8.02390E-01  8.01458E-01  1.15967E-03
    7889.089    751.649  14.200  8.00752E-01  8.00001E-01  9.35619E-04
    7894.509    757.069  14.250  7.98966E-01  7.98544E-01  5.26551E-04
    7899.948    762.508  14.300  7.97109E-01  7.97088E-01  2.67317E-05
    7905.406    767.966  14.350  7.95272E-01  7.95631E-01 -4.49281E-04
    7910.882    773.442  14.400  7.93538E-01  7.94174E-01 -7.98362E-04
    7916.378    778.938  14.450  7.91957E-01  7.92717E-01 -9.56127E-04
    7921.893    784.453  14.500  7.90537E-01  7.91260E-01 -9.11986E-04
    7927.427    789.987  14.550  7.89243E-01  7.89803E-01 -7.08046E-04
    7932.980    795.540  14.600  7.88012E-01  7.88347E-01 -4.22954E-04
    7938.552    801.112  14.650  7.86775E-01  7.86890E-01 -1.46212E-04
    7944.144    806.704  14.700  7.85471E-01  7.85433E-01  4.88514E-05
    7949.754    812.314  14.750  7.84075E-01  7.83976E-01  1.25293E-04
    7955.383    817.943  14.800  7.82590E-01  7.82519E-01  9.01909E-05
    7961.031    823.591  14.850  7.81053E-01  7.81063E-01 -1.18780E-05
    7966.699    829.259  14.900  7.79515E-01  7.79606E-01 -1.16726E-04
    7972.385    834.945  14.950  7.78021E-01  7.78149E-01 -1.63612E-04
    7978.091    840.651  15.000  7.76602E-01  7.76692E-01 -1.15972E-04
