# # Once                                                         FEFF 9.6.4  
# # POT  SCF 100  5.0000   0, core-hole, AFOLP (folp(0)= 1.150)
# # Abs   Z=27 Rmt= 1.313 Rnm= 1.365 K  shell
# # Pot 1 Z=62 Rmt= 1.669 Rnm= 1.693
# # Pot 2 Z=27 Rmt= 1.342 Rnm= 1.393
# # Gam_ch=1.436E+00 H-L exch Vi= 0.000E+00 Vr= 0.000E+00
# # Mu=-1.767E+01 kf=2.070E+00 Vint=-2.666E+01 Rs_int= 1.752
# # PATH  Rmax=10.000,  Keep_limit= 0.00, Heap_limit 0.00  Pwcrit= 2.50%
#  S02=1.000  Temp=   0.00  Debye_temp=   0.00  Global_sig2= 0.00000
#  Energy zero shift, vr, vi    0.00000E+00   0.00000E+00
#  Curved wave amplitude ratio filter   4.000%
#     file         sig2 tot  cw amp ratio   deg  nlegs   reff  inp sig2
#           1       0.00000    100.00      4.00     2   2.3908
#           2       0.00000     98.67      4.00     2   2.4071
#           3       0.00000     43.64      2.00     2   2.5590
#           4       0.00000     41.59      2.00     2   3.1458
#           5       0.00000      7.37      8.00     3   3.6469
#           6       0.00000     33.51      4.00     2   3.9313
#           7       0.00000     16.18      2.00     2   3.9886
#           8       0.00000     15.55      2.00     2   4.0541
#           9       0.00000     29.08      4.00     2   4.1667
#          10       0.00000      9.21      8.00     3   4.3298
#          11       0.00000      8.84      8.00     3   4.4179
#          12       0.00000      6.39      8.00     3   4.4205
#          13       0.00000      6.65      8.00     3   4.4478
#          15       0.00000      9.13      8.00     3   4.4905
#          16       0.00000     23.55      4.00     2   4.5336
#          17       0.00000      5.75      8.00     3   4.5667
#          18       0.00000     22.95      4.00     2   4.5793
#          19       0.00000      5.81      8.00     3   4.5971
#          20       0.00000     35.55      4.00     2   4.6336
#          21       0.00000      9.77      8.00     3   4.7621
#          22       0.00000     10.30      8.00     3   4.7768
#          23       0.00000     11.43      4.00     3   4.7817
#          24       0.00000     10.67      4.00     4   4.7817
#          25       0.00000      5.58      4.00     4   4.7817
#          26       0.00000     10.13      2.00     2   4.8067
#          27       0.00000     11.16      4.00     3   4.8142
#          28       0.00000     10.37      4.00     4   4.8142
#          29       0.00000      5.42      4.00     4   4.8142
#          30       0.00000     20.15      4.00     2   4.8174
#          31       0.00000     41.52      8.00     3   4.8286
#          32       0.00000     26.85      4.00     4   4.8398
#          33       0.00000     19.83      4.00     2   4.8466
#          34       0.00000     35.46      8.00     3   4.8667
#          35       0.00000     18.62      4.00     4   4.8868
#          36       0.00000      4.45      4.00     3   4.9876
#          37       0.00000     10.09      8.00     3   4.9973
#          38       0.00000     17.71      4.00     2   5.0598
#          39       0.00000      4.48      2.00     3   5.1180
#          41       0.00000      5.16      8.00     3   5.1205
#          42       0.00000      5.06      8.00     3   5.1283
#          43       0.00000     12.65      8.00     3   5.1349
#          45       0.00000      7.14      2.00     2   5.4826
#          46       0.00000     13.88      4.00     2   5.5407
#          47       0.00000      6.84      4.00     3   5.7640
#          48       0.00000     24.31      8.00     2   5.8135
#          49       0.00000     11.74      8.00     3   5.8511
#          50       0.00000     13.27      8.00     3   6.0526
#          52       0.00000      4.25      8.00     3   6.0678
#          54       0.00000      5.19      8.00     3   6.1804
#          55       0.00000      5.10      2.00     2   6.1871
#          56       0.00000     22.71      4.00     3   6.1876
#          57       0.00000     25.28      2.00     4   6.1881
#          58       0.00000     10.17      4.00     2   6.1954
#          59       0.00000      5.82      8.00     3   6.1975
#          60       0.00000      4.74      8.00     3   6.1990
#          61       0.00000     10.09      4.00     2   6.2118
#    56/  59 paths used
#  xsedge+50, used to normalize mu           2.8901E-04
#  -----------------------------------------------------------------------
#  omega    e    k    mu    mu0     chi     @#
    7719.581    -17.657   0.050  4.69945E-01  3.38293E-01  2.21585E-01
    7719.609    -17.629   0.100  4.74590E-01  3.43709E-01  2.19906E-01
    7719.657    -17.581   0.150  4.88277E-01  3.59850E-01  2.14659E-01
    7719.723    -17.514   0.200  5.01673E-01  3.75992E-01  2.08982E-01
    7719.809    -17.429   0.250  5.20945E-01  4.00949E-01  1.97854E-01
    7719.914    -17.324   0.300  5.39208E-01  4.25907E-01  1.85263E-01
    7720.038    -17.200   0.350  5.55533E-01  4.54510E-01  1.63330E-01
    7720.181    -17.057   0.400  5.70050E-01  4.83113E-01  1.38993E-01
    7720.343    -16.895   0.450  5.76846E-01  5.09931E-01  1.05521E-01
    7720.523    -16.714   0.500  5.81890E-01  5.36748E-01  7.02254E-02
    7720.724    -16.514   0.550  5.78728E-01  5.59885E-01  2.88560E-02
    7720.943    -16.295   0.600  5.73311E-01  5.83023E-01 -1.46450E-02
    7721.181    -16.057   0.650  5.56077E-01  6.03072E-01 -6.96711E-02
    7721.438    -15.800   0.700  5.35885E-01  6.23122E-01 -1.27181E-01
    7721.714    -15.524   0.750  5.01804E-01  6.41140E-01 -1.99537E-01
    7722.009    -15.228   0.800  4.65907E-01  6.59158E-01 -2.71930E-01
    7722.324    -14.914   0.850  4.18686E-01  6.75868E-01 -3.55390E-01
    7722.657    -14.581   0.900  3.73859E-01  6.92577E-01 -4.32659E-01
    7723.010    -14.228   0.950  3.25570E-01  7.08373E-01 -5.10422E-01
    7723.381    -13.857   1.000  2.86967E-01  7.24169E-01 -5.72783E-01
    7723.772    -13.466   1.050  2.56702E-01  7.39144E-01 -6.21225E-01
    7724.181    -13.057   1.100  2.44298E-01  7.54120E-01 -6.45424E-01
    7724.610    -12.628   1.150  2.51440E-01  7.68270E-01 -6.43736E-01
    7725.057    -12.180   1.200  2.80583E-01  7.82421E-01 -6.15135E-01
    7725.524    -11.714   1.250  3.32423E-01  7.95639E-01 -5.59325E-01
    7726.010    -11.228   1.300  4.01559E-01  8.08857E-01 -4.84577E-01
    7726.515    -10.723   1.350  4.84716E-01  8.21029E-01 -3.94745E-01
    7727.039    -10.199   1.400  5.72208E-01  8.33201E-01 -3.02275E-01
    7727.581     -9.656   1.450  6.58230E-01  8.44214E-01 -2.12843E-01
    7728.143     -9.094   1.500  7.34928E-01  8.55228E-01 -1.36057E-01
    7728.724     -8.513   1.550  7.98499E-01  8.65007E-01 -7.44478E-02
    7729.325     -7.913   1.600  8.46990E-01  8.74785E-01 -3.07990E-02
    7729.944     -7.294   1.650  8.81400E-01  8.83261E-01 -2.04360E-03
    7730.582     -6.656   1.700  9.05065E-01  8.91736E-01  1.45182E-02
    7731.239     -5.999   1.750  9.22212E-01  8.98905E-01  2.52076E-02
    7731.915     -5.322   1.800  9.37256E-01  9.06075E-01  3.34903E-02
    7732.611     -4.627   1.850  9.53321E-01  9.11964E-01  4.41773E-02
    7733.325     -3.913   1.900  9.71883E-01  9.17854E-01  5.74019E-02
    7734.058     -3.179   1.950  9.92192E-01  9.22460E-01  7.37850E-02
    7734.811     -2.427   2.000  1.01222E+00  9.27067E-01  8.97343E-02
    7735.582     -1.655   2.050  1.03026E+00  9.30092E-01  1.05320E-01
    7736.373     -0.865   2.100  1.04205E+00  9.33117E-01  1.14285E-01
    7737.183     -0.055   2.150  1.04556E+00  9.36143E-01  1.14536E-01
    7738.011      0.774   2.200  1.04053E+00  9.39168E-01  1.05865E-01
    7738.859      1.621   2.250  1.02460E+00  9.40096E-01  8.82978E-02
    7739.726      2.488   2.300  1.00219E+00  9.41023E-01  6.39375E-02
    7740.612      3.374   2.350  9.78989E-01  9.41951E-01  3.87325E-02
    7741.517      4.279   2.400  9.60131E-01  9.42878E-01  1.80493E-02
    7742.440      5.203   2.450  9.52801E-01  9.46291E-01  6.81411E-03
    7743.383      6.146   2.500  9.51732E-01  9.49703E-01  2.12443E-03
    7744.345      7.108   2.550  9.54913E-01  9.53115E-01  1.88392E-03
    7745.326      8.089   2.600  9.59792E-01  9.56527E-01  3.42166E-03
    7746.327      9.089   2.650  9.60526E-01  9.59313E-01  1.26871E-03
    7747.346     10.108   2.700  9.61309E-01  9.62099E-01 -8.24541E-04
    7748.384     11.146   2.750  9.62091E-01  9.64885E-01 -2.91208E-03
    7749.441     12.204   2.800  9.63049E-01  9.67670E-01 -4.80779E-03
    7750.518     13.280   2.850  9.61406E-01  9.69558E-01 -8.45996E-03
    7751.613     14.375   2.900  9.60347E-01  9.71446E-01 -1.14898E-02
    7752.727     15.490   2.950  9.60490E-01  9.73334E-01 -1.32624E-02
    7753.861     16.623   3.000  9.62377E-01  9.75222E-01 -1.32308E-02
    7755.013     17.776   3.050  9.63003E-01  9.76933E-01 -1.43107E-02
    7756.185     18.947   3.100  9.65487E-01  9.78644E-01 -1.34815E-02
    7757.376     20.138   3.150  9.70348E-01  9.80354E-01 -1.02269E-02
    7758.585     21.347   3.200  9.77841E-01  9.82065E-01 -4.30582E-03
    7759.814     22.576   3.250  9.84681E-01  9.83197E-01  1.50865E-03
    7761.062     23.824   3.300  9.94008E-01  9.84329E-01  9.81730E-03
    7762.329     25.091   3.350  1.00566E+00  9.85461E-01  2.04388E-02
    7763.614     26.377   3.400  1.01913E+00  9.86593E-01  3.28397E-02
    7764.919     27.682   3.450  1.03314E+00  9.87915E-01  4.55479E-02
    7766.243     29.006   3.500  1.04722E+00  9.89236E-01  5.82728E-02
    7767.586     30.349   3.550  1.06002E+00  9.90558E-01  6.96726E-02
    7768.948     31.711   3.600  1.07020E+00  9.91880E-01  7.83895E-02
    7770.330     33.092   3.650  1.07577E+00  9.92771E-01  8.28999E-02
    7771.730     34.492   3.700  1.07685E+00  9.93661E-01  8.29144E-02
    7773.149     35.911   3.750  1.07299E+00  9.94552E-01  7.80158E-02
    7774.587     37.349   3.800  1.06423E+00  9.95442E-01  6.82767E-02
    7776.044     38.807   3.850  1.05122E+00  9.96686E-01  5.40237E-02
    7777.521     40.283   3.900  1.03475E+00  9.97929E-01  3.64045E-02
    7779.016     41.779   3.950  1.01578E+00  9.99173E-01  1.63910E-02
    7780.531     43.293   4.000  9.95322E-01  1.00042E+00 -5.01882E-03
    7782.064     44.827   4.050  9.74165E-01  1.00141E+00 -2.67961E-02
    7783.617     46.379   4.100  9.53362E-01  1.00241E+00 -4.81489E-02
    7785.188     47.951   4.150  9.33677E-01  1.00341E+00 -6.83319E-02
    7786.779     49.541   4.200  9.15914E-01  1.00440E+00 -8.65631E-02
    7788.389     51.151   4.250  9.01050E-01  1.00540E+00 -1.01930E-01
    7790.018     52.780   4.300  8.90299E-01  1.00639E+00 -1.13241E-01
    7791.665     54.428   4.350  8.84829E-01  1.00739E+00 -1.19375E-01
    7793.332     56.095   4.400  8.85638E-01  1.00838E+00 -1.19385E-01
    7795.018     57.780   4.450  8.93601E-01  1.00927E+00 -1.12386E-01
    7796.723     59.485   4.500  9.08508E-01  1.01015E+00 -9.86595E-02
    7798.447     61.209   4.550  9.29294E-01  1.01104E+00 -7.92616E-02
    7800.190     62.953   4.600  9.54041E-01  1.01193E+00 -5.60682E-02
    7801.952     64.715   4.650  9.80396E-01  1.01240E+00 -3.09857E-02
    7803.734     66.496   4.700  1.00511E+00  1.01288E+00 -7.51924E-03
    7805.534     68.296   4.750  1.02571E+00  1.01336E+00  1.19459E-02
    7807.353     70.115   4.800  1.04068E+00  1.01384E+00  2.59365E-02
    7809.191     71.954   4.850  1.04944E+00  1.01405E+00  3.41906E-02
    7811.049     73.811   4.900  1.05333E+00  1.01427E+00  3.77368E-02
    7812.925     75.687   4.950  1.05473E+00  1.01449E+00  3.88800E-02
    7814.821     77.583   5.000  1.05663E+00  1.01470E+00  4.05045E-02
    7816.735     79.497   5.050  1.06142E+00  1.01455E+00  4.52904E-02
    7818.669     81.431   5.100  1.07156E+00  1.01439E+00  5.52492E-02
    7820.621     83.384   5.150  1.08746E+00  1.01424E+00  7.07866E-02
    7822.593     85.355   5.200  1.10774E+00  1.01409E+00  9.05702E-02
    7824.584     87.346   5.250  1.12897E+00  1.01360E+00  1.11658E-01
    7826.593     89.356   5.300  1.14723E+00  1.01311E+00  1.29894E-01
    7828.622     91.385   5.350  1.15803E+00  1.01262E+00  1.40936E-01
    7830.670     93.432   5.400  1.15759E+00  1.01213E+00  1.41093E-01
    7832.737     95.499   5.450  1.14300E+00  1.01137E+00  1.27810E-01
    7834.823     97.585   5.500  1.11459E+00  1.01061E+00  1.01066E-01
    7836.928     99.690   5.550  1.07428E+00  1.00985E+00  6.26850E-02
    7839.052    101.814   5.600  1.02579E+00  1.00909E+00  1.62633E-02
    7841.195    103.957   5.650  9.73724E-01  1.00811E+00 -3.35291E-02
    7843.357    106.120   5.700  9.23974E-01  1.00713E+00 -8.11773E-02
    7845.539    108.301   5.750  8.81448E-01  1.00614E+00 -1.21877E-01
    7847.739    110.501   5.800  8.49961E-01  1.00516E+00 -1.51870E-01
    7849.958    112.720   5.850  8.32079E-01  1.00413E+00 -1.68580E-01
    7852.197    114.959   5.900  8.28300E-01  1.00310E+00 -1.71497E-01
    7854.454    117.216   5.950  8.37676E-01  1.00207E+00 -1.61498E-01
    7856.730    119.493   6.000  8.58000E-01  1.00104E+00 -1.40704E-01
    7859.026    121.788   6.050  8.86573E-01  1.00002E+00 -1.11732E-01
    7861.341    124.103   6.100  9.19217E-01  9.98998E-01 -7.86736E-02
    7863.674    126.436   6.150  9.52339E-01  9.97979E-01 -4.50624E-02
    7866.027    128.789   6.200  9.82692E-01  9.96960E-01 -1.41041E-02
    7868.399    131.161   6.250  1.00770E+00  9.95941E-01  1.16422E-02
    7870.789    133.552   6.300  1.02573E+00  9.94922E-01  3.05344E-02
    7873.199    135.961   6.350  1.03627E+00  9.93903E-01  4.20418E-02
    7875.628    138.390   6.400  1.04001E+00  9.92884E-01  4.68179E-02
    7878.076    140.838   6.450  1.03872E+00  9.91865E-01  4.66046E-02
    7880.543    143.305   6.500  1.03497E+00  9.90846E-01  4.39417E-02
    7883.029    145.791   6.550  1.03191E+00  9.90038E-01  4.17501E-02
    7885.534    148.296   6.600  1.03184E+00  9.89230E-01  4.25277E-02
    7888.058    150.820   6.650  1.03638E+00  9.88421E-01  4.79082E-02
    7890.601    153.363   6.700  1.04577E+00  9.87613E-01  5.81532E-02
    7893.163    155.926   6.750  1.05869E+00  9.86805E-01  7.19551E-02
    7895.745    158.507   6.800  1.07241E+00  9.85997E-01  8.65880E-02
    7898.345    161.107   6.850  1.08330E+00  9.85189E-01  9.84089E-02
    7900.964    163.727   6.900  1.08759E+00  9.84381E-01  1.03626E-01
    7903.603    166.365   6.950  1.08225E+00  9.83573E-01  9.91747E-02
    7906.260    169.022   7.000  1.06576E+00  9.82765E-01  8.35024E-02
    7908.937    171.699   7.050  1.03840E+00  9.82062E-01  5.67389E-02
    7911.632    174.395   7.100  1.00312E+00  9.81359E-01  2.19347E-02
    7914.347    177.109   7.150  9.64293E-01  9.80657E-01 -1.65132E-02
    7917.081    179.843   7.200  9.27172E-01  9.79954E-01 -5.33180E-02
    7919.833    182.596   7.250  8.96835E-01  9.79252E-01 -8.33367E-02
    7922.605    185.367   7.300  8.77188E-01  9.78549E-01 -1.02596E-01
    7925.396    188.158   7.350  8.70185E-01  9.77847E-01 -1.09083E-01
    7928.206    190.968   7.400  8.75475E-01  9.77144E-01 -1.03116E-01
    7931.035    193.797   7.450  8.90533E-01  9.76442E-01 -8.72187E-02
    7933.883    196.645   7.500  9.11260E-01  9.75739E-01 -6.55287E-02
    7936.750    199.512   7.550  9.32745E-01  9.74865E-01 -4.28630E-02
    7939.636    202.398   7.600  9.50666E-01  9.73991E-01 -2.37680E-02
    7942.541    205.303   7.650  9.61963E-01  9.73117E-01 -1.13807E-02
    7945.465    208.227   7.700  9.65491E-01  9.72243E-01 -6.89917E-03
    7948.408    211.170   7.750  9.62147E-01  9.71369E-01 -9.43466E-03
    7951.370    214.133   7.800  9.54547E-01  9.70495E-01 -1.63377E-02
    7954.352    217.114   7.850  9.46317E-01  9.69622E-01 -2.39056E-02
    7957.352    220.114   7.900  9.41196E-01  9.68748E-01 -2.82998E-02
    7960.372    223.134   7.950  9.42150E-01  9.67874E-01 -2.64578E-02
    7963.410    226.172   8.000  9.50687E-01  9.67000E-01 -1.68000E-02
    7966.467    229.230   8.050  9.66402E-01  9.65907E-01  5.11061E-04
    7969.544    232.306   8.100  9.87328E-01  9.64813E-01  2.32575E-02
    7972.640    235.402   8.150  1.01019E+00  9.63720E-01  4.80788E-02
    7975.754    238.517   8.200  1.03120E+00  9.62627E-01  7.10560E-02
    7978.888    241.650   8.250  1.04683E+00  9.61534E-01  8.85153E-02
    7982.041    244.803   8.300  1.05447E+00  9.60441E-01  9.77305E-02
    7985.213    247.975   8.350  1.05290E+00  9.59348E-01  9.73830E-02
    7988.403    251.166   8.400  1.04238E+00  9.58255E-01  8.77043E-02
    7991.613    254.376   8.450  1.02449E+00  9.57161E-01  7.03017E-02
    7994.842    257.605   8.500  1.00172E+00  9.56068E-01  4.77404E-02
    7998.090    260.853   8.550  9.76976E-01  9.54911E-01  2.31046E-02
    8001.357    264.120   8.600  9.52973E-01  9.53753E-01 -8.17986E-04
    8004.644    267.406   8.650  9.31843E-01  9.52596E-01 -2.17892E-02
    8007.949    270.711   8.700  9.14969E-01  9.51438E-01 -3.83438E-02
    8011.273    274.035   8.750  9.02966E-01  9.50281E-01 -4.98135E-02
    8014.616    277.378   8.800  8.95809E-01  9.49123E-01 -5.62071E-02
    8017.978    280.741   8.850  8.93011E-01  9.47966E-01 -5.80158E-02
    8021.360    284.122   8.900  8.93821E-01  9.46808E-01 -5.60149E-02
    8024.760    287.523   8.950  8.97368E-01  9.45651E-01 -5.11116E-02
    8028.180    290.942   9.000  9.02744E-01  9.44493E-01 -4.42558E-02
    8031.618    294.380   9.050  9.09041E-01  9.43425E-01 -3.64865E-02
    8035.076    297.838   9.100  9.15432E-01  9.42358E-01 -2.86016E-02
    8038.552    301.315   9.150  9.21103E-01  9.41290E-01 -2.14655E-02
    8042.048    304.810   9.200  9.25391E-01  9.40222E-01 -1.57870E-02
    8045.563    308.325   9.250  9.27914E-01  9.39155E-01 -1.19771E-02
    8049.097    311.859   9.300  9.28700E-01  9.38087E-01 -1.00128E-02
    8052.649    315.412   9.350  9.28249E-01  9.37020E-01 -9.36466E-03
    8056.221    318.983   9.400  9.27494E-01  9.35952E-01 -9.04002E-03
    8059.812    322.574   9.450  9.27627E-01  9.34884E-01 -7.76462E-03
    8063.422    326.184   9.500  9.29818E-01  9.33817E-01 -4.28299E-03
    8067.051    329.813   9.550  9.35056E-01  9.32891E-01  2.32114E-03
    8070.699    333.461   9.600  9.43416E-01  9.31966E-01  1.22855E-02
    8074.366    337.128   9.650  9.54233E-01  9.31040E-01  2.49046E-02
    8078.052    340.815   9.700  9.66007E-01  9.30114E-01  3.85753E-02
    8081.758    344.520   9.750  9.76649E-01  9.29189E-01  5.10501E-02
    8085.482    348.244   9.800  9.83894E-01  9.28263E-01  5.98906E-02
    8089.225    351.987   9.850  9.85826E-01  9.27338E-01  6.30198E-02
    8092.988    355.750   9.900  9.81345E-01  9.26412E-01  5.92395E-02
    8096.769    359.531   9.950  9.70493E-01  9.25487E-01  4.85763E-02
    8100.569    363.332  10.000  9.54517E-01  9.24561E-01  3.23601E-02
    8104.389    367.151  10.050  9.35478E-01  9.23496E-01  1.29574E-02
    8108.227    370.990  10.100  9.16307E-01  9.22431E-01 -6.63016E-03
    8112.085    374.847  10.150  8.99807E-01  9.21366E-01 -2.33643E-02
    8115.962    378.724  10.200  8.88150E-01  9.20301E-01 -3.48818E-02
    8119.857    382.620  10.250  8.82426E-01  9.19236E-01 -3.99798E-02
    8123.772    386.534  10.300  8.82466E-01  9.18171E-01 -3.88210E-02
    8127.706    390.468  10.350  8.86958E-01  9.17106E-01 -3.28152E-02
    8131.659    394.421  10.400  8.93818E-01  9.16041E-01 -2.42147E-02
    8135.631    398.393  10.450  9.00734E-01  9.14976E-01 -1.55352E-02
    8139.622    402.384  10.500  9.05715E-01  9.13911E-01 -8.94988E-03
    8143.632    406.394  10.550  9.07535E-01  9.12846E-01 -5.80614E-03
    8147.661    410.423  10.600  9.05954E-01  9.11781E-01 -6.37725E-03
    8151.709    414.471  10.650  9.01686E-01  9.10716E-01 -9.89326E-03
    8155.776    418.538  10.700  8.96135E-01  9.09651E-01 -1.48245E-02
    8159.862    422.625  10.750  8.90982E-01  9.08586E-01 -1.93292E-02
    8163.968    426.730  10.800  8.87742E-01  9.07521E-01 -2.17410E-02
    8168.092    430.854  10.850  8.87396E-01  9.06456E-01 -2.09733E-02
    8172.235    434.997  10.900  8.90189E-01  9.05391E-01 -1.67470E-02
    8176.398    439.160  10.950  8.95620E-01  9.04326E-01 -9.60109E-03
    8180.579    443.341  11.000  9.02624E-01  9.03261E-01 -7.03819E-04
    8184.780    447.542  11.050  9.09790E-01  9.01992E-01  8.62102E-03
    8188.999    451.761  11.100  9.15916E-01  9.00723E-01  1.68199E-02
    8193.238    456.000  11.150  9.20029E-01  8.99454E-01  2.28104E-02
    8197.495    460.258  11.200  9.21671E-01  8.98185E-01  2.60741E-02
    8201.772    464.534  11.250  9.20922E-01  8.96916E-01  2.66889E-02
    8206.068    468.830  11.300  9.18296E-01  8.95647E-01  2.52161E-02
    8210.383    473.145  11.350  9.14549E-01  8.94377E-01  2.24891E-02
    8214.717    477.479  11.400  9.10458E-01  8.93108E-01  1.93699E-02
    8219.069    481.832  11.450  9.06630E-01  8.91839E-01  1.65360E-02
    8223.441    486.204  11.500  9.03383E-01  8.90570E-01  1.43454E-02
    8227.832    490.595  11.550  9.00717E-01  8.89301E-01  1.27999E-02
    8232.242    495.005  11.600  8.98364E-01  8.88032E-01  1.16010E-02
    8236.672    499.434  11.650  8.95898E-01  8.86763E-01  1.02712E-02
    8241.120    503.882  11.700  8.92867E-01  8.85494E-01  8.30208E-03
    8245.587    508.349  11.750  8.88920E-01  8.84225E-01  5.29418E-03
    8250.073    512.835  11.800  8.83892E-01  8.82956E-01  1.05745E-03
    8254.578    517.341  11.850  8.77848E-01  8.81687E-01 -4.34054E-03
    8259.103    521.865  11.900  8.71074E-01  8.80417E-01 -1.05810E-02
    8263.646    526.409  11.950  8.64030E-01  8.79148E-01 -1.71447E-02
    8268.209    530.971  12.000  8.57282E-01  8.77879E-01 -2.33916E-02
    8272.790    535.552  12.050  8.51371E-01  8.76648E-01 -2.87455E-02
    8277.391    540.153  12.100  8.46873E-01  8.75417E-01 -3.25052E-02
    8282.010    544.773  12.150  8.44216E-01  8.74186E-01 -3.41761E-02
    8286.649    549.411  12.200  8.43669E-01  8.72955E-01 -3.34419E-02
    8291.307    554.069  12.250  8.45311E-01  8.71724E-01 -3.02021E-02
    8295.984    558.746  12.300  8.49020E-01  8.70492E-01 -2.45876E-02
    8300.679    563.442  12.350  8.54473E-01  8.69261E-01 -1.69570E-02
    8305.394    568.156  12.400  8.61175E-01  8.68030E-01 -7.87147E-03
    8310.128    572.890  12.450  8.68494E-01  8.66799E-01  1.94967E-03
    8314.881    577.643  12.500  8.75721E-01  8.65568E-01  1.16912E-02
    8319.653    582.415  12.550  8.82130E-01  8.64337E-01  2.05174E-02
    8324.444    587.206  12.600  8.87056E-01  8.63105E-01  2.76553E-02
    8329.254    592.016  12.650  8.89962E-01  8.61874E-01  3.24775E-02
    8334.083    596.846  12.700  8.90505E-01  8.60643E-01  3.45773E-02
    8338.932    601.694  12.750  8.88583E-01  8.59412E-01  3.38249E-02
    8343.799    606.561  12.800  8.84358E-01  8.58181E-01  3.03955E-02
    8348.685    611.447  12.850  8.78245E-01  8.56950E-01  2.47618E-02
    8353.590    616.353  12.900  8.70871E-01  8.55719E-01  1.76446E-02
    8358.515    621.277  12.950  8.62997E-01  8.54487E-01  9.92332E-03
    8363.458    626.221  13.000  8.55409E-01  8.53256E-01  2.51399E-03
    8368.421    631.183  13.050  8.48706E-01  8.51919E-01 -3.75791E-03
    8373.402    636.165  13.100  8.43478E-01  8.50582E-01 -8.32212E-03
    8378.403    641.165  13.150  8.39923E-01  8.49245E-01 -1.09377E-02
    8383.423    646.185  13.200  8.37921E-01  8.47908E-01 -1.17363E-02
    8388.461    651.224  13.250  8.37068E-01  8.46571E-01 -1.11854E-02
    8393.519    656.281  13.300  8.36769E-01  8.45234E-01 -9.97925E-03
    8398.596    661.358  13.350  8.36379E-01  8.43896E-01 -8.87728E-03
    8403.692    666.454  13.400  8.35354E-01  8.42559E-01 -8.52163E-03
    8408.807    671.569  13.450  8.33392E-01  8.41222E-01 -9.27569E-03
    8413.941    676.703  13.500  8.30510E-01  8.39885E-01 -1.11236E-02
    8419.094    681.856  13.550  8.27055E-01  8.38548E-01 -1.36593E-02
    8424.266    687.028  13.600  8.23624E-01  8.37211E-01 -1.61730E-02
    8429.457    692.219  13.650  8.20929E-01  8.35874E-01 -1.78186E-02
    8434.667    697.429  13.700  8.19611E-01  8.34537E-01 -1.78249E-02
    8439.896    702.658  13.750  8.20076E-01  8.33200E-01 -1.56983E-02
    8445.144    707.907  13.800  8.22376E-01  8.31862E-01 -1.13655E-02
    8450.412    713.174  13.850  8.26176E-01  8.30525E-01 -5.21996E-03
    8455.698    718.460  13.900  8.30806E-01  8.29188E-01  1.94447E-03
    8461.003    723.766  13.950  8.35406E-01  8.27851E-01  9.09610E-03
    8466.328    729.090  14.000  8.39106E-01  8.26514E-01  1.51852E-02
    8471.671    734.434  14.050  8.41223E-01  8.25124E-01  1.94473E-02
    8477.034    739.796  14.100  8.41353E-01  8.23735E-01  2.13194E-02
    8482.416    745.178  14.150  8.39476E-01  8.22345E-01  2.07656E-02
    8487.816    750.578  14.200  8.35933E-01  8.20955E-01  1.81863E-02
    8493.236    755.998  14.250  8.31317E-01  8.19566E-01  1.42937E-02
    8498.675    761.437  14.300  8.26322E-01  8.18176E-01  9.92480E-03
    8504.132    766.895  14.350  8.21574E-01  8.16786E-01  5.84380E-03
    8509.609    772.372  14.400  8.17511E-01  8.15397E-01  2.58445E-03
    8515.105    777.867  14.450  8.14309E-01  8.14007E-01  3.69411E-04
    8520.620    783.382  14.500  8.11900E-01  8.12617E-01 -8.80503E-04
    8526.154    788.916  14.550  8.10039E-01  8.11228E-01 -1.46048E-03
    8531.707    794.469  14.600  8.08414E-01  8.09838E-01 -1.75281E-03
    8537.279    800.042  14.650  8.06748E-01  8.08448E-01 -2.09718E-03
    8542.870    805.633  14.700  8.04875E-01  8.07059E-01 -2.69832E-03
    8548.481    811.243  14.750  8.02766E-01  8.05669E-01 -3.59291E-03
    8554.110    816.872  14.800  8.00507E-01  8.04279E-01 -4.67734E-03
    8559.758    822.520  14.850  7.98238E-01  8.02890E-01 -5.77763E-03
    8565.426    828.188  14.900  7.96090E-01  8.01500E-01 -6.73115E-03
    8571.112    833.874  14.950  7.94134E-01  8.00110E-01 -7.44908E-03
    8576.817    839.580  15.000  7.92363E-01  7.98721E-01 -7.93797E-03
    8582.542    845.304  15.050  7.90695E-01  7.97342E-01 -8.31321E-03
    8588.285    851.048  15.100  7.89096E-01  7.95963E-01 -8.60418E-03
    8594.048    856.810  15.150  7.87530E-01  7.94584E-01 -8.85366E-03
    8599.830    862.592  15.200  7.86040E-01  7.93204E-01 -9.00870E-03
    8605.630    868.393  15.250  7.84754E-01  7.91825E-01 -8.90696E-03
    8611.450    874.212  15.300  7.83861E-01  7.90446E-01 -8.30980E-03
    8617.289    880.051  15.350  7.83550E-01  7.89067E-01 -6.97386E-03
    8623.147    885.909  15.400  7.83946E-01  7.87688E-01 -4.73852E-03
    8629.024    891.786  15.450  7.85047E-01  7.86309E-01 -1.60027E-03
    8634.920    897.682  15.500  7.86701E-01  7.84930E-01  2.25163E-03
    8640.835    903.597  15.550  7.88618E-01  7.83551E-01  6.45177E-03
    8646.769    909.531  15.600  7.90423E-01  7.82172E-01  1.05245E-02
    8652.722    915.484  15.650  7.91734E-01  7.80792E-01  1.39802E-02
    8658.694    921.456  15.700  7.92238E-01  7.79413E-01  1.64152E-02
    8664.685    927.447  15.750  7.91748E-01  7.78034E-01  1.75850E-02
    8670.695    933.458  15.800  7.90227E-01  7.76655E-01  1.74348E-02
    8676.725    939.487  15.850  7.87771E-01  7.75276E-01  1.60800E-02
    8682.773    945.535  15.900  7.84561E-01  7.73897E-01  1.37497E-02
    8688.840    951.603  15.950  7.80813E-01  7.72518E-01  1.07142E-02
    8694.927    957.689  16.000  7.76720E-01  7.71139E-01  7.22188E-03
    8701.032    963.795  16.050  7.72362E-01  7.69690E-01  3.46385E-03
    8707.157    969.919  16.100  7.67904E-01  7.68241E-01 -4.37775E-04
    8713.301    976.063  16.150  7.63436E-01  7.66792E-01 -4.36832E-03
    8719.463    982.225  16.200  7.59061E-01  7.65344E-01 -8.19299E-03
    8725.645    988.407  16.250  7.54924E-01  7.63895E-01 -1.17215E-02
    8731.846    994.608  16.300  7.51217E-01  7.62446E-01 -1.47001E-02
    8738.065   1000.828  16.350  7.48159E-01  7.60997E-01 -1.68396E-02
    8744.304   1007.067  16.400  7.45948E-01  7.59549E-01 -1.78741E-02
    8750.562   1013.324  16.450  7.44710E-01  7.58100E-01 -1.76315E-02
    8756.839   1019.601  16.500  7.44453E-01  7.56651E-01 -1.60933E-02
    8763.135   1025.897  16.550  7.45051E-01  7.55202E-01 -1.34201E-02
    8769.450   1032.212  16.600  7.46256E-01  7.53754E-01 -9.93061E-03
    8775.784   1038.547  16.650  7.47755E-01  7.52305E-01 -6.03899E-03
    8782.137   1044.900  16.700  7.49228E-01  7.50856E-01 -2.16506E-03
    8788.510   1051.272  16.750  7.50424E-01  7.49407E-01  1.35435E-03
    8794.901   1057.663  16.800  7.51200E-01  7.47959E-01  4.32703E-03
    8801.311   1064.073  16.850  7.51534E-01  7.46510E-01  6.72097E-03
    8807.741   1070.503  16.900  7.51499E-01  7.45061E-01  8.63031E-03
    8814.189   1076.951  16.950  7.51209E-01  7.43612E-01  1.02036E-02
    8820.656   1083.419  17.000  7.50752E-01  7.42164E-01  1.15589E-02
    8827.143   1089.905  17.050  7.50172E-01  7.40739E-01  1.27192E-02
    8833.648   1096.411  17.100  7.49361E-01  7.39315E-01  1.35721E-02
    8840.173   1102.935  17.150  7.48165E-01  7.37891E-01  1.39078E-02
    8846.717   1109.479  17.200  7.46399E-01  7.36467E-01  1.34711E-02
    8853.279   1116.042  17.250  7.43911E-01  7.35043E-01  1.20518E-02
    8859.861   1122.623  17.300  7.40649E-01  7.33619E-01  9.57339E-03
    8866.462   1129.224  17.350  7.36703E-01  7.32195E-01  6.15119E-03
    8873.082   1135.844  17.400  7.32306E-01  7.30771E-01  2.09919E-03
    8879.721   1142.483  17.450  7.27799E-01  7.29347E-01 -2.11994E-03
    8886.379   1149.141  17.500  7.23559E-01  7.27923E-01 -5.98922E-03
    8893.056   1155.818  17.550  7.19918E-01  7.26499E-01 -9.05028E-03
    8899.752   1162.514  17.600  7.17090E-01  7.25075E-01 -1.10029E-02
    8906.467   1169.229  17.650  7.15131E-01  7.23650E-01 -1.17634E-02
    8913.201   1175.963  17.700  7.13939E-01  7.22226E-01 -1.14659E-02
    8919.954   1182.716  17.750  7.13295E-01  7.20802E-01 -1.04080E-02
    8926.726   1189.489  17.800  7.12929E-01  7.19378E-01 -8.95838E-03
    8933.518   1196.280  17.850  7.12599E-01  7.17954E-01 -7.45389E-03
    8940.328   1203.090  17.900  7.12145E-01  7.16530E-01 -6.11655E-03
    8947.157   1209.920  17.950  7.11519E-01  7.15106E-01 -5.01266E-03
    8954.006   1216.768  18.000  7.10781E-01  7.13682E-01 -4.06311E-03
    8960.873   1223.636  18.050  7.10026E-01  7.12235E-01 -3.10002E-03
    8967.760   1230.522  18.100  7.09419E-01  7.10787E-01 -1.92391E-03
    8974.666   1237.428  18.150  7.09040E-01  7.09340E-01 -4.22390E-04
    8981.590   1244.352  18.200  7.08880E-01  7.07893E-01  1.39500E-03
    8988.534   1251.296  18.250  7.08839E-01  7.06445E-01  3.38791E-03
    8995.497   1258.259  18.300  7.08749E-01  7.04998E-01  5.31916E-03
    9002.478   1265.241  18.350  7.08420E-01  7.03551E-01  6.91915E-03
    9009.479   1272.241  18.400  7.07693E-01  7.02103E-01  7.95930E-03
    9016.499   1279.261  18.450  7.06481E-01  7.00656E-01  8.31195E-03
    9023.538   1286.300  18.500  7.04789E-01  6.99209E-01  7.97934E-03
    9030.596   1293.358  18.550  7.02706E-01  6.97761E-01  7.08530E-03
    9037.673   1300.435  18.600  7.00377E-01  6.96314E-01  5.83469E-03
    9044.769   1307.531  18.650  6.97963E-01  6.94867E-01  4.45535E-03
    9051.884   1314.647  18.700  6.95597E-01  6.93419E-01  3.14107E-03
    9059.019   1321.781  18.750  6.93364E-01  6.91972E-01  2.01202E-03
    9066.172   1328.934  18.800  6.91286E-01  6.90525E-01  1.10210E-03
    9073.344   1336.106  18.850  6.89334E-01  6.89077E-01  3.72935E-04
    9080.535   1343.298  18.900  6.87456E-01  6.87630E-01 -2.53727E-04
    9087.746   1350.508  18.950  6.85594E-01  6.86183E-01 -8.58599E-04
    9094.975   1357.738  19.000  6.83712E-01  6.84735E-01 -1.49529E-03
    9102.224   1364.986  19.050  6.81815E-01  6.83296E-01 -2.16785E-03
    9109.491   1372.254  19.100  6.79891E-01  6.81856E-01 -2.88322E-03
    9116.778   1379.540  19.150  6.77967E-01  6.80417E-01 -3.60256E-03
    9124.084   1386.846  19.200  6.76073E-01  6.78977E-01 -4.28014E-03
    9131.408   1394.170  19.250  6.74233E-01  6.77538E-01 -4.87956E-03
    9138.752   1401.514  19.300  6.72463E-01  6.76098E-01 -5.37947E-03
    9146.115   1408.877  19.350  6.70770E-01  6.74659E-01 -5.76678E-03
    9153.497   1416.259  19.400  6.69168E-01  6.73219E-01 -6.02117E-03
    9160.898   1423.660  19.450  6.67685E-01  6.71780E-01 -6.09896E-03
    9168.317   1431.080  19.500  6.66371E-01  6.70340E-01 -5.92567E-03
    9175.756   1438.519  19.550  6.65289E-01  6.68901E-01 -5.40363E-03
    9183.215   1445.977  19.600  6.64503E-01  6.67461E-01 -4.43604E-03
    9190.692   1453.454  19.650  6.64050E-01  6.66022E-01 -2.96201E-03
    9198.188   1460.950  19.700  6.63923E-01  6.64582E-01 -9.92521E-04
    9205.703   1468.465  19.750  6.64047E-01  6.63143E-01  1.36510E-03
    9213.237   1475.999  19.800  6.64284E-01  6.61703E-01  3.90424E-03
    9220.790   1483.553  19.850  6.64447E-01  6.60263E-01  6.34237E-03
    9228.363   1491.125  19.900  6.64331E-01  6.58824E-01  8.36784E-03
    9235.954   1498.716  19.950  6.63754E-01  6.57384E-01  9.70014E-03
    9243.565   1506.327  20.000  6.62595E-01  6.55945E-01  1.01493E-02
