# # Once                                                         FEFF 9.6.4  
# # POT  SCF 100  4.9850   0, core-hole, AFOLP (folp(0)= 1.150)
# # Abs   Z=27 Rmt= 1.355 Rnm= 1.411 K  shell
# # Pot 1 Z=27 Rmt= 1.365 Rnm= 1.420
# # Pot 2 Z=39 Rmt= 1.643 Rnm= 1.685
# # Gam_ch=1.436E+00 H-L exch Vi= 0.000E+00 Vr= 0.000E+00
# # Mu=-1.658E+01 kf=1.994E+00 Vint=-2.506E+01 Rs_int= 1.819
# # PATH  Rmax= 7.876,  Keep_limit= 0.00, Heap_limit 0.00  Pwcrit= 2.50%
#  S02=0.900  Temp= 290.00  Debye_temp= 275.00  Global_sig2= 0.00000
#  Energy zero shift, vr, vi    0.00000E+00   0.00000E+00
#  Curved wave amplitude ratio filter   4.000%
#     file         sig2 tot  cw amp ratio   deg  nlegs   reff  inp sig2
#           1       0.01109    100.00      2.00     2   2.4425
#           2       0.01109    344.00      2.00     2   2.4425
#           3       0.01121     73.76      2.00     2   2.4676
#           4       0.01121    317.20      2.00     2   2.4676
#           5       0.01168    795.80      2.00     2   3.1663
#           6       0.01168     31.19      2.00     2   3.1663
#           7       0.01252     36.61      4.00     3   3.6763
#           8       0.01252     25.41      4.00     3   3.6763
#           9       0.01252     54.20      4.00     3   3.6763
#          10       0.01252     11.35      4.00     3   3.6763
#          11       0.01261     23.62      4.00     3   3.7014
#          12       0.01531    111.90      2.00     2   3.9681
#          13       0.01549    219.40      2.00     2   4.2596
#          14       0.01549      5.97      2.00     2   4.2596
#          15       0.01549     26.44      2.00     2   4.2596
#          16       0.01549     96.27      2.00     2   4.2596
#          17       0.01550    178.80      2.00     2   4.2740
#          18       0.01550     93.00      2.00     2   4.2740
#          19       0.01504     29.58      4.00     3   4.4266
#          20       0.01504     23.04      4.00     3   4.4266
#          21       0.01531     35.37      4.00     3   4.5848
#          22       0.01531     24.16      4.00     3   4.5848
#          23       0.01531     10.75      4.00     3   4.5848
#          24       0.01531     37.10      4.00     3   4.5848
#          25       0.01531     25.58      4.00     3   4.5848
#          26       0.01531     59.53      4.00     3   4.5848
#          28       0.01531     14.51      4.00     3   4.5848
#          29       0.01533     22.61      4.00     3   4.6046
#          30       0.01533     23.99      4.00     3   4.6046
#          31       0.01533     48.19      4.00     3   4.6046
#          32       0.01563    143.90      2.00     2   4.6727
#          33       0.01563      5.02      2.00     2   4.6727
#          34       0.01563     29.55      2.00     2   4.6727
#          35       0.01563     80.71      2.00     2   4.6727
#          36       0.01307      6.91      2.00     2   4.7120
#          37       0.01307     55.40      2.00     2   4.7120
#          38       0.01557     55.52      4.00     3   4.7789
#          39       0.01557     89.92      4.00     3   4.7789
#          40       0.01557     17.28      4.00     3   4.7789
#          41       0.01557      7.61      4.00     3   4.7789
#          42       0.01568     39.06      2.00     3   4.8851
#          43       0.01568     14.49      2.00     3   4.8851
#          44       0.01568     34.82      2.00     4   4.8851
#          45       0.01568     13.96      2.00     4   4.8851
#          46       0.04435      8.02      2.00     4   4.8851
#          47       0.04435     17.72      2.00     4   4.8851
#          48       0.01674     10.84      2.00     4   4.8851
#          49       0.01674     16.55      2.00     4   4.8851
#          51       0.01674      8.99      2.00     4   4.8851
#          52       0.01569    122.10      2.00     2   4.9352
#          53       0.01569      6.15      2.00     2   4.9352
#          54       0.01569     64.02      2.00     2   4.9352
#          55       0.01569     35.85      2.00     3   4.9352
#          56       0.01569      6.57      2.00     3   4.9351
#          57       0.01569     25.35      4.00     3   4.9352
#          58       0.01569    153.80      4.00     3   4.9352
#          59       0.01569     31.81      2.00     4   4.9352
#          60       0.01569      6.92      2.00     4   4.9351
#          61       0.04485      4.79      2.00     4   4.9351
#          62       0.04485     16.24      2.00     4   4.9352
#          63       0.01569     20.58      2.00     4   4.9352
#          64       0.01569    123.00      2.00     4   4.9352
#          66       0.01326     20.52      4.00     3   5.0019
#          67       0.01499     51.00      4.00     3   5.1376
#          68       0.01499     32.72      4.00     3   5.1376
#          70       0.01499      5.34      4.00     3   5.1376
#          71       0.01347     33.91      4.00     3   5.1729
#          72       0.01347     44.17      4.00     3   5.1729
#          73       0.01347     10.70      4.00     3   5.1729
#          74       0.01347      4.51      4.00     3   5.1729
#          75       0.01342     40.49      4.00     3   5.2470
#          76       0.01342     53.03      4.00     3   5.2470
#          77       0.01342     21.86      4.00     3   5.2470
#          78       0.01342     10.10      4.00     3   5.2470
#          79       0.01590    137.40      2.00     2   5.5065
#          80       0.01590    107.80      2.00     2   5.5065
#          81       0.01590     43.56      2.00     2   5.5065
#          82       0.01590     27.40      2.00     2   5.5065
#          83       0.01577    143.50      4.00     3   5.7610
#          84       0.01577    119.50      4.00     3   5.7611
#          85       0.01577     35.44      4.00     3   5.7610
#          86       0.01577     23.16      4.00     3   5.7611
#          87       0.01609    117.10      2.00     2   5.8320
#          89       0.01609     82.31      2.00     2   5.8320
#          91       0.01805     33.87      2.00     4   6.0156
#          92       0.01805     32.45      2.00     4   6.0156
#          93       0.01805      8.40      2.00     4   6.0156
#          94       0.01805      5.68      2.00     4   6.0156
#          95       0.01600    119.30      4.00     3   6.0823
#          96       0.01600     93.20      4.00     3   6.0823
#          98       0.01600      5.83      4.00     3   6.0823
#          99       0.01628     39.68      2.00     2   6.1202
#         100       0.01628     27.60      2.00     2   6.1202
#         101       0.01639     13.56      4.00     3   6.2654
#         102       0.01639     22.81      4.00     3   6.2654
#         103       0.01639     10.25      4.00     3   6.2654
#         104       0.01639     15.29      4.00     3   6.2654
#         105       0.01639     10.17      4.00     3   6.2654
#         106       0.01639     15.49      4.00     3   6.2654
#         107       0.01644     93.41      2.00     2   6.3326
#         109       0.01644     64.27      2.00     2   6.3326
#         111       0.01644      5.41      2.00     2   6.3326
#         112       0.01644     26.50      2.00     2   6.3326
#         113       0.01089      6.48      2.00     3   6.3325
#         114       0.01089     94.25      2.00     3   6.3325
#         115       0.01644    400.50      4.00     3   6.3326
#         116       0.01644     28.04      4.00     3   6.3326
#         118       0.01089     43.93      2.00     4   6.3325
#         119       0.04672     31.16      2.00     4   6.3325
#         120       0.01830     30.23      2.00     4   6.3325
#         121       0.01644    435.70      2.00     4   6.3326
#         122       0.01830     30.03      2.00     4   6.3326
#         124       0.01644     31.17      2.00     4   6.3326
#         127       0.01378     97.55      2.00     2   6.4433
#         128       0.01378      5.92      2.00     2   6.4433
#         130       0.01657      7.93      4.00     3   6.5173
#         131       0.01657     27.90      4.00     3   6.5173
#         132       0.01657     11.15      4.00     3   6.5173
#         135       0.01657     20.04      4.00     3   6.5173
#         136       0.01657      8.16      4.00     3   6.5173
#         138       0.01657     23.65      4.00     3   6.5173
#         140       0.01657      9.75      4.00     3   6.5173
#         142       0.01657      6.82      2.00     2   6.5192
#         143       0.01657      7.80      2.00     2   6.5192
#         144       0.01657     38.64      2.00     2   6.5192
#         146       0.01658     59.18      2.00     2   6.5286
#         147       0.01658     40.54      2.00     2   6.5286
#         148       0.01658     10.71      2.00     2   6.5286
#         149       0.01665      8.37      4.00     3   6.6231
#         150       0.01665     30.56      4.00     3   6.6232
#         151       0.01665     11.72      4.00     3   6.6232
#         154       0.01665      8.82      4.00     3   6.6232
#         156       0.01665     18.35      4.00     3   6.6232
#         157       0.01665      8.15      4.00     3   6.6351
#         158       0.01665     27.37      4.00     3   6.6351
#         160       0.01665      9.56      4.00     3   6.6351
#         161       0.01665     25.33      4.00     3   6.6351
#         162       0.01665     18.13      4.00     3   6.6351
#         163       0.01437     10.59      4.00     3   6.7888
#         164       0.01437     24.64      4.00     3   6.7888
#         165       0.01383     82.98      4.00     3   6.7888
#         166       0.01383     13.99      4.00     3   6.7888
#         167       0.01400     90.20      2.00     2   6.8234
#         168       0.01400      7.53      2.00     2   6.8234
#         169       0.01400     43.03      2.00     2   6.8234
#         170       0.01400     33.25      2.00     2   6.8234
#         172       0.01424     32.97      4.00     3   6.9661
#         173       0.01424     11.73      4.00     3   6.9661
#         174       0.01424     15.81      4.00     3   6.9661
#         176       0.01416      9.27      4.00     3   7.0015
#         177       0.01416     15.64      4.00     3   7.0015
#         179       0.01416     28.44      4.00     3   7.0015
#         180       0.01416     13.84      4.00     3   7.0015
#         182       0.01416     12.99      4.00     3   7.0015
#         183       0.01691     51.42      2.00     2   7.0452
#         185       0.01691     32.61      2.00     2   7.0452
#         186       0.01691      5.81      2.00     2   7.0452
#         187       0.01415     18.63      4.00     3   7.0493
#         189       0.01693     11.82      4.00     3   7.0802
#         190       0.01693     26.39      4.00     3   7.0802
#         191       0.01693     12.80      4.00     3   7.0802
#         193       0.01693     56.01      4.00     3   7.0802
#         195       0.01693     35.22      4.00     3   7.0802
#         196       0.01693      8.36      4.00     3   7.0802
#         197       0.01451     10.95      4.00     3   7.1318
#         198       0.01451      6.92      4.00     3   7.1318
#         199       0.01451     22.95      4.00     3   7.1318
#         200       0.01451     31.75      4.00     3   7.1318
#         201       0.01679     17.88      2.00     4   7.1343
#         202       0.01679      8.15      2.00     4   7.1343
#         203       0.01446     26.38      4.00     3   7.1849
#         206       0.01446     39.65      4.00     3   7.1849
#         207       0.01699     11.53      4.00     3   7.1864
#         208       0.01699     17.58      4.00     3   7.1864
#         209       0.01699      5.39      4.00     3   7.1864
#         211       0.01699      8.61      4.00     4   7.1864
#         212       0.01699     11.60      4.00     4   7.1864
#         213       0.01699      4.67      4.00     4   7.1864
#   178/ 190 paths used
#  xsedge+50, used to normalize mu           2.9065E-04
#  -----------------------------------------------------------------------
#  omega    e    k    mu    mu0     chi     @#
    7718.364    -16.575   0.050  5.65220E-01  3.08920E-01  4.82168E-01
    7718.393    -16.547   0.100  5.73573E-01  3.13842E-01  4.87629E-01
    7718.440    -16.499   0.150  5.97894E-01  3.28479E-01  5.02758E-01
    7718.507    -16.432   0.200  6.21564E-01  3.43117E-01  5.16495E-01
    7718.593    -16.347   0.250  6.57128E-01  3.65827E-01  5.35046E-01
    7718.698    -16.242   0.300  6.90431E-01  3.88536E-01  5.49124E-01
    7718.821    -16.118   0.350  7.26185E-01  4.14768E-01  5.59012E-01
    7718.964    -15.975   0.400  7.56710E-01  4.41000E-01  5.59377E-01
    7719.126    -15.813   0.450  7.77522E-01  4.65963E-01  5.43181E-01
    7719.307    -15.632   0.500  7.89271E-01  4.90926E-01  5.11943E-01
    7719.507    -15.432   0.550  7.81081E-01  5.12943E-01  4.51709E-01
    7719.726    -15.213   0.600  7.60886E-01  5.34959E-01  3.73775E-01
    7719.964    -14.975   0.650  7.14860E-01  5.54572E-01  2.59887E-01
    7720.222    -14.718   0.700  6.57845E-01  5.74184E-01  1.32990E-01
    7720.498    -14.442   0.750  5.76654E-01  5.92319E-01 -2.43789E-02
    7720.793    -14.146   0.800  4.92706E-01  6.10454E-01 -1.79480E-01
    7721.107    -13.832   0.850  3.98380E-01  6.27746E-01 -3.42115E-01
    7721.441    -13.499   0.900  3.16743E-01  6.45038E-01 -4.79391E-01
    7721.793    -13.146   0.950  2.48923E-01  6.61780E-01 -5.89993E-01
    7722.165    -12.775   1.000  2.08750E-01  6.78523E-01 -6.57285E-01
    7722.555    -12.384   1.050  2.02339E-01  6.94782E-01 -6.74665E-01
    7722.965    -11.975   1.100  2.26616E-01  7.11041E-01 -6.50150E-01
    7723.393    -11.546   1.150  2.84301E-01  7.26753E-01 -5.82046E-01
    7723.841    -11.098   1.200  3.64313E-01  7.42466E-01 -4.87790E-01
    7724.308    -10.632   1.250  4.60965E-01  7.57463E-01 -3.75381E-01
    7724.794    -10.146   1.300  5.64768E-01  7.72460E-01 -2.58168E-01
    7725.298     -9.641   1.350  6.66276E-01  7.86583E-01 -1.47012E-01
    7725.822     -9.117   1.400  7.58770E-01  8.00706E-01 -5.03910E-02
    7726.365     -8.574   1.450  8.35743E-01  8.13772E-01  2.59996E-02
    7726.927     -8.012   1.500  8.94621E-01  8.26839E-01  7.90106E-02
    7727.508     -7.431   1.550  9.35378E-01  8.38703E-01  1.11190E-01
    7728.108     -6.831   1.600  9.59564E-01  8.50566E-01  1.23715E-01
    7728.727     -6.212   1.650  9.71884E-01  8.61106E-01  1.24304E-01
    7729.366     -5.574   1.700  9.75128E-01  8.71646E-01  1.14810E-01
    7730.023     -4.917   1.750  9.73581E-01  8.80792E-01  1.01969E-01
    7730.699     -4.240   1.800  9.69191E-01  8.89938E-01  8.62761E-02
    7731.394     -3.545   1.850  9.62436E-01  8.97639E-01  6.99977E-02
    7732.109     -2.831   1.900  9.55342E-01  9.05341E-01  5.36039E-02
    7732.842     -2.097   1.950  9.45542E-01  9.11564E-01  3.62117E-02
    7733.595     -1.345   2.000  9.36924E-01  9.17787E-01  2.02753E-02
    7734.366     -0.573   2.050  9.28138E-01  9.21977E-01  6.50402E-03
    7735.157      0.217   2.100  9.21694E-01  9.26167E-01 -4.70567E-03
    7735.966      1.027   2.150  9.17976E-01  9.30357E-01 -1.29781E-02
    7736.795      1.856   2.200  9.17194E-01  9.34548E-01 -1.81259E-02
    7737.643      2.703   2.250  9.14745E-01  9.36159E-01 -2.23689E-02
    7738.509      3.570   2.300  9.15570E-01  9.37771E-01 -2.31931E-02
    7739.395      4.456   2.350  9.19542E-01  9.39383E-01 -2.07291E-02
    7740.300      5.361   2.400  9.26526E-01  9.40994E-01 -1.51172E-02
    7741.224      6.285   2.450  9.40355E-01  9.46179E-01 -6.07894E-03
    7742.167      7.228   2.500  9.55910E-01  9.51364E-01  4.73901E-03
    7743.129      8.190   2.550  9.71414E-01  9.56549E-01  1.54806E-02
    7744.110      9.171   2.600  9.85178E-01  9.61734E-01  2.43882E-02
    7745.110     10.171   2.650  9.94060E-01  9.64711E-01  3.04534E-02
    7746.129     11.190   2.700  9.99969E-01  9.67688E-01  3.34099E-02
    7747.168     12.228   2.750  1.00229E+00  9.70666E-01  3.26438E-02
    7748.225     13.285   2.800  1.00098E+00  9.73643E-01  2.81503E-02
    7749.301     14.362   2.850  9.96345E-01  9.75491E-01  2.14219E-02
    7750.397     15.457   2.900  9.88907E-01  9.77339E-01  1.18535E-02
    7751.511     16.572   2.950  9.79400E-01  9.79187E-01  2.18150E-04
    7752.645     17.705   3.000  9.69104E-01  9.81035E-01 -1.21661E-02
    7753.797     18.858   3.050  9.58939E-01  9.82476E-01 -2.39560E-02
    7754.969     20.029   3.100  9.50760E-01  9.83917E-01 -3.36820E-02
    7756.159     21.220   3.150  9.46501E-01  9.85358E-01 -3.93975E-02
    7757.369     22.429   3.200  9.47529E-01  9.86799E-01 -3.97399E-02
    7758.598     23.658   3.250  9.52923E-01  9.87346E-01 -3.47767E-02
    7759.845     24.906   3.300  9.63852E-01  9.87893E-01 -2.42476E-02
    7761.112     26.173   3.350  9.79174E-01  9.88440E-01 -9.32970E-03
    7762.398     27.459   3.400  9.96912E-01  9.88986E-01  7.96718E-03
    7763.703     28.764   3.450  1.01441E+00  9.89734E-01  2.47743E-02
    7765.027     30.088   3.500  1.03008E+00  9.90482E-01  3.97148E-02
    7766.370     31.431   3.550  1.04227E+00  9.91230E-01  5.11328E-02
    7767.732     32.793   3.600  1.04992E+00  9.91978E-01  5.79782E-02
    7769.113     34.174   3.650  1.05189E+00  9.92259E-01  5.95838E-02
    7770.513     35.574   3.700  1.04906E+00  9.92540E-01  5.64034E-02
    7771.933     36.993   3.750  1.04191E+00  9.92821E-01  4.89255E-02
    7773.371     38.431   3.800  1.03122E+00  9.93102E-01  3.79396E-02
    7774.828     39.889   3.850  1.01820E+00  9.93826E-01  2.42301E-02
    7776.305     41.365   3.900  1.00355E+00  9.94550E-01  8.93711E-03
    7777.800     42.860   3.950  9.88570E-01  9.95274E-01 -6.65055E-03
    7779.314     44.375   4.000  9.74587E-01  9.95998E-01 -2.12154E-02
    7780.848     45.908   4.050  9.62234E-01  9.96540E-01 -3.39528E-02
    7782.400     47.461   4.100  9.53208E-01  9.97083E-01 -4.33698E-02
    7783.972     49.033   4.150  9.48144E-01  9.97625E-01 -4.88528E-02
    7785.563     50.623   4.200  9.47136E-01  9.98168E-01 -5.03230E-02
    7787.172     52.233   4.250  9.49764E-01  9.98867E-01 -4.83696E-02
    7788.801     53.862   4.300  9.55637E-01  9.99567E-01 -4.32270E-02
    7790.449     55.510   4.350  9.63665E-01  1.00027E+00 -3.59774E-02
    7792.116     57.176   4.400  9.72663E-01  1.00097E+00 -2.77910E-02
    7793.802     58.862   4.450  9.82039E-01  1.00168E+00 -1.92710E-02
    7795.507     60.567   4.500  9.90537E-01  1.00240E+00 -1.16263E-02
    7797.231     62.291   4.550  9.97421E-01  1.00311E+00 -5.57565E-03
    7798.974     64.034   4.600  1.00235E+00  1.00383E+00 -1.45022E-03
    7800.736     65.797   4.650  1.00550E+00  1.00427E+00  1.20657E-03
    7802.517     67.578   4.700  1.00723E+00  1.00470E+00  2.46597E-03
    7804.317     69.378   4.750  1.00834E+00  1.00514E+00  3.12502E-03
    7806.137     71.197   4.800  1.00982E+00  1.00557E+00  4.14259E-03
    7807.975     73.036   4.850  1.01279E+00  1.00589E+00  6.73260E-03
    7809.832     74.893   4.900  1.01761E+00  1.00620E+00  1.11231E-02
    7811.709     76.769   4.950  1.02419E+00  1.00652E+00  1.72280E-02
    7813.604     78.665   5.000  1.03180E+00  1.00683E+00  2.43380E-02
    7815.519     80.579   5.050  1.03896E+00  1.00687E+00  3.12785E-02
    7817.452     82.513   5.100  1.04417E+00  1.00690E+00  3.63272E-02
    7819.405     84.466   5.150  1.04612E+00  1.00693E+00  3.81927E-02
    7821.377     86.437   5.200  1.04412E+00  1.00697E+00  3.62001E-02
    7823.367     88.428   5.250  1.03775E+00  1.00671E+00  3.02595E-02
    7825.377     90.438   5.300  1.02859E+00  1.00646E+00  2.15860E-02
    7827.406     92.466   5.350  1.01835E+00  1.00620E+00  1.18525E-02
    7829.454     94.514   5.400  1.00885E+00  1.00594E+00  2.83928E-03
    7831.521     96.581   5.450  1.00119E+00  1.00543E+00 -4.14112E-03
    7833.607     98.667   5.500  9.96403E-01  1.00492E+00 -8.32011E-03
    7835.712    100.772   5.550  9.94201E-01  1.00440E+00 -9.97772E-03
    7837.836    102.896   5.600  9.93558E-01  1.00389E+00 -1.01114E-02
    7839.979    105.039   5.650  9.92915E-01  1.00313E+00 -1.00082E-02
    7842.141    107.202   5.700  9.91369E-01  1.00238E+00 -1.07907E-02
    7844.322    109.383   5.750  9.88381E-01  1.00162E+00 -1.29887E-02
    7846.523    111.583   5.800  9.84181E-01  1.00086E+00 -1.63813E-02
    7848.742    113.802   5.850  9.79562E-01  9.99980E-01 -2.00731E-02
    7850.980    116.041   5.900  9.75741E-01  9.99098E-01 -2.29884E-02
    7853.238    118.298   5.950  9.73640E-01  9.98215E-01 -2.42152E-02
    7855.514    120.575   6.000  9.73628E-01  9.97333E-01 -2.33836E-02
    7857.810    122.870   6.050  9.75384E-01  9.96326E-01 -2.06840E-02
    7860.124    125.185   6.100  9.78002E-01  9.95319E-01 -1.71254E-02
    7862.458    127.518   6.150  9.80473E-01  9.94313E-01 -1.37040E-02
    7864.810    129.871   6.200  9.82074E-01  9.93306E-01 -1.11353E-02
    7867.182    132.243   6.250  9.82681E-01  9.92299E-01 -9.54809E-03
    7869.573    134.633   6.300  9.82830E-01  9.91292E-01 -8.41119E-03
    7871.983    137.043   6.350  9.83530E-01  9.90286E-01 -6.72324E-03
    7874.412    139.472   6.400  9.85867E-01  9.89279E-01 -3.39943E-03
    7876.860    141.920   6.450  9.90560E-01  9.88272E-01  2.28225E-03
    7879.326    144.387   6.500  9.97610E-01  9.87265E-01  1.03345E-02
    7881.812    146.873   6.550  1.00626E+00  9.86321E-01  1.99401E-02
    7884.318    149.378   6.600  1.01487E+00  9.85376E-01  2.95323E-02
    7886.842    151.902   6.650  1.02161E+00  9.84432E-01  3.72834E-02
    7889.385    154.445   6.700  1.02490E+00  9.83487E-01  4.15761E-02
    7891.947    157.008   6.750  1.02376E+00  9.82543E-01  4.14302E-02
    7894.528    159.589   6.800  1.01810E+00  9.81598E-01  3.67386E-02
    7897.129    162.189   6.850  1.00869E+00  9.80654E-01  2.82551E-02
    7899.748    164.809   6.900  9.96914E-01  9.79709E-01  1.73593E-02
    7902.386    167.447   6.950  9.84398E-01  9.78765E-01  5.69046E-03
    7905.044    170.104   7.000  9.72648E-01  9.77820E-01 -5.23183E-03
    7907.720    172.781   7.050  9.62832E-01  9.76990E-01 -1.43376E-02
    7910.416    175.477   7.100  9.55466E-01  9.76160E-01 -2.09802E-02
    7913.131    178.191   7.150  9.50631E-01  9.75329E-01 -2.50703E-02
    7915.864    180.925   7.200  9.48074E-01  9.74499E-01 -2.68553E-02
    7918.617    183.677   7.250  9.47403E-01  9.73669E-01 -2.67243E-02
    7921.389    186.449   7.300  9.48241E-01  9.72839E-01 -2.50576E-02
    7924.180    189.240   7.350  9.50280E-01  9.72008E-01 -2.21608E-02
    7926.989    192.050   7.400  9.53271E-01  9.71178E-01 -1.82848E-02
    7929.818    194.879   7.450  9.56954E-01  9.70348E-01 -1.36926E-02
    7932.666    197.727   7.500  9.60995E-01  9.69518E-01 -8.72348E-03
    7935.533    200.594   7.550  9.64948E-01  9.68637E-01 -3.78153E-03
    7938.419    203.480   7.600  9.68389E-01  9.67757E-01  6.48041E-04
    7941.324    206.385   7.650  9.70883E-01  9.66877E-01  4.11570E-03
    7944.249    209.309   7.700  9.72170E-01  9.65997E-01  6.35060E-03
    7947.192    212.252   7.750  9.72253E-01  9.65117E-01  7.35108E-03
    7950.154    215.215   7.800  9.71408E-01  9.64237E-01  7.39656E-03
    7953.135    218.196   7.850  9.70104E-01  9.63357E-01  6.96883E-03
    7956.136    221.196   7.900  9.68863E-01  9.62477E-01  6.60403E-03
    7959.155    224.216   7.950  9.68088E-01  9.61597E-01  6.72220E-03
    7962.194    227.254   8.000  9.67941E-01  9.60717E-01  7.49047E-03
    7965.251    230.312   8.050  9.68198E-01  9.59714E-01  8.81055E-03
    7968.328    233.388   8.100  9.68574E-01  9.58710E-01  1.02570E-02
    7971.423    236.484   8.150  9.68516E-01  9.57707E-01  1.12551E-02
    7974.538    239.599   8.200  9.67494E-01  9.56703E-01  1.12517E-02
    7977.672    242.732   8.250  9.65174E-01  9.55700E-01  9.89285E-03
    7980.824    245.885   8.300  9.61530E-01  9.54697E-01  7.14470E-03
    7983.996    249.057   8.350  9.56865E-01  9.53693E-01  3.32158E-03
    7987.187    252.248   8.400  9.51750E-01  9.52690E-01 -9.84978E-04
    7990.397    255.458   8.450  9.46874E-01  9.51686E-01 -5.05350E-03
    7993.626    258.687   8.500  9.42873E-01  9.50683E-01 -8.21215E-03
    7996.874    261.935   8.550  9.40056E-01  9.49613E-01 -1.00616E-02
    8000.141    265.202   8.600  9.38669E-01  9.48543E-01 -1.04089E-02
    8003.427    268.488   8.650  9.38571E-01  9.47473E-01 -9.39619E-03
    8006.732    271.793   8.700  9.39382E-01  9.46403E-01 -7.41997E-03
    8010.057    275.117   8.750  9.40598E-01  9.45333E-01 -5.01025E-03
    8013.400    278.460   8.800  9.41725E-01  9.44263E-01 -2.68839E-03
    8016.762    281.823   8.850  9.42396E-01  9.43193E-01 -8.45305E-04
    8020.143    285.204   8.900  9.42433E-01  9.42123E-01  3.29376E-04
    8023.544    288.604   8.950  9.41855E-01  9.41053E-01  8.53541E-04
    8026.963    292.024   9.000  9.40829E-01  9.39983E-01  9.00837E-04
    8030.402    295.462   9.050  9.39572E-01  9.38908E-01  7.07159E-04
    8033.859    298.920   9.100  9.38304E-01  9.37834E-01  5.01797E-04
    8037.336    302.397   9.150  9.37159E-01  9.36760E-01  4.26636E-04
    8040.832    305.892   9.200  9.36167E-01  9.35686E-01  5.15047E-04
    8044.346    309.407   9.250  9.35270E-01  9.34612E-01  7.04674E-04
    8047.880    312.941   9.300  9.34361E-01  9.33537E-01  8.82365E-04
    8051.433    316.494   9.350  9.33341E-01  9.32463E-01  9.41815E-04
    8055.005    320.065   9.400  9.32164E-01  9.31389E-01  8.32049E-04
    8058.596    323.656   9.450  9.30854E-01  9.30315E-01  5.80020E-04
    8062.206    327.266   9.500  9.29502E-01  9.29241E-01  2.81131E-04
    8065.835    330.895   9.550  9.28329E-01  9.28257E-01  7.76760E-05
    8069.483    334.543   9.600  9.27332E-01  9.27273E-01  6.41379E-05
    8073.150    338.210   9.650  9.26574E-01  9.26289E-01  3.08018E-04
    8076.836    341.897   9.700  9.26046E-01  9.25305E-01  8.00847E-04
    8080.541    345.602   9.750  9.25667E-01  9.24321E-01  1.45567E-03
    8084.266    349.326   9.800  9.25304E-01  9.23337E-01  2.12909E-03
    8088.009    353.069   9.850  9.24808E-01  9.22353E-01  2.65980E-03
    8091.771    356.832   9.900  9.24053E-01  9.21369E-01  2.91107E-03
    8095.553    360.613   9.950  9.22968E-01  9.20385E-01  2.80417E-03
    8099.353    364.414  10.000  9.21549E-01  9.19401E-01  2.33416E-03
    8103.173    368.233  10.050  9.19777E-01  9.18330E-01  1.57432E-03
    8107.011    372.072  10.100  9.17806E-01  9.17258E-01  5.95694E-04
    8110.869    375.929  10.150  9.15761E-01  9.16187E-01 -4.64790E-04
    8114.745    379.806  10.200  9.13770E-01  9.15116E-01 -1.46879E-03
    8118.641    383.702  10.250  9.11938E-01  9.14045E-01 -2.30237E-03
    8122.556    387.616  10.300  9.10330E-01  9.12974E-01 -2.89193E-03
    8126.490    391.550  10.350  9.08973E-01  9.11903E-01 -3.20831E-03
    8130.443    395.503  10.400  9.07857E-01  9.10832E-01 -3.26077E-03
    8134.414    399.475  10.450  9.06949E-01  9.09761E-01 -3.08498E-03
    8138.405    403.466  10.500  9.06205E-01  9.08690E-01 -2.72957E-03
    8142.415    407.476  10.550  9.05577E-01  9.07619E-01 -2.24508E-03
    8146.444    411.505  10.600  9.05024E-01  9.06548E-01 -1.67710E-03
    8150.493    415.553  10.650  9.04511E-01  9.05477E-01 -1.06380E-03
    8154.560    419.620  10.700  9.04010E-01  9.04406E-01 -4.36689E-04
    8158.646    423.706  10.750  9.03495E-01  9.03335E-01  1.77018E-04
    8162.751    427.812  10.800  9.02944E-01  9.02264E-01  7.51756E-04
    8166.876    431.936  10.850  9.02333E-01  9.01193E-01  1.26182E-03
    8171.019    436.079  10.900  9.01639E-01  9.00121E-01  1.68105E-03
    8175.181    440.242  10.950  9.00839E-01  8.99050E-01  1.98423E-03
    8179.363    444.423  11.000  8.99916E-01  8.97979E-01  2.15027E-03
    8183.563    448.624  11.050  8.98743E-01  8.96751E-01  2.21510E-03
    8187.783    452.843  11.100  8.97425E-01  8.95522E-01  2.11959E-03
    8192.021    457.082  11.150  8.95976E-01  8.94293E-01  1.87595E-03
    8196.279    461.340  11.200  8.94421E-01  8.93065E-01  1.51458E-03
    8200.556    465.616  11.250  8.92800E-01  8.91836E-01  1.07856E-03
    8204.852    469.912  11.300  8.91157E-01  8.90607E-01  6.15401E-04
    8209.166    474.227  11.350  8.89528E-01  8.89378E-01  1.68141E-04
    8213.500    478.561  11.400  8.87943E-01  8.88150E-01 -2.31575E-04
    8217.853    482.914  11.450  8.86417E-01  8.86921E-01 -5.66828E-04
    8222.225    487.286  11.500  8.84951E-01  8.85692E-01 -8.34370E-04
    8226.616    491.677  11.550  8.83541E-01  8.84464E-01 -1.03990E-03
    8231.026    496.087  11.600  8.82179E-01  8.83235E-01 -1.19151E-03
    8235.455    500.516  11.650  8.80862E-01  8.82006E-01 -1.29369E-03
    8239.903    504.964  11.700  8.79590E-01  8.80778E-01 -1.34399E-03
    8244.371    509.431  11.750  8.78372E-01  8.79549E-01 -1.33353E-03
    8248.857    513.917  11.800  8.77218E-01  8.78320E-01 -1.25101E-03
    8253.362    518.423  11.850  8.76133E-01  8.77091E-01 -1.08892E-03
    8257.887    522.947  11.900  8.75116E-01  8.75863E-01 -8.49367E-04
    8262.430    527.490  11.950  8.74154E-01  8.74634E-01 -5.47589E-04
    8266.992    532.053  12.000  8.73220E-01  8.73405E-01 -2.11533E-04
    8271.574    536.634  12.050  8.72258E-01  8.72151E-01  1.21713E-04
    8276.174    541.235  12.100  8.71276E-01  8.70897E-01  4.33601E-04
    8280.794    545.855  12.150  8.70248E-01  8.69643E-01  6.92856E-04
    8285.433    550.493  12.200  8.69152E-01  8.68389E-01  8.76144E-04
    8290.090    555.151  12.250  8.67980E-01  8.67135E-01  9.70878E-04
    8294.767    559.828  12.300  8.66729E-01  8.65881E-01  9.75718E-04
    8299.463    564.524  12.350  8.65407E-01  8.64627E-01  8.99176E-04
    8304.178    569.238  12.400  8.64029E-01  8.63373E-01  7.57146E-04
    8308.912    573.972  12.450  8.62612E-01  8.62119E-01  5.70114E-04
    8313.665    578.725  12.500  8.61176E-01  8.60865E-01  3.60576E-04
    8318.437    583.497  12.550  8.59741E-01  8.59611E-01  1.50799E-04
    8323.228    588.288  12.600  8.58323E-01  8.58356E-01 -3.91581E-05
    8328.038    593.098  12.650  8.56936E-01  8.57102E-01 -1.93278E-04
    8332.867    597.928  12.700  8.55590E-01  8.55848E-01 -3.01184E-04
    8337.715    602.776  12.750  8.54286E-01  8.54594E-01 -3.59216E-04
    8342.582    607.643  12.800  8.53023E-01  8.53340E-01 -3.70593E-04
    8347.469    612.529  12.850  8.51792E-01  8.52086E-01 -3.44352E-04
    8352.374    617.435  12.900  8.50582E-01  8.50832E-01 -2.93165E-04
    8357.299    622.359  12.950  8.49381E-01  8.49578E-01 -2.30464E-04
    8362.242    627.303  13.000  8.48181E-01  8.48324E-01 -1.67689E-04
    8367.204    632.265  13.050  8.46908E-01  8.47006E-01 -1.15034E-04
    8372.186    637.247  13.100  8.45627E-01  8.45688E-01 -7.10917E-05
    8377.187    642.247  13.150  8.44338E-01  8.44370E-01 -3.68823E-05
    8382.206    647.267  13.200  8.43042E-01  8.43052E-01 -1.10119E-05
    8387.245    652.306  13.250  8.41741E-01  8.41734E-01  8.73090E-06
    8392.303    657.363  13.300  8.40436E-01  8.40416E-01  2.39445E-05
    8397.380    662.440  13.350  8.39127E-01  8.39098E-01  3.48979E-05
    8402.475    667.536  13.400  8.37814E-01  8.37780E-01  4.07320E-05
    8407.590    672.651  13.450  8.36495E-01  8.36461E-01  4.03673E-05
    8412.724    677.785  13.500  8.35172E-01  8.35143E-01  3.36090E-05
    8417.877    682.938  13.550  8.33844E-01  8.33825E-01  2.18780E-05
    8423.049    688.110  13.600  8.32514E-01  8.32507E-01  8.19149E-06
    8428.240    693.301  13.650  8.31186E-01  8.31189E-01 -3.62549E-06
    8433.451    698.511  13.700  8.29863E-01  8.29871E-01 -1.01626E-05
    8438.680    703.740  13.750  8.28545E-01  8.28553E-01 -9.55042E-06
    8443.928    708.989  13.800  8.27233E-01  8.27235E-01 -2.01187E-06
    8449.195    714.256  13.850  8.25926E-01  8.25917E-01  1.03757E-05
    8454.482    719.542  13.900  8.24619E-01  8.24599E-01  2.45692E-05
    8459.787    724.848  13.950  8.23312E-01  8.23281E-01  3.76852E-05
    8465.112    730.172  14.000  8.22002E-01  8.21963E-01  4.78672E-05
    8470.455    735.516  14.050  8.20635E-01  8.20588E-01  5.70526E-05
    8475.818    740.878  14.100  8.19265E-01  8.19213E-01  6.32269E-05
    8481.199    746.260  14.150  8.17892E-01  8.17838E-01  6.64978E-05
    8486.600    751.660  14.200  8.16517E-01  8.16463E-01  6.67842E-05
    8492.020    757.080  14.250  8.15140E-01  8.15088E-01  6.35094E-05
    8497.458    762.519  14.300  8.13758E-01  8.13713E-01  5.56978E-05
    8502.916    767.977  14.350  8.12372E-01  8.12337E-01  4.24546E-05
    8508.393    773.454  14.400  8.10982E-01  8.10962E-01  2.36138E-05
    8513.889    778.949  14.450  8.09588E-01  8.09587E-01  2.37936E-07
    8519.404    784.464  14.500  8.08192E-01  8.08212E-01 -2.53012E-05
    8524.938    789.998  14.550  8.06797E-01  8.06837E-01 -4.97553E-05
    8530.491    795.551  14.600  8.05406E-01  8.05462E-01 -6.98179E-05
    8536.063    801.124  14.650  8.04020E-01  8.04087E-01 -8.30211E-05
    8541.654    806.715  14.700  8.02641E-01  8.02712E-01 -8.83615E-05
    8547.264    812.325  14.750  8.01267E-01  8.01337E-01 -8.64112E-05
    8552.894    817.954  14.800  7.99899E-01  7.99962E-01 -7.88880E-05
    8558.542    823.602  14.850  7.98532E-01  7.98587E-01 -6.78828E-05
    8564.209    829.270  14.900  7.97168E-01  7.97212E-01 -5.50878E-05
    8569.896    834.956  14.950  7.95804E-01  7.95837E-01 -4.13500E-05
    8575.601    840.662  15.000  7.94440E-01  7.94462E-01 -2.67241E-05
    8581.326    846.386  15.050  7.93068E-01  7.93077E-01 -1.14725E-05
    8587.069    852.130  15.100  7.91697E-01  7.91692E-01  6.11226E-06
    8592.832    857.892  15.150  7.90328E-01  7.90307E-01  2.55339E-05
    8598.613    863.674  15.200  7.88959E-01  7.88923E-01  4.52803E-05
    8604.414    869.475  15.250  7.87588E-01  7.87538E-01  6.29721E-05
    8610.234    875.294  15.300  7.86213E-01  7.86153E-01  7.59075E-05
    8616.073    881.133  15.350  7.84833E-01  7.84769E-01  8.18199E-05
    8621.930    886.991  15.400  7.83446E-01  7.83384E-01  7.95733E-05
    8627.807    892.868  15.450  7.82054E-01  7.81999E-01  6.95395E-05
    8633.703    898.764  15.500  7.80656E-01  7.80614E-01  5.35182E-05
    8639.618    904.679  15.550  7.79256E-01  7.79230E-01  3.42333E-05
    8645.552    910.613  15.600  7.77856E-01  7.77845E-01  1.45942E-05
    8651.505    916.566  15.650  7.76458E-01  7.76460E-01 -3.01517E-06
    8657.478    922.538  15.700  7.75062E-01  7.75076E-01 -1.71828E-05
    8663.469    928.529  15.750  7.73670E-01  7.73691E-01 -2.75318E-05
    8669.479    934.540  15.800  7.72279E-01  7.72306E-01 -3.44386E-05
    8675.508    940.569  15.850  7.70892E-01  7.70921E-01 -3.85714E-05
    8681.557    946.617  15.900  7.69506E-01  7.69537E-01 -4.04644E-05
    8687.624    952.685  15.950  7.68121E-01  7.68152E-01 -4.03022E-05
    8693.711    958.771  16.000  7.66738E-01  7.66767E-01 -3.79749E-05
    8699.816    964.877  16.050  7.65312E-01  7.65338E-01 -3.48519E-05
    8705.941    971.001  16.100  7.63887E-01  7.63909E-01 -2.91292E-05
    8712.084    977.145  16.150  7.62464E-01  7.62480E-01 -2.10380E-05
    8718.247    983.307  16.200  7.61043E-01  7.61052E-01 -1.13255E-05
    8724.429    989.489  16.250  7.59622E-01  7.59623E-01 -1.15178E-06
    8730.629    995.690  16.300  7.58200E-01  7.58194E-01  8.17587E-06
    8736.849   1001.910  16.350  7.56777E-01  7.56765E-01  1.55350E-05
    8743.088   1008.149  16.400  7.55351E-01  7.55336E-01  2.02635E-05
    8749.346   1014.406  16.450  7.53924E-01  7.53907E-01  2.22809E-05
    8755.623   1020.683  16.500  7.52495E-01  7.52478E-01  2.20231E-05
    8761.919   1026.979  16.550  7.51064E-01  7.51049E-01  2.02249E-05
    8768.234   1033.294  16.600  7.49633E-01  7.49620E-01  1.76451E-05
    8774.568   1039.629  16.650  7.48202E-01  7.48191E-01  1.48376E-05
    8780.921   1045.982  16.700  7.46771E-01  7.46762E-01  1.20484E-05
    8787.293   1052.354  16.750  7.45340E-01  7.45333E-01  9.25644E-06
    8793.685   1058.745  16.800  7.43909E-01  7.43904E-01  6.32175E-06
    8800.095   1065.155  16.850  7.42478E-01  7.42475E-01  3.16085E-06
    8806.524   1071.585  16.900  7.41046E-01  7.41046E-01 -1.31382E-07
    8812.973   1078.033  16.950  7.39615E-01  7.39618E-01 -3.26382E-06
    8819.440   1084.501  17.000  7.38184E-01  7.38189E-01 -5.83599E-06
    8825.927   1090.987  17.050  7.36758E-01  7.36764E-01 -7.91736E-06
    8832.432   1097.493  17.100  7.35333E-01  7.35340E-01 -9.02892E-06
    8838.957   1104.017  17.150  7.33909E-01  7.33915E-01 -9.05440E-06
    8845.500   1110.561  17.200  7.32485E-01  7.32491E-01 -8.10600E-06
    8852.063   1117.124  17.250  7.31062E-01  7.31067E-01 -6.48431E-06
    8858.645   1123.705  17.300  7.29639E-01  7.29642E-01 -4.58016E-06
    8865.246   1130.306  17.350  7.28216E-01  7.28218E-01 -2.75747E-06
    8871.865   1136.926  17.400  7.26792E-01  7.26793E-01 -1.26019E-06
    8878.504   1143.565  17.450  7.25369E-01  7.25369E-01 -1.73429E-07
    8885.162   1150.223  17.500  7.23945E-01  7.23944E-01  5.54561E-07
    8891.839   1156.900  17.550  7.22521E-01  7.22520E-01  1.04689E-06
    8898.535   1163.596  17.600  7.21097E-01  7.21096E-01  1.42118E-06
    8905.250   1170.311  17.650  7.19672E-01  7.19671E-01  1.73403E-06
    8911.985   1177.045  17.700  7.18248E-01  7.18247E-01  1.96647E-06
    8918.738   1183.798  17.750  7.16824E-01  7.16822E-01  2.05083E-06
    8925.510   1190.571  17.800  7.15399E-01  7.15398E-01  1.92138E-06
    8932.301   1197.362  17.850  7.13975E-01  7.13974E-01  1.56265E-06
    8939.112   1204.172  17.900  7.12550E-01  7.12549E-01  1.03257E-06
    8945.941   1211.002  17.950  7.11125E-01  7.11125E-01  4.50628E-07
    8952.790   1217.850  18.000  7.09700E-01  7.09700E-01 -4.27015E-08
    8959.657   1224.718  18.050  7.08263E-01  7.08263E-01 -3.81312E-07
    8966.544   1231.604  18.100  7.06825E-01  7.06825E-01 -4.87197E-07
    8973.449   1238.510  18.150  7.05387E-01  7.05388E-01 -3.39851E-07
    8980.374   1245.434  18.200  7.03950E-01  7.03950E-01  9.12939E-09
    8987.317   1252.378  18.250  7.02513E-01  7.02513E-01  4.54312E-07
    8994.280   1259.341  18.300  7.01076E-01  7.01075E-01  8.71024E-07
    9001.262   1266.323  18.350  6.99638E-01  6.99637E-01  1.15318E-06
    9008.263   1273.323  18.400  6.98201E-01  6.98200E-01  1.24124E-06
    9015.283   1280.343  18.450  6.96763E-01  6.96762E-01  1.13197E-06
    9022.322   1287.382  18.500  6.95325E-01  6.95325E-01  8.69231E-07
    9029.380   1294.440  18.550  6.93888E-01  6.93887E-01  5.21727E-07
    9036.457   1301.517  18.600  6.92450E-01  6.92450E-01  1.57729E-07
    9043.553   1308.613  18.650  6.91012E-01  6.91012E-01 -1.73855E-07
    9050.668   1315.729  18.700  6.89574E-01  6.89575E-01 -4.50506E-07
    9057.802   1322.863  18.750  6.88137E-01  6.88137E-01 -6.71247E-07
    9064.955   1330.016  18.800  6.86699E-01  6.86700E-01 -8.44618E-07
    9072.128   1337.188  18.850  6.85261E-01  6.85262E-01 -9.76257E-07
    9079.319   1344.380  18.900  6.83824E-01  6.83824E-01 -1.06188E-06
    9086.529   1351.590  18.950  6.82386E-01  6.82387E-01 -1.08814E-06
    9093.759   1358.819  19.000  6.80949E-01  6.80949E-01 -1.04003E-06
    9101.007   1366.068  19.050  6.79519E-01  6.79520E-01 -9.75433E-07
    9108.275   1373.336  19.100  6.78089E-01  6.78090E-01 -8.24773E-07
    9115.562   1380.622  19.150  6.76660E-01  6.76660E-01 -5.93035E-07
    9122.867   1387.928  19.200  6.75230E-01  6.75231E-01 -3.00505E-07
    9130.192   1395.252  19.250  6.73801E-01  6.73801E-01  2.08394E-08
    9137.536   1402.596  19.300  6.72371E-01  6.72371E-01  3.34190E-07
    9144.898   1409.959  19.350  6.70942E-01  6.70941E-01  6.05614E-07
    9152.280   1417.341  19.400  6.69512E-01  6.69512E-01  8.10201E-07
    9159.681   1424.742  19.450  6.68083E-01  6.68082E-01  9.35093E-07
    9167.101   1432.162  19.500  6.66653E-01  6.66652E-01  9.79141E-07
    9174.540   1439.601  19.550  6.65223E-01  6.65223E-01  9.50055E-07
    9181.998   1447.059  19.600  6.63793E-01  6.63793E-01  8.60560E-07
    9189.475   1454.536  19.650  6.62364E-01  6.62363E-01  7.25017E-07
    9196.971   1462.032  19.700  6.60934E-01  6.60934E-01  5.57402E-07
    9204.487   1469.547  19.750  6.59504E-01  6.59504E-01  3.70757E-07
    9212.021   1477.081  19.800  6.58074E-01  6.58074E-01  1.77597E-07
    9219.574   1484.635  19.850  6.56644E-01  6.56644E-01 -9.52317E-09
    9227.146   1492.207  19.900  6.55215E-01  6.55215E-01 -1.77954E-07
    9234.738   1499.798  19.950  6.53785E-01  6.53785E-01 -3.15712E-07
    9242.348   1507.409  20.000  6.52355E-01  6.52355E-01 -4.12905E-07
