# # Once                                                         FEFF 9.6.4  
# # POT  SCF 100  5.0000   0, core-hole, AFOLP (folp(0)= 1.150)
# # Abs   Z=26 Rmt= 1.360 Rnm= 1.412 K  shell
# # Pot 1 Z=57 Rmt= 1.836 Rnm= 1.836
# # Pot 2 Z=14 Rmt= 1.348 Rnm= 1.399
# # Pot 3 Z=26 Rmt= 1.365 Rnm= 1.416
# # Gam_ch=1.309E+00 H-L exch Vi= 0.000E+00 Vr= 0.000E+00
# # Mu=-1.655E+01 kf=2.106E+00 Vint=-2.556E+01 Rs_int= 1.722
# # PATH  Rmax= 8.000,  Keep_limit= 0.00, Heap_limit 0.00  Pwcrit= 2.50%
#  S02=1.000  Temp=   0.00  Debye_temp=   0.00  Global_sig2= 0.00000
#  Energy zero shift, vr, vi    0.00000E+00   0.00000E+00
#  Curved wave amplitude ratio filter   4.000%
#     file         sig2 tot  cw amp ratio   deg  nlegs   reff  inp sig2
#           1       0.00000    100.00      1.00     2   2.4151
#           2       0.00000     97.66      1.00     2   2.4443
#           3       0.00000     97.45      1.00     2   2.4470
#           4       0.00000     96.34      1.00     2   2.4613
#           5       0.00000     95.96      1.00     2   2.4663
#           6       0.00000     89.69      1.00     2   2.5524
#           7       0.00000     89.32      1.00     2   2.5578
#           8       0.00000     88.99      1.00     2   2.5625
#           9       0.00000     87.15      1.00     2   2.5898
#          10       0.00000     78.98      1.00     2   2.7206
#          11       0.00000     79.51      1.00     2   3.3276
#          12       0.00000     78.94      1.00     2   3.3394
#          13       0.00000     47.12      1.00     2   3.4653
#          14       0.00000      9.56      2.00     3   3.7077
#          15       0.00000      9.54      2.00     3   3.7231
#          16       0.00000     10.01      2.00     3   3.7253
#          17       0.00000      9.54      2.00     3   3.7258
#          18       0.00000      8.07      2.00     3   3.7274
#          19       0.00000      9.54      2.00     3   3.7343
#          20       0.00000      9.02      2.00     3   3.7425
#          21       0.00000      8.98      2.00     3   3.7453
#          22       0.00000      8.65      2.00     3   3.7696
#          23       0.00000      9.18      2.00     3   3.8237
#          24       0.00000      8.84      2.00     3   3.8243
#          25       0.00000      9.03      2.00     3   3.8265
#          26       0.00000      8.19      2.00     3   3.8421
#          27       0.00000     35.82      1.00     2   3.8968
#          28       0.00000     24.38      1.00     2   4.0842
#          29       0.00000     31.34      1.00     2   4.1170
#          30       0.00000     23.78      1.00     2   4.1192
#          31       0.00000      7.97      2.00     3   4.1627
#          32       0.00000     22.86      1.00     2   4.1752
#          33       0.00000     60.40      2.00     2   4.1792
#          34       0.00000      7.62      2.00     3   4.1809
#          35       0.00000     30.04      1.00     2   4.1880
#          36       0.00000     29.65      1.00     2   4.2102
#          37       0.00000     22.23      1.00     2   4.2146
#          38       0.00000     29.46      1.00     2   4.2216
#          39       0.00000     29.43      1.00     2   4.2229
#          40       0.00000     29.15      1.00     2   4.2390
#          41       0.00000     29.04      1.00     2   4.2458
#          42       0.00000      6.36      2.00     3   4.3679
#          43       0.00000      9.77      2.00     3   4.3842
#          44       0.00000      9.33      2.00     3   4.4036
#          45       0.00000      9.16      2.00     3   4.4107
#          46       0.00000     24.97      1.00     2   4.5076
#          47       0.00000     49.45      2.00     2   4.5252
#          48       0.00000      9.40      2.00     3   4.5332
#          49       0.00000     20.63      4.00     3   4.5339
#          50       0.00000     24.45      1.00     2   4.5450
#          51       0.00000      6.66      2.00     3   4.5491
#          52       0.00000      5.66      2.00     3   4.5540
#          53       0.00000      5.67      2.00     3   4.5571
#          54       0.00000     24.17      1.00     2   4.5656
#          55       0.00000      6.17      2.00     3   4.5708
#          56       0.00000      9.99      2.00     3   4.5748
#          57       0.00000      6.44      2.00     3   4.5780
#          58       0.00000      6.41      2.00     3   4.5822
#          59       0.00000      6.21      2.00     3   4.5850
#          60       0.00000      9.67      2.00     3   4.5861
#          61       0.00000     17.29      1.00     2   4.5881
#          62       0.00000      9.09      2.00     3   4.5950
#          63       0.00000      5.95      2.00     3   4.5975
#          64       0.00000      9.63      2.00     3   4.5983
#          65       0.00000     23.64      1.00     2   4.6052
#          66       0.00000      6.27      2.00     3   4.6091
#          67       0.00000      8.80      2.00     3   4.6108
#          68       0.00000      6.23      2.00     3   4.6131
#          69       0.00000      6.01      2.00     3   4.6220
#          70       0.00000      8.73      2.00     3   4.6217
#          71       0.00000      9.29      2.00     3   4.6216
#          72       0.00000      5.73      2.00     3   4.6264
#          73       0.00000      6.22      2.00     3   4.6285
#          74       0.00000      8.62      2.00     3   4.6288
#          75       0.00000     16.83      1.00     2   4.6296
#          76       0.00000      8.85      2.00     3   4.6348
#          77       0.00000      5.30      2.00     3   4.6388
#          78       0.00000      8.66      2.00     3   4.6494
#          79       0.00000     11.34      2.00     3   4.6941
#          80       0.00000     11.54      2.00     3   4.7042
#          81       0.00000      5.26      2.00     3   4.7118
#          82       0.00000     13.84      2.00     3   4.7168
#          83       0.00000     13.89      2.00     3   4.7168
#          84       0.00000     13.17      2.00     3   4.7219
#          85       0.00000     13.76      2.00     3   4.7315
#          86       0.00000      6.88      2.00     3   4.7792
#          87       0.00000     12.53      2.00     3   4.7842
#          88       0.00000      9.52      2.00     3   4.7876
#          89       0.00000     12.06      2.00     3   4.8144
#          90       0.00000      6.73      2.00     3   4.8152
#          91       0.00000      9.39      2.00     3   4.8264
#          92       0.00000      6.25      1.00     4   4.8301
#          93       0.00000     20.78      1.00     2   4.8404
#          94       0.00000     39.44      2.00     3   4.8615
#          95       0.00000     21.59      2.00     3   4.8684
#          98       0.00000     21.02      1.00     4   4.8827
#          99       0.00000      5.94      1.00     4   4.8886
#         100       0.00000     16.08      2.00     4   4.8914
#         101       0.00000     20.19      1.00     2   4.8934
#         102       0.00000     51.44      2.00     3   4.8936
#         103       0.00000     41.81      1.00     4   4.8939
#         104       0.00000      5.91      1.00     4   4.8941
#         105       0.00000      5.77      1.00     4   4.9226
#         106       0.00000      5.72      1.00     4   4.9325
#         107       0.00000     19.69      1.00     2   4.9409
#         108       0.00000     39.20      2.00     2   4.9491
#         109       0.00000     19.38      1.00     2   4.9707
#         110       0.00000     31.90      2.00     3   4.9718
#         111       0.00000     32.68      2.00     3   4.9773
#         112       0.00000     19.26      1.00     2   4.9819
#         113       0.00000     19.37      2.00     3   4.9848
#         114       0.00000     28.56      2.00     3   4.9861
#         115       0.00000     37.44      2.00     3   4.9897
#         117       0.00000     13.97      1.00     4   5.0027
#         118       0.00000     14.87      1.00     4   5.0057
#         119       0.00000     20.74      1.00     4   5.0088
#         120       0.00000     30.66      2.00     3   5.0140
#         121       0.00000     13.28      2.00     4   5.0137
#         122       0.00000     10.98      1.00     4   5.0231
#         123       0.00000     18.85      2.00     3   5.0275
#         125       0.00000     13.18      1.00     4   5.0460
#         126       0.00000     12.93      2.00     4   5.0560
#         127       0.00000     18.44      1.00     2   5.0647
#         128       0.00000     25.58      2.00     3   5.1036
#         129       0.00000      4.95      1.00     4   5.1048
#         130       0.00000     17.94      2.00     3   5.1076
#         131       0.00000      4.90      1.00     4   5.1156
#         132       0.00000     28.99      1.00     2   5.1201
#         133       0.00000      4.86      1.00     4   5.1251
#         134       0.00000     12.24      2.00     4   5.1357
#         135       0.00000     28.71      1.00     2   5.1400
#         136       0.00000      9.44      1.00     4   5.1424
#         137       0.00000      4.65      1.00     4   5.1795
#         138       0.00000     16.27      1.00     2   5.3068
#         139       0.00000     15.89      1.00     2   5.3534
#         140       0.00000      4.84      2.00     3   5.3591
#         141       0.00000      4.95      2.00     3   5.3641
#         142       0.00000     31.22      2.00     2   5.3888
#         144       0.00000      5.36      2.00     3   5.4451
#         145       0.00000      8.81      2.00     3   5.4520
#         146       0.00000      5.55      2.00     3   5.4675
#         147       0.00000      8.58      2.00     3   5.4801
#         148       0.00000      4.76      2.00     3   5.4971
#         149       0.00000      8.10      2.00     3   5.5046
#         150       0.00000      8.22      2.00     3   5.5061
#         151       0.00000      4.67      2.00     3   5.5503
#         152       0.00000      8.45      4.00     3   5.5902
#         154       0.00000      5.30      2.00     3   5.6123
#         156       0.00000      5.48      2.00     3   5.6777
#         157       0.00000      4.08      2.00     3   5.6975
#         158       0.00000      4.92      2.00     3   5.7033
#         159       0.00000      5.52      2.00     3   5.7033
#         160       0.00000     13.32      1.00     2   5.7107
#         161       0.00000      4.28      2.00     3   5.7111
#         162       0.00000     13.30      1.00     2   5.7135
#         163       0.00000     13.18      1.00     2   5.7317
#         164       0.00000     12.99      1.00     2   5.7623
#         165       0.00000     12.97      1.00     2   5.7657
#         166       0.00000     12.86      1.00     2   5.7827
#         167       0.00000      7.63      2.00     3   5.8128
#         168       0.00000      8.98      2.00     3   5.8164
#         169       0.00000     12.50      1.00     2   5.8423
#         170       0.00000     12.32      1.00     2   5.8736
#         171       0.00000     18.56      2.00     3   5.8883
#         172       0.00000     12.66      2.00     4   5.8902
#         173       0.00000     20.10      1.00     2   5.8906
#         174       0.00000     18.40      2.00     3   5.8939
#         175       0.00000     40.94      2.00     3   5.8935
#         176       0.00000     26.15      1.00     4   5.8964
#         177       0.00000     12.39      2.00     4   5.8972
#         178       0.00000     20.00      1.00     2   5.9019
#         179       0.00000     39.35      2.00     3   5.9068
#         181       0.00000     24.06      1.00     4   5.9117
#         182       0.00000     11.98      1.00     2   5.9329
#         183       0.00000     11.96      1.00     2   5.9369
#         184       0.00000      8.62      2.00     3   5.9611
#         185       0.00000     11.74      1.00     2   5.9752
#         186       0.00000      7.63      1.00     2   5.9819
#         187       0.00000     11.67      1.00     2   5.9894
#         188       0.00000     11.63      1.00     2   5.9956
#         190       0.00000      4.22      2.00     3   6.0145
#         191       0.00000     11.52      1.00     2   6.0155
#         192       0.00000      7.49      1.00     2   6.0175
#         194       0.00000     13.31      4.00     3   6.0338
#         195       0.00000     11.39      1.00     2   6.0404
#         196       0.00000     11.37      1.00     2   6.0447
#         197       0.00000     11.25      1.00     2   6.0678
#         198       0.00000      7.71      2.00     3   6.0812
#         199       0.00000      7.80      2.00     3   6.0963
#         200       0.00000     10.96      1.00     2   6.1235
#         202       0.00000     10.80      1.00     2   6.1551
#         203       0.00000      5.07      2.00     3   6.1551
#         204       0.00000      5.30      2.00     3   6.1656
#         205       0.00000     10.69      1.00     2   6.1787
#         206       0.00000      4.25      2.00     3   6.1838
#         207       0.00000      8.44      2.00     3   6.1845
#         208       0.00000     10.66      1.00     2   6.1845
#         211       0.00000      8.13      2.00     3   6.1874
#         212       0.00000      5.30      2.00     3   6.2024
#         213       0.00000      7.32      2.00     3   6.2032
#         214       0.00000     10.56      1.00     2   6.2043
#         215       0.00000      5.30      2.00     3   6.2045
#         216       0.00000      8.26      2.00     3   6.2164
#         217       0.00000      8.26      2.00     3   6.2187
#         218       0.00000     10.44      1.00     2   6.2299
#         219       0.00000      8.24      2.00     3   6.2322
#         220       0.00000      8.02      2.00     3   6.2877
#         221       0.00000      9.59      2.00     3   6.2887
#         224       0.00000      9.40      2.00     3   6.2991
#         226       0.00000      9.96      2.00     3   6.3089
#         227       0.00000     10.06      1.00     2   6.3129
#         230       0.00000     10.03      1.00     2   6.3180
#         231       0.00000      5.86      2.00     3   6.3180
#         233       0.00000      9.98      1.00     2   6.3299
#         234       0.00000      6.33      2.00     3   6.3345
#         238       0.00000      5.78      2.00     3   6.3437
#         239       0.00000      4.02      2.00     3   6.3482
#         241       0.00000      9.86      1.00     2   6.3569
#         242       0.00000      8.09      2.00     3   6.3602
#         243       0.00000      6.09      2.00     3   6.3659
#         244       0.00000      6.22      1.00     2   6.3777
#         246       0.00000      6.22      2.00     3   6.3854
#         247       0.00000      8.02      2.00     3   6.3865
#         248       0.00000      6.13      2.00     3   6.3900
#         249       0.00000      9.49      2.00     3   6.4004
#         250       0.00000      4.15      2.00     3   6.4025
#         251       0.00000      4.60      2.00     3   6.4025
#         252       0.00000      9.66      1.00     2   6.4032
#         253       0.00000      9.64      1.00     2   6.4078
#         254       0.00000      9.63      1.00     2   6.4106
#         255       0.00000      8.49      2.00     3   6.4134
#         259       0.00000      9.54      1.00     2   6.4297
#         260       0.00000      9.53      1.00     2   6.4318
#         263       0.00000      4.33      2.00     3   6.4387
#         264       0.00000      4.52      2.00     3   6.4406
#         265       0.00000      4.23      2.00     3   6.4417
#         266       0.00000      5.01      2.00     3   6.4438
#         267       0.00000      9.48      1.00     2   6.4455
#         268       0.00000      9.63      2.00     3   6.4455
#         270       0.00000      5.99      1.00     2   6.4557
#         271       0.00000      9.42      1.00     2   6.4591
#         273       0.00000      7.07      2.00     3   6.4610
#         274       0.00000      9.39      2.00     3   6.4619
#         275       0.00000      8.82      2.00     3   6.4709
#         276       0.00000      9.36      1.00     2   6.4727
#         277       0.00000      4.42      2.00     3   6.4744
#         278       0.00000      9.36      1.00     2   6.4746
#         279       0.00000      4.77      2.00     3   6.4755
#         280       0.00000     16.71      2.00     3   6.4771
#         281       0.00000      4.23      2.00     3   6.4820
#         282       0.00000      9.32      1.00     2   6.4841
#         283       0.00000      4.37      2.00     3   6.4882
#         284       0.00000      4.86      2.00     3   6.4898
#         286       0.00000      4.90      2.00     3   6.4979
#         287       0.00000     14.15      2.00     3   6.5020
#         288       0.00000      9.24      1.00     2   6.5026
#         290       0.00000     13.64      2.00     3   6.5068
#         291       0.00000      6.07      2.00     3   6.5074
#         292       0.00000      5.94      2.00     3   6.5184
#         293       0.00000      4.99      2.00     3   6.5184
#         294       0.00000      4.45      2.00     3   6.5191
#         295       0.00000      7.43      1.00     4   6.5224
#         296       0.00000      7.58      2.00     3   6.5240
#         297       0.00000      5.96      1.00     4   6.5313
#         298       0.00000     16.46      2.00     3   6.5326
#         299       0.00000      9.10      1.00     2   6.5386
#         300       0.00000      5.48      1.00     4   6.5390
#         301       0.00000     17.88      2.00     3   6.5414
#         302       0.00000     17.93      2.00     3   6.5515
#         303       0.00000     16.43      2.00     3   6.5556
#         304       0.00000      4.30      2.00     3   6.5577
#         305       0.00000     13.51      2.00     3   6.5628
#         308       0.00000      6.03      2.00     3   6.5737
#         309       0.00000      6.03      1.00     4   6.5869
#         311       0.00000      8.85      1.00     2   6.6013
#         312       0.00000      5.55      1.00     2   6.6106
#         315       0.00000     14.49      2.00     3   6.6241
#         316       0.00000      5.50      1.00     2   6.6284
#         318       0.00000     10.57      1.00     4   6.6373
#         319       0.00000     17.39      2.00     2   6.6410
#         321       0.00000     10.74      1.00     4   6.6438
#         322       0.00000      6.82      1.00     4   6.6468
#         323       0.00000     15.16      2.00     3   6.6548
#         326       0.00000      8.62      1.00     2   6.6623
#         327       0.00000      8.62      1.00     4   6.6621
#         328       0.00000     15.46      2.00     3   6.6691
#         329       0.00000     12.50      2.00     3   6.6732
#         330       0.00000     11.40      2.00     3   6.6732
#         331       0.00000      7.34      2.00     3   6.6787
#         333       0.00000      8.55      1.00     2   6.6817
#         334       0.00000      8.71      1.00     4   6.6816
#         335       0.00000      7.44      2.00     3   6.6849
#         336       0.00000      8.52      1.00     2   6.6886
#         337       0.00000     11.93      1.00     4   6.6990
#         338       0.00000      8.47      1.00     2   6.7023
#         339       0.00000      8.47      1.00     2   6.7033
#         340       0.00000     12.92      2.00     3   6.7038
#         341       0.00000      4.36      2.00     4   6.7053
#         342       0.00000      4.99      1.00     4   6.7053
#         343       0.00000      4.51      1.00     4   6.7053
#         344       0.00000     15.16      2.00     3   6.7054
#         345       0.00000      4.61      2.00     4   6.7071
#         346       0.00000     12.27      1.00     4   6.7098
#         347       0.00000     13.29      2.00     3   6.7136
#         348       0.00000      5.91      1.00     4   6.7259
#         349       0.00000      6.89      2.00     3   6.7273
#   306/ 345 paths used
#  xsedge+50, used to normalize mu           3.1716E-04
#  -----------------------------------------------------------------------
#  omega    e    k    mu    mu0     chi     @#
    7120.871    -16.546   0.000  3.81309E-01  3.27005E-01  9.25604E-02
    7120.881    -16.537   0.050  3.89339E-01  3.32905E-01  9.60256E-02
    7120.909    -16.508   0.100  3.97319E-01  3.38804E-01  9.93925E-02
    7120.957    -16.461   0.150  4.20252E-01  3.56151E-01  1.08326E-01
    7121.024    -16.394   0.200  4.42626E-01  3.73497E-01  1.16227E-01
    7121.109    -16.308   0.250  4.74991E-01  3.99873E-01  1.25247E-01
    7121.214    -16.203   0.300  5.05443E-01  4.26249E-01  1.30955E-01
    7121.338    -16.080   0.350  5.35218E-01  4.55489E-01  1.30376E-01
    7121.481    -15.937   0.400  5.60890E-01  4.84728E-01  1.23174E-01
    7121.643    -15.775   0.450  5.74933E-01  5.11203E-01  1.01671E-01
    7121.824    -15.594   0.500  5.82747E-01  5.37678E-01  7.09401E-02
    7122.024    -15.394   0.550  5.73536E-01  5.60058E-01  2.08869E-02
    7122.243    -15.175   0.600  5.57526E-01  5.82438E-01 -3.80194E-02
    7122.481    -14.937   0.650  5.24239E-01  6.01746E-01 -1.16297E-01
    7122.738    -14.679   0.700  4.86444E-01  6.21053E-01 -1.98637E-01
    7123.014    -14.403   0.750  4.34557E-01  6.38469E-01 -2.95582E-01
    7123.310    -14.108   0.800  3.84480E-01  6.55885E-01 -3.86579E-01
    7123.624    -13.794   0.850  3.33949E-01  6.72159E-01 -4.73066E-01
    7123.957    -13.460   0.900  2.99841E-01  6.88433E-01 -5.33929E-01
    7124.310    -13.108   0.950  2.90402E-01  7.03917E-01 -5.58008E-01
    7124.681    -12.736   1.000  2.99049E-01  7.19400E-01 -5.57264E-01
    7125.072    -12.346   1.050  3.20728E-01  7.34191E-01 -5.38620E-01
    7125.481    -11.936   1.100  3.56745E-01  7.48982E-01 -5.02253E-01
    7125.910    -11.508   1.150  4.06647E-01  7.63053E-01 -4.48861E-01
    7126.358    -11.060   1.200  4.64249E-01  7.77125E-01 -3.87658E-01
    7126.824    -10.593   1.250  5.26407E-01  7.90372E-01 -3.22049E-01
    7127.310    -10.107   1.300  5.84616E-01  8.03619E-01 -2.63164E-01
    7127.815     -9.603   1.350  6.34166E-01  8.15901E-01 -2.15339E-01
    7128.339     -9.079   1.400  6.72768E-01  8.28184E-01 -1.81622E-01
    7128.882     -8.536   1.450  6.99322E-01  8.39388E-01 -1.61652E-01
    7129.444     -7.974   1.500  7.19556E-01  8.50591E-01 -1.49377E-01
    7130.025     -7.393   1.550  7.36995E-01  8.60593E-01 -1.39376E-01
    7130.625     -6.793   1.600  7.59900E-01  8.70595E-01 -1.23491E-01
    7131.244     -6.174   1.650  7.92025E-01  8.79346E-01 -9.65235E-02
    7131.882     -5.535   1.700  8.35948E-01  8.88096E-01 -5.71214E-02
    7132.539     -4.878   1.750  8.91336E-01  8.95549E-01 -4.58072E-03
    7133.216     -4.202   1.800  9.50156E-01  9.03002E-01  5.08794E-02
    7133.911     -3.507   1.850  1.00904E+00  9.09160E-01  1.07134E-01
    7134.625     -2.792   1.900  1.05651E+00  9.15318E-01  1.50539E-01
    7135.359     -2.059   1.950  1.08958E+00  9.20142E-01  1.79854E-01
    7136.111     -1.306   2.000  1.10314E+00  9.24966E-01  1.88296E-01
    7136.883     -0.535   2.050  1.09746E+00  9.28128E-01  1.78510E-01
    7137.673      0.256   2.100  1.07505E+00  9.31291E-01  1.51178E-01
    7138.483      1.065   2.150  1.04338E+00  9.34454E-01  1.14270E-01
    7139.312      1.894   2.200  1.01010E+00  9.37616E-01  7.58530E-02
    7140.159      2.742   2.250  9.74885E-01  9.38168E-01  3.84564E-02
    7141.026      3.608   2.300  9.47511E-01  9.38721E-01  9.21464E-03
    7141.912      4.494   2.350  9.29247E-01  9.39273E-01 -1.05184E-02
    7142.817      5.399   2.400  9.18272E-01  9.39825E-01 -2.26297E-02
    7143.741      6.323   2.450  9.13688E-01  9.42417E-01 -3.01600E-02
    7144.684      7.266   2.500  9.10370E-01  9.45009E-01 -3.63593E-02
    7145.646      8.228   2.550  9.08649E-01  9.47600E-01 -4.08809E-02
    7146.627      9.209   2.600  9.10503E-01  9.50192E-01 -4.16501E-02
    7147.627     10.209   2.650  9.15453E-01  9.53909E-01 -4.02398E-02
    7148.646     11.228   2.700  9.23967E-01  9.57627E-01 -3.51188E-02
    7149.684     12.267   2.750  9.35515E-01  9.61344E-01 -2.68709E-02
    7150.742     13.324   2.800  9.48875E-01  9.65062E-01 -1.67913E-02
    7151.818     14.400   2.850  9.58819E-01  9.67275E-01 -8.74964E-03
    7152.913     15.496   2.900  9.68075E-01  9.69489E-01 -1.45820E-03
    7154.028     16.610   2.950  9.76097E-01  9.71702E-01  4.52343E-03
    7155.161     17.744   3.000  9.82800E-01  9.73915E-01  9.12080E-03
    7156.314     18.896   3.050  9.85897E-01  9.75620E-01  1.05248E-02
    7157.485     20.068   3.100  9.88432E-01  9.77325E-01  1.13477E-02
    7158.676     21.258   3.150  9.91785E-01  9.79029E-01  1.30001E-02
    7159.886     22.468   3.200  9.97304E-01  9.80734E-01  1.68461E-02
    7161.114     23.697   3.250  1.00338E+00  9.81722E-01  2.19704E-02
    7162.362     24.944   3.300  1.01298E+00  9.82711E-01  3.06368E-02
    7163.629     26.211   3.350  1.02580E+00  9.83699E-01  4.25131E-02
    7164.915     27.497   3.400  1.04049E+00  9.84687E-01  5.62276E-02
    7166.220     28.802   3.450  1.05461E+00  9.85753E-01  6.92703E-02
    7167.544     30.126   3.500  1.06667E+00  9.86818E-01  8.01828E-02
    7168.887     31.469   3.550  1.07427E+00  9.87884E-01  8.66057E-02
    7170.249     32.831   3.600  1.07565E+00  9.88949E-01  8.67656E-02
    7171.630     34.212   3.650  1.06968E+00  9.89595E-01  8.00028E-02
    7173.030     35.612   3.700  1.05702E+00  9.90241E-01  6.66038E-02
    7174.449     37.032   3.750  1.03893E+00  9.90887E-01  4.78342E-02
    7175.887     38.470   3.800  1.01738E+00  9.91533E-01  2.56928E-02
    7177.345     39.927   3.850  9.94631E-01  9.92506E-01  2.10843E-03
    7178.821     41.404   3.900  9.72578E-01  9.93479E-01 -2.07076E-02
    7180.317     42.899   3.950  9.52695E-01  9.94452E-01 -4.13057E-02
    7181.831     44.413   4.000  9.35711E-01  9.95425E-01 -5.89766E-02
    7183.365     45.947   4.050  9.21449E-01  9.96273E-01 -7.37906E-02
    7184.917     47.500   4.100  9.10146E-01  9.97121E-01 -8.56470E-02
    7186.489     49.071   4.150  9.01553E-01  9.97969E-01 -9.48035E-02
    7188.079     50.662   4.200  8.95685E-01  9.98816E-01 -1.01258E-01
    7189.689     52.272   4.250  8.93355E-01  9.99608E-01 -1.04192E-01
    7191.318     53.900   4.300  8.95144E-01  1.00040E+00 -1.03085E-01
    7192.966     55.548   4.350  9.01720E-01  1.00119E+00 -9.72987E-02
    7194.633     57.215   4.400  9.13413E-01  1.00198E+00 -8.65268E-02
    7196.319     58.901   4.450  9.30495E-01  1.00276E+00 -7.05403E-02
    7198.023     60.606   4.500  9.51370E-01  1.00355E+00 -5.08835E-02
    7199.748     62.330   4.550  9.74341E-01  1.00433E+00 -2.92189E-02
    7201.491     64.073   4.600  9.97481E-01  1.00511E+00 -7.42757E-03
    7203.253     65.835   4.650  1.01880E+00  1.00554E+00  1.29012E-02
    7205.034     67.616   4.700  1.03717E+00  1.00597E+00  3.03479E-02
    7206.834     69.416   4.750  1.05230E+00  1.00639E+00  4.46256E-02
    7208.653     71.236   4.800  1.06464E+00  1.00682E+00  5.61792E-02
    7210.492     73.074   4.850  1.07479E+00  1.00699E+00  6.58840E-02
    7212.349     74.931   4.900  1.08404E+00  1.00715E+00  7.47142E-02
    7214.225     76.808   4.950  1.09292E+00  1.00732E+00  8.31822E-02
    7216.121     78.703   5.000  1.10123E+00  1.00749E+00  9.10967E-02
    7218.035     80.618   5.050  1.10762E+00  1.00728E+00  9.75416E-02
    7219.969     82.551   5.100  1.11088E+00  1.00708E+00  1.00959E-01
    7221.922     84.504   5.150  1.10933E+00  1.00687E+00  9.96905E-02
    7223.893     86.476   5.200  1.10160E+00  1.00667E+00  9.24117E-02
    7225.884     88.466   5.250  1.08645E+00  1.00611E+00  7.82785E-02
    7227.894     90.476   5.300  1.06484E+00  1.00555E+00  5.78160E-02
    7229.923     92.505   5.350  1.03816E+00  1.00499E+00  3.23725E-02
    7231.970     94.553   5.400  1.00857E+00  1.00443E+00  4.04046E-03
    7234.037     96.620   5.450  9.78230E-01  1.00356E+00 -2.47811E-02
    7236.123     98.706   5.500  9.50175E-01  1.00269E+00 -5.14360E-02
    7238.228    100.811   5.550  9.26534E-01  1.00182E+00 -7.38286E-02
    7240.352    102.935   5.600  9.08789E-01  1.00095E+00 -9.04875E-02
    7242.496    105.078   5.650  8.97667E-01  9.99819E-01 -1.00440E-01
    7244.658    107.240   5.700  8.93249E-01  9.98687E-01 -1.03821E-01
    7246.839    109.421   5.750  8.94946E-01  9.97556E-01 -1.01181E-01
    7249.039    111.622   5.800  9.01788E-01  9.96424E-01 -9.34520E-02
    7251.258    113.841   5.850  9.12687E-01  9.95195E-01 -8.16055E-02
    7253.497    116.079   5.900  9.26272E-01  9.93965E-01 -6.70605E-02
    7255.754    118.337   5.950  9.41385E-01  9.92736E-01 -5.09526E-02
    7258.031    120.613   6.000  9.57022E-01  9.91507E-01 -3.42722E-02
    7260.326    122.909   6.050  9.72423E-01  9.90285E-01 -1.77792E-02
    7262.641    125.223   6.100  9.86793E-01  9.89063E-01 -2.26277E-03
    7264.974    127.557   6.150  9.99645E-01  9.87841E-01  1.17843E-02
    7267.327    129.909   6.200  1.01060E+00  9.86619E-01  2.39810E-02
    7269.699    132.281   6.250  1.01942E+00  9.85397E-01  3.40675E-02
    7272.090    134.672   6.300  1.02598E+00  9.84175E-01  4.19299E-02
    7274.499    137.082   6.350  1.03037E+00  9.82953E-01  4.76258E-02
    7276.928    139.511   6.400  1.03282E+00  9.81732E-01  5.13936E-02
    7279.376    141.959   6.450  1.03373E+00  9.80510E-01  5.36253E-02
    7281.843    144.426   6.500  1.03359E+00  9.79288E-01  5.47935E-02
    7284.329    146.912   6.550  1.03286E+00  9.78344E-01  5.50821E-02
    7286.834    149.417   6.600  1.03178E+00  9.77400E-01  5.50121E-02
    7289.358    151.941   6.650  1.03038E+00  9.76456E-01  5.46123E-02
    7291.901    154.484   6.700  1.02827E+00  9.75512E-01  5.35019E-02
    7294.464    157.046   6.750  1.02471E+00  9.74568E-01  5.09077E-02
    7297.045    159.627   6.800  1.01871E+00  9.73624E-01  4.58251E-02
    7299.645    162.228   6.850  1.00933E+00  9.72680E-01  3.73021E-02
    7302.265    164.847   6.900  9.96054E-01  9.71737E-01  2.47788E-02
    7304.903    167.485   6.950  9.79011E-01  9.70793E-01  8.38456E-03
    7307.561    170.143   7.000  9.59171E-01  9.69849E-01 -1.09074E-02
    7310.237    172.819   7.050  9.38422E-01  9.69116E-01 -3.13874E-02
    7312.933    175.515   7.100  9.18772E-01  9.68383E-01 -5.07879E-02
    7315.647    178.230   7.150  9.02557E-01  9.67650E-01 -6.67101E-02
    7318.381    180.963   7.200  8.91745E-01  9.66917E-01 -7.71240E-02
    7321.134    183.716   7.250  8.87501E-01  9.66184E-01 -8.08138E-02
    7323.905    186.488   7.300  8.89954E-01  9.65451E-01 -7.76273E-02
    7326.696    189.279   7.350  8.98212E-01  9.64719E-01 -6.84575E-02
    7329.506    192.088   7.400  9.10645E-01  9.63986E-01 -5.49661E-02
    7332.335    194.917   7.450  9.25309E-01  9.63253E-01 -3.91427E-02
    7335.183    197.765   7.500  9.40399E-01  9.62520E-01 -2.28447E-02
    7338.050    200.632   7.550  9.54635E-01  9.61677E-01 -7.28153E-03
    7340.936    203.518   7.600  9.67104E-01  9.60833E-01  6.49256E-03
    7343.841    206.423   7.650  9.77456E-01  9.59990E-01  1.81087E-02
    7346.765    209.348   7.700  9.85631E-01  9.59147E-01  2.74943E-02
    7349.708    212.291   7.750  9.91610E-01  9.58303E-01  3.46219E-02
    7352.671    215.253   7.800  9.95262E-01  9.57460E-01  3.93463E-02
    7355.652    218.234   7.850  9.96344E-01  9.56617E-01  4.14054E-02
    7358.652    221.235   7.900  9.94661E-01  9.55774E-01  4.05830E-02
    7361.672    224.254   7.950  9.90294E-01  9.54930E-01  3.69549E-02
    7364.710    227.293   8.000  9.83802E-01  9.54087E-01  3.10930E-02
    7367.768    230.350   8.050  9.76043E-01  9.53018E-01  2.41260E-02
    7370.844    233.427   8.100  9.68718E-01  9.51948E-01  1.75952E-02
    7373.940    236.522   8.150  9.63166E-01  9.50879E-01  1.29103E-02
    7377.055    239.637   8.200  9.60222E-01  9.49809E-01  1.09552E-02
    7380.188    242.771   8.250  9.59867E-01  9.48740E-01  1.17238E-02
    7383.341    245.923   8.300  9.61133E-01  9.47670E-01  1.42041E-02
    7386.513    249.095   8.350  9.62306E-01  9.46601E-01  1.65924E-02
    7389.704    252.286   8.400  9.61414E-01  9.45531E-01  1.68031E-02
    7392.914    255.496   8.450  9.56857E-01  9.44462E-01  1.31321E-02
    7396.143    258.725   8.500  9.47978E-01  9.43392E-01  4.86504E-03
    7399.391    261.973   8.550  9.35139E-01  9.42160E-01 -7.45771E-03
    7402.658    265.240   8.600  9.20358E-01  9.40927E-01 -2.18776E-02
    7405.944    268.526   8.650  9.06237E-01  9.39694E-01 -3.56325E-02
    7409.249    271.831   8.700  8.95457E-01  9.38462E-01 -4.58587E-02
    7412.573    275.156   8.750  8.90040E-01  9.37229E-01 -5.03857E-02
    7415.916    278.499   8.800  8.90781E-01  9.35996E-01 -4.83413E-02
    7419.279    281.861   8.850  8.97042E-01  9.34764E-01 -4.03811E-02
    7422.660    285.243   8.900  9.06971E-01  9.33531E-01 -2.84688E-02
    7426.061    288.643   8.950  9.18058E-01  9.32299E-01 -1.52834E-02
    7429.480    292.062   9.000  9.27862E-01  9.31066E-01 -3.44317E-03
    7432.919    295.501   9.050  9.34709E-01  9.29925E-01  5.14685E-03
    7436.376    298.958   9.100  9.38010E-01  9.28784E-01  9.93635E-03
    7439.853    302.435   9.150  9.38355E-01  9.27643E-01  1.15496E-02
    7443.348    305.931   9.200  9.37116E-01  9.26502E-01  1.14555E-02
    7446.863    309.445   9.250  9.35863E-01  9.25361E-01  1.13470E-02
    7450.397    312.979   9.300  9.35778E-01  9.24220E-01  1.25022E-02
    7453.950    316.532   9.350  9.37246E-01  9.23079E-01  1.53405E-02
    7457.522    320.104   9.400  9.39751E-01  9.21938E-01  1.93096E-02
    7461.112    323.695   9.450  9.42103E-01  9.20797E-01  2.31217E-02
    7464.722    327.305   9.500  9.42890E-01  9.19656E-01  2.52411E-02
    7468.351    330.934   9.550  9.41234E-01  9.18629E-01  2.45815E-02
    7471.999    334.582   9.600  9.36366E-01  9.17603E-01  2.04240E-02
    7475.667    338.249   9.650  9.28739E-01  9.16576E-01  1.32528E-02
    7479.353    341.935   9.700  9.19634E-01  9.15549E-01  4.45458E-03
    7483.058    345.640   9.750  9.10794E-01  9.14522E-01 -4.07079E-03
    7486.782    349.365   9.800  9.03933E-01  9.13496E-01 -1.04494E-02
    7490.525    353.108   9.850  9.00258E-01  9.12469E-01 -1.33569E-02
    7494.288    356.870   9.900  9.00142E-01  9.11442E-01 -1.23729E-02
    7498.069    360.652   9.950  9.03044E-01  9.10416E-01 -8.07877E-03
    7501.870    364.452  10.000  9.07670E-01  9.09389E-01 -1.88558E-03
    7505.689    368.272  10.050  9.12179E-01  9.08282E-01  4.28008E-03
    7509.528    372.110  10.100  9.15007E-01  9.07175E-01  8.61195E-03
    7513.385    375.968  10.150  9.14891E-01  9.06068E-01  9.71257E-03
    7517.262    379.844  10.200  9.11273E-01  9.04961E-01  6.95667E-03
    7521.158    383.740  10.250  9.04408E-01  9.03854E-01  6.11160E-04
    7525.073    387.655  10.300  8.95288E-01  9.02747E-01 -8.23959E-03
    7529.006    391.589  10.350  8.85431E-01  9.01640E-01 -1.79268E-02
    7532.959    395.542  10.400  8.76574E-01  9.00533E-01 -2.65296E-02
    7536.931    399.513  10.450  8.70343E-01  8.99426E-01 -3.22416E-02
    7540.922    403.504  10.500  8.67946E-01  8.98319E-01 -3.37108E-02
    7544.932    407.514  10.550  8.69943E-01  8.97212E-01 -3.03014E-02
    7548.961    411.543  10.600  8.76117E-01  8.96105E-01 -2.22368E-02
    7553.009    415.592  10.650  8.85487E-01  8.94998E-01 -1.05936E-02
    7557.076    419.659  10.700  8.96459E-01  8.93891E-01  2.86364E-03
    7561.163    423.745  10.750  9.07109E-01  8.92784E-01  1.59924E-02
    7565.268    427.850  10.800  9.15546E-01  8.91677E-01  2.66797E-02
    7569.392    431.975  10.850  9.20299E-01  8.90570E-01  3.32685E-02
    7573.536    436.118  10.900  9.20619E-01  8.89463E-01  3.49069E-02
    7577.698    440.280  10.950  9.16641E-01  8.88356E-01  3.17285E-02
    7581.879    444.462  11.000  9.09337E-01  8.87249E-01  2.48055E-02
    7586.080    448.662  11.050  9.00059E-01  8.85893E-01  1.59336E-02
    7590.299    452.882  11.100  8.90733E-01  8.84537E-01  6.97960E-03
    7594.538    457.120  11.150  8.82845E-01  8.83181E-01 -3.79451E-04
    7598.796    461.378  11.200  8.77295E-01  8.81825E-01 -5.11943E-03
    7603.072    465.655  11.250  8.74223E-01  8.80469E-01 -7.06962E-03
    7607.368    469.951  11.300  8.73063E-01  8.79113E-01 -6.85845E-03
    7611.683    474.265  11.350  8.72802E-01  8.77757E-01 -5.62492E-03
    7616.017    478.599  11.400  8.72363E-01  8.76401E-01 -4.59187E-03
    7620.370    482.952  11.450  8.70969E-01  8.75045E-01 -4.64177E-03
    7624.742    487.324  11.500  8.68398E-01  8.73689E-01 -6.03483E-03
    7629.133    491.715  11.550  8.65015E-01  8.72333E-01 -8.35985E-03
    7633.543    496.125  11.600  8.61601E-01  8.70977E-01 -1.07274E-02
    7637.972    500.554  11.650  8.59035E-01  8.69621E-01 -1.21310E-02
    7642.420    505.002  11.700  8.57948E-01  8.68265E-01 -1.18421E-02
    7646.887    509.470  11.750  8.58474E-01  8.66909E-01 -9.69631E-03
    7651.373    513.956  11.800  8.60197E-01  8.65553E-01 -6.16642E-03
    7655.879    518.461  11.850  8.62292E-01  8.64197E-01 -2.19672E-03
    7660.403    522.986  11.900  8.63827E-01  8.62841E-01  1.13848E-03
    7664.947    527.529  11.950  8.64101E-01  8.61485E-01  3.02606E-03
    7669.509    532.091  12.000  8.62899E-01  8.60129E-01  3.20949E-03
    7674.091    536.673  12.050  8.60591E-01  8.58824E-01  2.05006E-03
    7678.691    541.273  12.100  8.57922E-01  8.57519E-01  4.67678E-04
    7683.311    545.893  12.150  8.55803E-01  8.56214E-01 -4.78785E-04
    7687.949    550.532  12.200  8.54924E-01  8.54910E-01  1.69065E-05
    7692.607    555.189  12.250  8.55471E-01  8.53605E-01  2.17903E-03
    7697.284    559.866  12.300  8.57028E-01  8.52300E-01  5.52861E-03
    7701.980    564.562  12.350  8.58699E-01  8.50995E-01  9.02077E-03
    7706.694    569.277  12.400  8.59410E-01  8.49690E-01  1.13982E-02
    7711.428    574.011  12.450  8.58295E-01  8.48385E-01  1.16385E-02
    7716.181    578.764  12.500  8.55019E-01  8.47081E-01  9.33744E-03
    7720.953    583.536  12.550  8.49927E-01  8.45776E-01  4.89016E-03
    7725.744    588.327  12.600  8.43963E-01  8.44471E-01 -5.99141E-04
    7730.554    593.137  12.650  8.38383E-01  8.43166E-01 -5.65206E-03
    7735.384    597.966  12.700  8.34354E-01  8.41861E-01 -8.88475E-03
    7740.232    602.814  12.750  8.32582E-01  8.40556E-01 -9.45216E-03
    7745.099    607.681  12.800  8.33087E-01  8.39252E-01 -7.31769E-03
    7749.985    612.568  12.850  8.35206E-01  8.37947E-01 -3.25889E-03
    7754.891    617.473  12.900  8.37810E-01  8.36642E-01  1.39057E-03
    7759.815    622.398  12.950  8.39675E-01  8.35337E-01  5.17307E-03
    7764.759    627.341  13.000  8.39866E-01  8.34032E-01  6.96748E-03
    7769.721    632.304  13.050  8.37895E-01  8.32640E-01  6.28690E-03
    7774.703    637.285  13.100  8.34166E-01  8.31248E-01  3.49703E-03
    7779.703    642.286  13.150  8.29509E-01  8.29856E-01 -4.16561E-04
    7784.723    647.305  13.200  8.24985E-01  8.28463E-01 -4.18289E-03
    7789.762    652.344  13.250  8.21531E-01  8.27071E-01 -6.67412E-03
    7794.819    657.402  13.300  8.19660E-01  8.25679E-01 -7.26296E-03
    7799.896    662.479  13.350  8.19328E-01  8.24287E-01 -5.99380E-03
    7804.992    667.574  13.400  8.19987E-01  8.22894E-01 -3.52054E-03
    7810.107    672.689  13.450  8.20806E-01  8.21502E-01 -8.44457E-04
    7815.241    677.823  13.500  8.20973E-01  8.20110E-01  1.04927E-03
    7820.394    682.976  13.550  8.19974E-01  8.18718E-01  1.52953E-03
    7825.566    688.148  13.600  8.17752E-01  8.17325E-01  5.20576E-04
    7830.757    693.339  13.650  8.14711E-01  8.15933E-01 -1.49284E-03
    7835.967    698.550  13.700  8.11560E-01  8.14541E-01 -3.64758E-03
    7841.196    703.779  13.750  8.09068E-01  8.13149E-01 -5.00195E-03
    7846.445    709.027  13.800  8.07806E-01  8.11757E-01 -4.84978E-03
    7851.712    714.294  13.850  8.07968E-01  8.10364E-01 -2.94778E-03
    7856.998    719.581  13.900  8.09305E-01  8.08972E-01  4.10526E-04
    7862.304    724.886  13.950  8.11216E-01  8.07580E-01  4.48736E-03
    7867.628    730.211  14.000  8.12918E-01  8.06188E-01  8.32099E-03
    7872.972    735.554  14.050  8.13617E-01  8.04720E-01  1.10213E-02
    7878.334    740.917  14.100  8.12868E-01  8.03252E-01  1.19335E-02
    7883.716    746.298  14.150  8.10526E-01  8.01784E-01  1.08686E-02
    7889.117    751.699  14.200  8.06819E-01  8.00317E-01  8.09961E-03
    7894.536    757.119  14.250  8.02260E-01  7.98849E-01  4.25750E-03
    7899.975    762.557  14.300  7.97497E-01  7.97381E-01  1.45398E-04
    7905.433    768.015  14.350  7.93143E-01  7.95913E-01 -3.46995E-03
    7910.910    773.492  14.400  7.89639E-01  7.94446E-01 -6.03219E-03
    7916.406    778.988  14.450  7.87176E-01  7.92978E-01 -7.29497E-03
    7921.920    784.503  14.500  7.85690E-01  7.91510E-01 -7.33228E-03
    7927.454    790.037  14.550  7.84917E-01  7.90042E-01 -6.46927E-03
    7933.008    795.590  14.600  7.84493E-01  7.88575E-01 -5.16120E-03
    7938.580    801.162  14.650  7.84063E-01  7.87107E-01 -3.85644E-03
    7944.171    806.753  14.700  7.83372E-01  7.85639E-01 -2.87835E-03
    7949.781    812.363  14.750  7.82322E-01  7.84171E-01 -2.35244E-03
    7955.410    817.993  14.800  7.80982E-01  7.82704E-01 -2.19318E-03
    7961.059    823.641  14.850  7.79551E-01  7.81236E-01 -2.15040E-03
    7966.726    829.308  14.900  7.78281E-01  7.79768E-01 -1.90230E-03
    7972.412    834.995  14.950  7.77387E-01  7.78300E-01 -1.17100E-03
    7978.118    840.700  15.000  7.76965E-01  7.76833E-01  1.70084E-04
    7983.842    846.425  15.050  7.76957E-01  7.75394E-01  2.01009E-03
    7989.586    852.168  15.100  7.77113E-01  7.73956E-01  4.06901E-03
    7995.348    857.931  15.150  7.77070E-01  7.72518E-01  5.87835E-03
    8001.130    863.712  15.200  7.76428E-01  7.71080E-01  6.92001E-03
    8006.931    869.513  15.250  7.74872E-01  7.69641E-01  6.78023E-03
    8012.750    875.333  15.300  7.72281E-01  7.68203E-01  5.29553E-03
    8018.589    881.172  15.350  7.68796E-01  7.66765E-01  2.64317E-03
    8024.447    887.030  15.400  7.64820E-01  7.65327E-01 -6.60602E-04
    8030.324    892.906  15.450  7.60929E-01  7.63889E-01 -3.86642E-03
    8036.220    898.802  15.500  7.57728E-01  7.62450E-01 -6.18081E-03
    8042.135    904.717  15.550  7.55683E-01  7.61012E-01 -6.98825E-03
    8048.069    910.651  15.600  7.54977E-01  7.59574E-01 -6.03966E-03
    8054.022    916.605  15.650  7.55442E-01  7.58136E-01 -3.54579E-03
    8059.994    922.577  15.700  7.56592E-01  7.56698E-01 -1.39104E-04
    8065.985    928.568  15.750  7.57751E-01  7.55259E-01  3.29179E-03
    8071.996    934.578  15.800  7.58240E-01  7.53821E-01  5.85041E-03
    8078.025    940.607  15.850  7.57576E-01  7.52383E-01  6.88932E-03
    8084.073    946.656  15.900  7.55607E-01  7.50945E-01  6.19622E-03
    8090.141    952.723  15.950  7.52548E-01  7.49507E-01  4.04987E-03
    8096.227    958.810  16.000  7.48913E-01  7.48068E-01  1.12700E-03
    8102.333    964.915  16.050  7.45285E-01  7.46557E-01 -1.70163E-03
    8108.457    971.040  16.100  7.42294E-01  7.45047E-01 -3.68759E-03
    8114.601    977.183  16.150  7.40288E-01  7.43536E-01 -4.36016E-03
    8120.764    983.346  16.200  7.39287E-01  7.42025E-01 -3.68392E-03
    8126.945    989.528  16.250  7.38993E-01  7.40514E-01 -2.05100E-03
    8133.146    995.728  16.300  7.38901E-01  7.39003E-01 -1.37959E-04
    8139.366   1001.948  16.350  7.38470E-01  7.37492E-01  1.32372E-03
    8145.605   1008.187  16.400  7.37299E-01  7.35982E-01  1.78708E-03
    8151.863   1014.445  16.450  7.35251E-01  7.34471E-01  1.06122E-03
    8158.139   1020.722  16.500  7.32491E-01  7.32960E-01 -6.38478E-04
    8164.435   1027.018  16.550  7.29418E-01  7.31449E-01 -2.77338E-03
    8170.751   1033.333  16.600  7.26529E-01  7.29938E-01 -4.66492E-03
    8177.085   1039.667  16.650  7.24260E-01  7.28427E-01 -5.71383E-03
    8183.438   1046.020  16.700  7.22855E-01  7.26917E-01 -5.58158E-03
    8189.810   1052.392  16.750  7.22300E-01  7.25406E-01 -4.27685E-03
    8196.201   1058.784  16.800  7.22355E-01  7.23895E-01 -2.12506E-03
    8202.612   1065.194  16.850  7.22645E-01  7.22384E-01  3.60510E-04
    8209.041   1071.623  16.900  7.22789E-01  7.20873E-01  2.65454E-03
    8215.489   1078.072  16.950  7.22515E-01  7.19362E-01  4.37888E-03
    8221.957   1084.539  17.000  7.21725E-01  7.17852E-01  5.39141E-03
    8228.443   1091.026  17.050  7.20523E-01  7.16371E-01  5.79173E-03
    8234.949   1097.531  17.100  7.19023E-01  7.14891E-01  5.77569E-03
    8241.473   1104.056  17.150  7.17397E-01  7.13410E-01  5.58414E-03
    8248.017   1110.599  17.200  7.15742E-01  7.11929E-01  5.35079E-03
    8254.580   1117.162  17.250  7.14030E-01  7.10449E-01  5.03761E-03
    8261.161   1123.744  17.300  7.12128E-01  7.08968E-01  4.45339E-03
    8267.762   1130.345  17.350  7.09858E-01  7.07488E-01  3.34771E-03
    8274.382   1136.964  17.400  7.07097E-01  7.06007E-01  1.54314E-03
    8281.021   1143.603  17.450  7.03860E-01  7.04527E-01 -9.46316E-04
    8287.679   1150.261  17.500  7.00332E-01  7.03046E-01 -3.85868E-03
    8294.356   1156.938  17.550  6.96852E-01  7.01566E-01 -6.71549E-03
    8301.052   1163.634  17.600  6.93827E-01  7.00085E-01 -8.93626E-03
    8307.767   1170.349  17.650  6.91615E-01  6.98605E-01 -1.00012E-02
    8314.501   1177.084  17.700  6.90423E-01  6.97124E-01 -9.60945E-03
    8321.254   1183.837  17.750  6.90229E-01  6.95644E-01 -7.78083E-03
    8328.027   1190.609  17.800  6.90785E-01  6.94163E-01 -4.86597E-03
    8334.818   1197.400  17.850  6.91671E-01  6.92683E-01 -1.46043E-03
    8341.628   1204.211  17.900  6.92413E-01  6.91202E-01  1.75177E-03
    8348.458   1211.040  17.950  6.92603E-01  6.89722E-01  4.17739E-03
    8355.306   1217.889  18.000  6.92001E-01  6.88241E-01  5.46176E-03
    8362.174   1224.756  18.050  6.90579E-01  6.86752E-01  5.57235E-03
    8369.060   1231.643  18.100  6.88524E-01  6.85263E-01  4.75874E-03
    8375.966   1238.548  18.150  6.86139E-01  6.83773E-01  3.46005E-03
    8382.890   1245.473  18.200  6.83757E-01  6.82284E-01  2.15941E-03
    8389.834   1252.417  18.250  6.81638E-01  6.80795E-01  1.23886E-03
    8396.797   1259.379  18.300  6.79902E-01  6.79306E-01  8.78523E-04
    8403.779   1266.361  18.350  6.78513E-01  6.77817E-01  1.02741E-03
    8410.780   1273.362  18.400  6.77307E-01  6.76327E-01  1.44913E-03
    8417.799   1280.382  18.450  6.76068E-01  6.74838E-01  1.82244E-03
    8424.838   1287.421  18.500  6.74601E-01  6.73349E-01  1.86052E-03
    8431.896   1294.479  18.550  6.72807E-01  6.71860E-01  1.40984E-03
    8438.973   1301.556  18.600  6.70704E-01  6.70370E-01  4.98271E-04
    8446.070   1308.652  18.650  6.68427E-01  6.68881E-01 -6.79250E-04
    8453.185   1315.767  18.700  6.66172E-01  6.67392E-01 -1.82891E-03
    8460.319   1322.901  18.750  6.64136E-01  6.65903E-01 -2.65482E-03
    8467.472   1330.054  18.800  6.62453E-01  6.64413E-01 -2.95215E-03
    8474.644   1337.227  18.850  6.61157E-01  6.62924E-01 -2.66777E-03
    8481.836   1344.418  18.900  6.60171E-01  6.61435E-01 -1.91187E-03
    8489.046   1351.629  18.950  6.59339E-01  6.59946E-01 -9.20173E-04
    8496.276   1358.858  19.000  6.58469E-01  6.58457E-01  1.86295E-05
    8503.524   1366.106  19.050  6.57400E-01  6.56975E-01  6.47084E-04
    8510.792   1373.374  19.100  6.56022E-01  6.55493E-01  8.06452E-04
    8518.078   1380.661  19.150  6.54323E-01  6.54012E-01  4.75881E-04
    8525.384   1387.966  19.200  6.52382E-01  6.52530E-01 -2.26905E-04
    8532.709   1395.291  19.250  6.50343E-01  6.51049E-01 -1.08464E-03
    8540.052   1402.635  19.300  6.48371E-01  6.49567E-01 -1.84346E-03
    8547.415   1409.997  19.350  6.46609E-01  6.48086E-01 -2.28078E-03
    8554.797   1417.379  19.400  6.45144E-01  6.46604E-01 -2.25980E-03
    8562.198   1424.780  19.450  6.43990E-01  6.45122E-01 -1.75772E-03
    8569.618   1432.200  19.500  6.43086E-01  6.43641E-01 -8.63312E-04
    8577.057   1439.639  19.550  6.42321E-01  6.42159E-01  2.52213E-04
    8584.515   1447.097  19.600  6.41561E-01  6.40678E-01  1.38081E-03
    8591.992   1454.574  19.650  6.40682E-01  6.39196E-01  2.32664E-03
    8599.488   1462.070  19.700  6.39591E-01  6.37715E-01  2.94667E-03
    8607.003   1469.586  19.750  6.38250E-01  6.36233E-01  3.17453E-03
    8614.537   1477.120  19.800  6.36669E-01  6.34751E-01  3.02472E-03
    8622.091   1484.673  19.850  6.34901E-01  6.33270E-01  2.57890E-03
    8629.663   1492.246  19.900  6.33025E-01  6.31788E-01  1.95980E-03
    8637.255   1499.837  19.950  6.31125E-01  6.30307E-01  1.29995E-03
    8644.865   1507.447  20.000  6.29272E-01  6.28825E-01  7.12210E-04
