# # Once                                                         FEFF 9.6.4  
# # POT  SCF 100  7.0000   0, core-hole, AFOLP (folp(0)= 1.150)
# # Abs   Z=60 Rmt= 1.719 Rnm= 1.743 L3 shell
# # Pot 1 Z=60 Rmt= 1.753 Rnm= 1.781
# # Pot 2 Z=26 Rmt= 1.411 Rnm= 1.447
# # Pot 3 Z= 5 Rmt= 1.067 Rnm= 1.161
# # Gam_ch=3.500E+00 H-L exch Vi= 0.000E+00 Vr= 0.000E+00
# # Mu=-1.687E+01 kf=2.003E+00 Vint=-2.552E+01 Rs_int= 1.810
# # PATH  Rmax= 8.000,  Keep_limit= 0.00, Heap_limit 0.00  Pwcrit= 2.50%
#  S02=1.000  Temp=   0.00  Debye_temp=   0.00  Global_sig2= 0.00000
#  Energy zero shift, vr, vi    0.00000E+00   0.00000E+00
#  Curved wave amplitude ratio filter   4.000%
#     file         sig2 tot  cw amp ratio   deg  nlegs   reff  inp sig2
#           1       0.00000    100.00      2.00     2   3.0235
#           2       0.00000     94.52      2.00     2   3.0395
#           3       0.00000    181.20      2.00     2   3.0395
#           4       0.00000     95.01      2.00     2   3.0407
#           5       0.00000    274.00      2.00     2   3.0407
#           6       0.00000     85.97      1.00     2   3.0897
#           7       0.00000     66.79      1.00     2   3.0897
#           8       0.00000    246.20      2.00     2   3.1564
#           9       0.00000    118.40      1.00     2   3.2388
#          10       0.00000     60.35      1.00     2   3.2388
#          11       0.00000    152.20      2.00     2   3.2549
#          12       0.00000    162.80      1.00     2   3.7601
#          13       0.00000     67.07      1.00     2   3.7601
#          14       0.00000     26.46      4.00     3   4.1790
#          15       0.00000     11.46      4.00     3   4.1790
#          16       0.00000     23.80      4.00     3   4.2410
#          17       0.00000     13.67      4.00     3   4.2410
#          18       0.00000     10.06      4.00     3   4.2893
#          19       0.00000     12.98      4.00     3   4.2893
#          20       0.00000     12.83      4.00     3   4.3016
#          21       0.00000     11.29      4.00     3   4.3016
#          22       0.00000     12.24      4.00     3   4.3323
#          23       0.00000      8.36      4.00     3   4.3322
#          24       0.00000     15.10      4.00     3   4.3323
#          25       0.00000     14.45      4.00     3   4.3322
#          26       0.00000     11.10      4.00     3   4.3358
#          27       0.00000     10.65      4.00     3   4.3358
#          28       0.00000      9.04      4.00     3   4.3445
#          29       0.00000      7.08      4.00     3   4.3445
#          30       0.00000      9.07      4.00     3   4.3945
#          31       0.00000     13.63      4.00     3   4.3945
#          32       0.00000      7.72      4.00     3   4.4662
#          33       0.00000      9.05      4.00     3   4.5117
#          34       0.00000     34.32      2.00     2   4.6949
#          35       0.00000     47.89      2.00     2   4.6949
#          36       0.00000     44.55      2.00     2   4.7006
#          37       0.00000     56.15      2.00     2   4.7006
#          38       0.00000     70.89      2.00     2   4.7151
#          39       0.00000     45.51      2.00     2   4.7151
#          40       0.00000     31.93      2.00     2   4.7896
#          41       0.00000     87.57      2.00     2   4.7896
#          42       0.00000     31.39      2.00     2   4.8337
#          43       0.00000     39.83      2.00     2   4.8337
#          44       0.00000    108.30      2.00     2   4.8784
#          45       0.00000     50.57      2.00     2   4.8784
#          46       0.00000     74.78      2.00     2   5.0564
#          47       0.00000     34.83      2.00     2   5.0564
#          48       0.00000     10.28      4.00     3   5.0924
#          49       0.00000     10.11      4.00     3   5.0924
#          50       0.00000     37.44      4.00     3   5.0978
#          51       0.00000     23.69      4.00     3   5.0978
#          52       0.00000      8.81      4.00     3   5.1163
#          53       0.00000      6.57      4.00     3   5.1163
#          54       0.00000      7.01      4.00     3   5.1277
#          55       0.00000      7.49      4.00     3   5.1277
#          56       0.00000      9.10      4.00     3   5.1303
#          57       0.00000      7.86      4.00     3   5.1303
#          58       0.00000      7.94      4.00     3   5.1322
#          59       0.00000      9.12      4.00     3   5.1322
#          60       0.00000      8.46      4.00     3   5.1363
#          61       0.00000     15.93      4.00     3   5.1363
#          62       0.00000     10.99      4.00     3   5.1588
#          63       0.00000      6.86      4.00     3   5.1588
#          64       0.00000     66.49      2.00     2   5.1625
#          65       0.00000      5.53      4.00     3   5.1803
#          66       0.00000      6.61      4.00     3   5.1803
#          67       0.00000      9.30      4.00     3   5.1818
#          68       0.00000      6.71      4.00     3   5.1818
#          69       0.00000      7.77      4.00     3   5.1835
#          70       0.00000     10.80      4.00     3   5.1835
#          71       0.00000      7.64      4.00     3   5.1851
#          72       0.00000      8.60      4.00     3   5.1851
#          73       0.00000      5.66      4.00     3   5.2190
#          74       0.00000     11.99      4.00     3   5.2190
#          75       0.00000     58.91      1.00     2   5.2360
#          76       0.00000     17.06      1.00     2   5.2360
#          77       0.00000     10.35      4.00     3   5.2419
#          78       0.00000     17.05      4.00     3   5.2419
#          79       0.00000      9.12      4.00     3   5.2547
#          80       0.00000     16.45      4.00     3   5.2547
#          81       0.00000      7.70      4.00     3   5.2730
#          82       0.00000      5.33      4.00     3   5.2730
#          83       0.00000     10.77      2.00     4   5.3172
#          84       0.00000      5.94      2.00     4   5.3172
#          85       0.00000      9.72      4.00     3   5.3690
#          86       0.00000     15.26      4.00     3   5.3690
#          87       0.00000     19.07      4.00     3   5.4167
#          88       0.00000      5.90      4.00     3   5.4681
#          89       0.00000     10.01      4.00     3   5.4681
#          90       0.00000     21.20      2.00     2   5.5527
#          91       0.00000     36.10      2.00     2   5.5527
#          92       0.00000     50.79      4.00     3   5.5565
#          93       0.00000     96.97      4.00     3   5.5565
#          94       0.00000     36.26      2.00     4   5.5604
#          95       0.00000     75.10      2.00     4   5.5604
#          96       0.00000     12.87      4.00     3   5.6539
#          97       0.00000      7.11      2.00     3   5.6566
#          99       0.00000     18.10      1.00     2   5.6731
#         100       0.00000      7.77      1.00     2   5.6731
#         101       0.00000     45.20      1.00     2   5.6743
#         102       0.00000     30.73      2.00     2   5.7216
#         103       0.00000     18.96      2.00     2   5.7254
#         104       0.00000     49.36      2.00     2   5.7254
#         105       0.00000     45.11      4.00     3   5.7275
#         106       0.00000    139.00      4.00     3   5.7275
#         107       0.00000     32.54      2.00     4   5.7296
#         108       0.00000    110.20      2.00     4   5.7296
#         109       0.00000     68.75      4.00     3   5.7360
#         110       0.00000     43.76      2.00     4   5.7504
#         111       0.00000      5.02      4.00     3   5.8305
#         112       0.00000      7.09      4.00     3   5.8305
#         113       0.00000     12.95      4.00     3   5.8380
#         114       0.00000      6.52      4.00     3   5.8380
#         115       0.00000      6.79      4.00     3   5.8613
#         116       0.00000      8.09      4.00     3   5.8613
#         117       0.00000     43.40      2.00     2   5.8902
#         118       0.00000    107.90      4.00     3   5.8995
#         119       0.00000     74.80      2.00     4   5.9088
#         120       0.00000      7.29      4.00     3   5.9174
#         121       0.00000      6.17      4.00     3   5.9177
#         122       0.00000     10.29      4.00     3   5.9177
#         123       0.00000      4.05      4.00     3   5.9174
#         124       0.00000      7.39      4.00     3   5.9518
#         125       0.00000      4.45      2.00     3   5.9898
#         126       0.00000     13.77      4.00     3   5.9936
#         127       0.00000     22.16      4.00     3   6.0459
#         128       0.00000     11.01      4.00     3   6.0459
#         129       0.00000      4.19      2.00     4   6.0470
#         132       0.00000      7.54      4.00     4   6.0630
#         133       0.00000      5.17      4.00     3   6.0651
#         134       0.00000      8.71      4.00     3   6.0651
#         135       0.00000      5.62      2.00     3   6.0759
#         136       0.00000      4.57      2.00     3   6.0759
#         137       0.00000      5.42      4.00     4   6.0790
#         139       0.00000      5.36      2.00     4   6.0790
#         140       0.00000     29.30      4.00     4   6.0802
#         141       0.00000     16.76      4.00     4   6.0802
#         143       0.00000      7.62      2.00     4   6.0815
#         147       0.00000      5.02      4.00     4   6.1304
#         148       0.00000     22.70      2.00     2   6.1364
#         149       0.00000     50.02      4.00     3   6.1369
#         150       0.00000     33.59      2.00     4   6.1374
#         151       0.00000      8.75      2.00     3   6.1697
#         152       0.00000      7.54      4.00     3   6.1760
#         153       0.00000     20.45      1.00     2   6.1793
#         154       0.00000     15.98      1.00     2   6.1793
#         155       0.00000     51.82      2.00     3   6.1793
#         156       0.00000     38.81      2.00     3   6.1793
#         157       0.00000     17.66      2.00     4   6.1793
#         158       0.00000     37.57      1.00     4   6.1793
#         159       0.00000     27.53      1.00     4   6.1793
#         160       0.00000     10.02      4.00     4   6.1959
#         162       0.00000      4.55      4.00     4   6.2784
#         163       0.00000     11.48      2.00     2   6.2924
#         165       0.00000      4.02      4.00     4   6.2956
#         166       0.00000      6.19      2.00     4   6.3129
#         167       0.00000     48.80      2.00     2   6.3234
#         168       0.00000     16.59      2.00     2   6.3234
#         169       0.00000     15.44      4.00     3   6.3443
#         170       0.00000     13.22      4.00     4   6.4113
#         171       0.00000     43.55      2.00     2   6.4686
#         172       0.00000     25.49      2.00     2   6.4686
#         174       0.00000     36.37      4.00     3   6.5636
#         175       0.00000     15.16      4.00     3   6.5636
#         176       0.00000      5.11      4.00     3   6.6076
#         177       0.00000     11.58      4.00     3   6.6076
#         178       0.00000     28.37      1.00     2   6.6461
#         179       0.00000     22.10      1.00     2   6.6709
#         180       0.00000      9.93      1.00     2   6.6709
#         181       0.00000     41.00      2.00     3   6.6717
#         182       0.00000     18.24      2.00     3   6.6717
#         183       0.00000     18.76      1.00     4   6.6726
#         184       0.00000      8.19      1.00     4   6.6726
#         185       0.00000     13.20      2.00     2   6.6761
#         186       0.00000     17.33      2.00     2   6.6761
#         187       0.00000     32.14      2.00     2   6.6777
#         188       0.00000     16.82      2.00     2   6.6777
#         189       0.00000     11.18      4.00     3   6.7354
#         190       0.00000      8.26      4.00     3   6.7354
#         191       0.00000     27.55      4.00     3   6.7423
#         192       0.00000     17.76      4.00     3   6.7423
#         193       0.00000     11.60      2.00     2   6.7853
#         194       0.00000     12.31      2.00     2   6.7853
#         196       0.00000      4.89      4.00     4   6.8008
#         197       0.00000     11.36      2.00     4   6.8039
#         198       0.00000      5.03      2.00     4   6.8039
#         199       0.00000     11.83      2.00     2   6.8354
#         200       0.00000     22.69      2.00     2   6.8354
#         201       0.00000     10.09      4.00     3   6.8814
#         202       0.00000      6.01      4.00     3   6.8814
#         203       0.00000      4.07      4.00     3   6.8858
#         204       0.00000      7.94      4.00     3   6.8858
#         205       0.00000      4.12      4.00     3   6.8905
#         207       0.00000      4.01      4.00     4   6.9165
#         209       0.00000     12.27      2.00     2   6.9206
#         210       0.00000     18.92      2.00     2   6.9206
#         212       0.00000      4.46      4.00     3   6.9260
#         213       0.00000      4.16      4.00     3   6.9394
#         214       0.00000      6.85      4.00     3   6.9394
#         215       0.00000      9.91      2.00     2   6.9491
#         216       0.00000     26.28      2.00     2   6.9491
#         217       0.00000      9.75      4.00     3   6.9530
#         218       0.00000      5.01      4.00     3   6.9530
#         221       0.00000      4.12      4.00     3   6.9772
#         222       0.00000      4.28      4.00     3   6.9772
#         223       0.00000      5.90      2.00     3   6.9988
#         224       0.00000     10.88      2.00     3   6.9988
#         225       0.00000     11.78      2.00     4   6.9989
#         226       0.00000     21.70      2.00     4   6.9989
#         227       0.00000      7.86      2.00     4   7.0161
#         228       0.00000      4.71      2.00     4   7.0161
#         230       0.00000      6.33      4.00     3   7.0163
#         231       0.00000      5.46      4.00     3   7.0483
#         232       0.00000     12.53      4.00     3   7.0483
#         233       0.00000     33.33      2.00     2   7.0663
#         234       0.00000     12.10      2.00     2   7.0663
#         235       0.00000     17.83      1.00     2   7.1054
#         236       0.00000      8.41      1.00     2   7.1054
#         237       0.00000     74.94      2.00     3   7.1084
#         238       0.00000     34.49      2.00     3   7.1084
#         240       0.00000      5.07      4.00     3   7.1106
#         241       0.00000      5.51      4.00     3   7.1114
#         242       0.00000      4.08      4.00     3   7.1114
#         243       0.00000     78.80      1.00     4   7.1114
#         244       0.00000     35.23      1.00     4   7.1114
#         245       0.00000      8.99      2.00     2   7.1347
#         246       0.00000     26.89      2.00     2   7.1347
#         248       0.00000      7.99      4.00     3   7.1503
#         249       0.00000     31.11      2.00     2   7.1632
#         250       0.00000     19.20      2.00     2   7.1632
#         251       0.00000     22.61      2.00     2   7.1705
#         252       0.00000     16.39      2.00     2   7.1705
#         253       0.00000     11.98      4.00     3   7.1941
#         254       0.00000      4.50      4.00     3   7.1941
#         255       0.00000      7.61      4.00     3   7.1994
#         256       0.00000     22.67      4.00     3   7.1994
#         257       0.00000     10.06      4.00     3   7.2071
#         258       0.00000      4.46      4.00     3   7.2071
#         259       0.00000     14.08      4.00     3   7.2362
#         260       0.00000      6.77      4.00     3   7.2362
#   240/ 257 paths used
#  xsedge+50, used to normalize mu           7.2854E-04
#  -----------------------------------------------------------------------
#  omega    e    k    mu    mu0     chi     @#
    6210.364    -16.873   0.000  1.05955E+00  1.29001E+00 -8.64694E-02
    6210.374    -16.864   0.050  1.07103E+00  1.29959E+00 -8.48059E-02
    6210.402    -16.835   0.100  1.08262E+00  1.30917E+00 -8.31388E-02
    6210.450    -16.787   0.150  1.11791E+00  1.33835E+00 -7.82511E-02
    6210.517    -16.721   0.200  1.15416E+00  1.36752E+00 -7.33468E-02
    6210.603    -16.635   0.250  1.21495E+00  1.41619E+00 -6.56186E-02
    6210.707    -16.530   0.300  1.27801E+00  1.46486E+00 -5.79442E-02
    6210.831    -16.406   0.350  1.36445E+00  1.53122E+00 -4.84280E-02
    6210.974    -16.264   0.400  1.45365E+00  1.59758E+00 -3.92972E-02
    6211.136    -16.102   0.450  1.55912E+00  1.67630E+00 -3.00176E-02
    6211.317    -15.921   0.500  1.66481E+00  1.75502E+00 -2.17644E-02
    6211.517    -15.721   0.550  1.77124E+00  1.83691E+00 -1.52354E-02
    6211.736    -15.502   0.600  1.87229E+00  1.91881E+00 -1.03934E-02
    6211.974    -15.263   0.650  1.95448E+00  1.99234E+00 -8.48140E-03
    6212.231    -15.006   0.700  2.02808E+00  2.06588E+00 -8.49181E-03
    6212.508    -14.730   0.750  2.07097E+00  2.11971E+00 -1.14123E-02
    6212.803    -14.435   0.800  2.11133E+00  2.17354E+00 -1.52088E-02
    6213.117    -14.120   0.850  2.12694E+00  2.19919E+00 -1.88098E-02
    6213.450    -13.787   0.900  2.15616E+00  2.22485E+00 -1.91230E-02
    6213.803    -13.435   0.950  2.17498E+00  2.21905E+00 -1.31613E-02
    6214.174    -13.063   1.000  2.21221E+00  2.21325E+00 -3.34893E-04
    6214.565    -12.673   1.050  2.24061E+00  2.17889E+00  2.13364E-02
    6214.974    -12.263   1.100  2.26915E+00  2.14453E+00  4.64830E-02
    6215.403    -11.834   1.150  2.27274E+00  2.08933E+00  7.32006E-02
    6215.851    -11.387   1.200  2.25492E+00  2.03413E+00  9.47542E-02
    6216.317    -10.920   1.250  2.20316E+00  1.96755E+00  1.07727E-01
    6216.803    -10.434   1.300  2.12506E+00  1.90097E+00  1.09628E-01
    6217.308     -9.929   1.350  2.02661E+00  1.83143E+00  1.01206E-01
    6217.832     -9.406   1.400  1.91671E+00  1.76189E+00  8.53981E-02
    6218.375     -8.863   1.450  1.80839E+00  1.69532E+00  6.57270E-02
    6218.937     -8.301   1.500  1.70420E+00  1.62876E+00  4.63576E-02
    6219.518     -7.720   1.550  1.61419E+00  1.56865E+00  2.93122E-02
    6220.118     -7.120   1.600  1.53232E+00  1.50855E+00  1.60679E-02
    6220.737     -6.501   1.650  1.46441E+00  1.45643E+00  5.61432E-03
    6221.375     -5.862   1.700  1.40059E+00  1.40432E+00 -2.73663E-03
    6222.032     -5.205   1.750  1.34609E+00  1.36052E+00 -1.09594E-02
    6222.709     -4.529   1.800  1.29215E+00  1.31672E+00 -1.93253E-02
    6223.404     -3.834   1.850  1.24613E+00  1.28090E+00 -2.81239E-02
    6224.118     -3.119   1.900  1.20211E+00  1.24508E+00 -3.57721E-02
    6224.852     -2.386   1.950  1.17081E+00  1.21936E+00 -4.12514E-02
    6225.604     -1.633   2.000  1.14557E+00  1.19364E+00 -4.16960E-02
    6226.376     -0.862   2.050  1.13964E+00  1.17959E+00 -3.51867E-02
    6227.166     -0.071   2.100  1.14022E+00  1.16554E+00 -2.26477E-02
    6227.976      0.738   2.150  1.14378E+00  1.15149E+00 -7.00434E-03
    6228.805      1.567   2.200  1.14568E+00  1.13744E+00  7.61543E-03
    6229.652      2.415   2.250  1.13878E+00  1.12061E+00  1.70693E-02
    6230.519      3.282   2.300  1.12241E+00  1.10378E+00  1.78127E-02
    6231.405      4.167   2.350  1.09726E+00  1.08695E+00  1.00324E-02
    6232.310      5.072   2.400  1.06666E+00  1.07012E+00 -3.43484E-03
    6233.234      5.996   2.450  1.03571E+00  1.05256E+00 -1.68916E-02
    6234.177      6.939   2.500  1.00738E+00  1.03499E+00 -2.80210E-02
    6235.139      7.901   2.550  9.83810E-01  1.01743E+00 -3.45186E-02
    6236.120      8.882   2.600  9.65903E-01  9.99866E-01 -3.52930E-02
    6237.120      9.882   2.650  9.58917E-01  9.91490E-01 -3.39881E-02
    6238.139     10.902   2.700  9.55372E-01  9.83113E-01 -2.90665E-02
    6239.177     11.940   2.750  9.53988E-01  9.74736E-01 -2.18310E-02
    6240.235     12.997   2.800  9.53076E-01  9.66360E-01 -1.40354E-02
    6241.311     14.073   2.850  9.57058E-01  9.64759E-01 -8.13386E-03
    6242.406     15.169   2.900  9.59255E-01  9.63159E-01 -4.12134E-03
    6243.521     16.283   2.950  9.59457E-01  9.61558E-01 -2.21767E-03
    6244.654     17.417   3.000  9.58156E-01  9.59958E-01 -1.90106E-03
    6245.807     18.569   3.050  9.58057E-01  9.61175E-01 -3.27714E-03
    6246.978     19.741   3.100  9.55993E-01  9.62391E-01 -6.70118E-03
    6248.169     20.931   3.150  9.53981E-01  9.63608E-01 -1.00471E-02
    6249.379     22.141   3.200  9.53899E-01  9.64825E-01 -1.13621E-02
    6250.607     23.370   3.250  9.58420E-01  9.68426E-01 -1.03556E-02
    6251.855     24.618   3.300  9.65581E-01  9.72028E-01 -6.64063E-03
    6253.122     25.884   3.350  9.75624E-01  9.75630E-01 -5.60074E-06
    6254.408     27.170   3.400  9.88230E-01  9.79231E-01  9.18083E-03
    6255.713     28.475   3.450  1.00252E+00  9.82888E-01  1.99324E-02
    6257.037     29.799   3.500  1.01694E+00  9.86545E-01  3.07222E-02
    6258.380     31.142   3.550  1.03017E+00  9.90203E-01  4.02116E-02
    6259.742     32.504   3.600  1.04096E+00  9.93860E-01  4.71658E-02
    6261.123     33.885   3.650  1.04742E+00  9.96961E-01  5.03683E-02
    6262.523     35.285   3.700  1.04962E+00  1.00006E+00  4.93091E-02
    6263.942     36.705   3.750  1.04754E+00  1.00316E+00  4.40128E-02
    6265.381     38.143   3.800  1.04164E+00  1.00627E+00  3.49710E-02
    6266.838     39.600   3.850  1.03053E+00  1.00771E+00  2.25327E-02
    6268.314     41.077   3.900  1.01766E+00  1.00914E+00  8.39654E-03
    6269.810     42.572   3.950  1.00432E+00  1.01058E+00 -6.16858E-03
    6271.324     44.087   4.000  9.91775E-01  1.01202E+00 -1.99271E-02
    6272.858     45.620   4.050  9.79471E-01  1.01182E+00 -3.18587E-02
    6274.410     47.173   4.100  9.70230E-01  1.01161E+00 -4.07919E-02
    6275.982     48.744   4.150  9.64632E-01  1.01140E+00 -4.61466E-02
    6277.573     50.335   4.200  9.62857E-01  1.01119E+00 -4.77353E-02
    6279.182     51.945   4.250  9.63456E-01  1.00959E+00 -4.56700E-02
    6280.811     53.573   4.300  9.66856E-01  1.00798E+00 -4.08144E-02
    6282.459     55.221   4.350  9.72015E-01  1.00637E+00 -3.41841E-02
    6284.126     56.888   4.400  9.77796E-01  1.00476E+00 -2.69001E-02
    6285.812     58.574   4.450  9.82530E-01  1.00243E+00 -1.99176E-02
    6287.517     60.279   4.500  9.86216E-01  1.00010E+00 -1.39415E-02
    6289.241     62.003   4.550  9.88867E-01  9.97773E-01 -8.96939E-03
    6290.984     63.746   4.600  9.91056E-01  9.95443E-01 -4.43244E-03
    6292.746     65.508   4.650  9.93719E-01  9.93038E-01  6.89535E-04
    6294.527     67.289   4.700  9.97904E-01  9.90634E-01  7.38977E-03
    6296.327     69.090   4.750  1.00423E+00  9.88230E-01  1.63167E-02
    6298.146     70.909   4.800  1.01260E+00  9.85825E-01  2.73787E-02
    6299.985     72.747   4.850  1.02246E+00  9.83855E-01  3.95572E-02
    6301.842     74.605   4.900  1.03153E+00  9.81885E-01  5.09836E-02
    6303.719     76.481   4.950  1.03766E+00  9.79915E-01  5.94326E-02
    6305.614     78.376   5.000  1.03889E+00  9.77945E-01  6.28607E-02
    6307.529     80.291   5.050  1.03462E+00  9.76670E-01  5.98309E-02
    6309.462     82.224   5.100  1.02412E+00  9.75394E-01  5.03697E-02
    6311.415     84.177   5.150  1.00852E+00  9.74119E-01  3.56016E-02
    6313.386     86.149   5.200  9.89786E-01  9.72843E-01  1.75524E-02
    6315.377     88.139   5.250  9.70860E-01  9.72308E-01 -1.50032E-03
    6317.387     90.149   5.300  9.53170E-01  9.71773E-01 -1.92701E-02
    6319.416     92.178   5.350  9.38009E-01  9.71238E-01 -3.44187E-02
    6321.464     94.226   5.400  9.25824E-01  9.70703E-01 -4.64835E-02
    6323.530     96.293   5.450  9.17017E-01  9.70707E-01 -5.55643E-02
    6325.616     98.379   5.500  9.10728E-01  9.70710E-01 -6.20271E-02
    6327.721    100.484   5.550  9.06977E-01  9.70714E-01 -6.58578E-02
    6329.845    102.608   5.600  9.06387E-01  9.70718E-01 -6.64180E-02
    6331.989    104.751   5.650  9.10535E-01  9.71053E-01 -6.24076E-02
    6334.151    106.913   5.700  9.20134E-01  9.71389E-01 -5.27925E-02
    6336.332    109.094   5.750  9.35690E-01  9.71725E-01 -3.70717E-02
    6338.532    111.295   5.800  9.56513E-01  9.72061E-01 -1.59758E-02
    6340.752    113.514   5.850  9.80250E-01  9.71961E-01  8.51334E-03
    6342.990    115.752   5.900  1.00378E+00  9.71861E-01  3.27603E-02
    6345.247    118.010   5.950  1.02347E+00  9.71761E-01  5.30419E-02
    6347.524    120.286   6.000  1.03630E+00  9.71662E-01  6.62729E-02
    6349.819    122.582   6.050  1.04042E+00  9.71429E-01  7.06936E-02
    6352.134    124.896   6.100  1.03632E+00  9.71197E-01  6.66843E-02
    6354.468    127.230   6.150  1.02596E+00  9.70965E-01  5.62769E-02
    6356.820    129.583   6.200  1.01225E+00  9.70733E-01  4.24584E-02
    6359.192    131.954   6.250  9.98078E-01  9.70500E-01  2.81857E-02
    6361.583    134.345   6.300  9.85464E-01  9.70268E-01  1.55216E-02
    6363.992    136.755   6.350  9.75124E-01  9.70036E-01  5.19428E-03
    6366.421    139.184   6.400  9.66580E-01  9.69804E-01 -3.28827E-03
    6368.869    141.632   6.450  9.58724E-01  9.69571E-01 -1.10596E-02
    6371.336    144.099   6.500  9.50572E-01  9.69339E-01 -1.91213E-02
    6373.822    146.585   6.550  9.40525E-01  9.67748E-01 -2.77837E-02
    6376.327    149.090   6.600  9.30918E-01  9.66157E-01 -3.60255E-02
    6378.851    151.614   6.650  9.23253E-01  9.64566E-01 -4.23057E-02
    6381.395    154.157   6.700  9.19073E-01  9.62976E-01 -4.50329E-02
    6383.957    156.719   6.750  9.19274E-01  9.61385E-01 -4.32677E-02
    6386.538    159.300   6.800  9.23682E-01  9.59794E-01 -3.71672E-02
    6389.138    161.901   6.850  9.31060E-01  9.58203E-01 -2.79830E-02
    6391.758    164.520   6.900  9.39559E-01  9.56612E-01 -1.76110E-02
    6394.396    167.159   6.950  9.47395E-01  9.55021E-01 -7.88941E-03
    6397.054    169.816   7.000  9.53487E-01  9.53430E-01  5.91124E-05
    6399.730    172.493   7.050  9.58134E-01  9.52112E-01  6.25035E-03
    6402.426    175.188   7.100  9.61749E-01  9.50795E-01  1.13880E-02
    6405.140    177.903   7.150  9.65517E-01  9.49477E-01  1.67026E-02
    6407.874    180.636   7.200  9.70309E-01  9.48159E-01  2.31019E-02
    6410.627    183.389   7.250  9.76105E-01  9.46842E-01  3.05714E-02
    6413.398    186.161   7.300  9.81801E-01  9.45524E-01  3.79602E-02
    6416.189    188.952   7.350  9.85477E-01  9.44206E-01  4.32571E-02
    6418.999    191.762   7.400  9.85056E-01  9.42889E-01  4.42697E-02
    6421.828    194.590   7.450  9.79092E-01  9.41571E-01  3.94561E-02
    6424.676    197.438   7.500  9.67401E-01  9.40253E-01  2.85950E-02
    6427.543    200.305   7.550  9.51508E-01  9.39293E-01  1.28803E-02
    6430.429    203.191   7.600  9.33838E-01  9.38333E-01 -4.74613E-03
    6433.334    206.097   7.650  9.17526E-01  9.37374E-01 -2.09760E-02
    6436.258    209.021   7.700  9.05350E-01  9.36414E-01 -3.28660E-02
    6439.202    211.964   7.750  8.98990E-01  9.35454E-01 -3.86233E-02
    6442.164    214.926   7.800  8.98646E-01  9.34494E-01 -3.80137E-02
    6445.145    217.908   7.850  9.03121E-01  9.33534E-01 -3.22862E-02
    6448.146    220.908   7.900  9.10296E-01  9.32574E-01 -2.36770E-02
    6451.165    223.927   7.950  9.17814E-01  9.31615E-01 -1.46840E-02
    6454.203    226.966   8.000  9.23748E-01  9.30655E-01 -7.35660E-03
    6457.261    230.023   8.050  9.26972E-01  9.29628E-01 -2.83241E-03
    6460.337    233.100   8.100  9.27541E-01  9.28601E-01 -1.13196E-03
    6463.433    236.195   8.150  9.26315E-01  9.27575E-01 -1.34603E-03
    6466.548    239.310   8.200  9.24561E-01  9.26548E-01 -2.12576E-03
    6469.681    242.444   8.250  9.23500E-01  9.25521E-01 -2.16496E-03
    6472.834    245.597   8.300  9.23958E-01  9.24495E-01 -5.74841E-04
    6476.006    248.768   8.350  9.26196E-01  9.23468E-01  2.92833E-03
    6479.197    251.959   8.400  9.29911E-01  9.22441E-01  8.02654E-03
    6482.407    255.169   8.450  9.34377E-01  9.21414E-01  1.39440E-02
    6485.636    258.398   8.500  9.38645E-01  9.20388E-01  1.96607E-02
    6488.884    261.646   8.550  9.41334E-01  9.18967E-01  2.41246E-02
    6492.151    264.913   8.600  9.42067E-01  9.17546E-01  2.64891E-02
    6495.437    268.199   8.650  9.40345E-01  9.16125E-01  2.62041E-02
    6498.742    271.505   8.700  9.36005E-01  9.14705E-01  2.30818E-02
    6502.066    274.829   8.750  9.29238E-01  9.13284E-01  1.73157E-02
    6505.410    278.172   8.800  9.20565E-01  9.11863E-01  9.45911E-03
    6508.772    281.534   8.850  9.10769E-01  9.10442E-01  3.55286E-04
    6512.153    284.916   8.900  9.00789E-01  9.09022E-01 -8.97763E-03
    6515.554    288.316   8.950  8.91582E-01  9.07601E-01 -1.74960E-02
    6518.973    291.736   9.000  8.83981E-01  9.06180E-01 -2.42845E-02
    6522.412    295.174   9.050  8.78386E-01  9.04602E-01 -2.87349E-02
    6525.869    298.632   9.100  8.75287E-01  9.03024E-01 -3.04616E-02
    6529.346    302.108   9.150  8.74757E-01  9.01446E-01 -2.93682E-02
    6532.841    305.604   9.200  8.76624E-01  8.99867E-01 -2.56274E-02
    6536.356    309.119   9.250  8.80522E-01  8.98289E-01 -1.96284E-02
    6539.890    312.652   9.300  8.85939E-01  8.96711E-01 -1.19240E-02
    6543.443    316.205   9.350  8.92252E-01  8.95133E-01 -3.19545E-03
    6547.015    319.777   9.400  8.98745E-01  8.93555E-01  5.76821E-03
    6550.605    323.368   9.450  9.04635E-01  8.91976E-01  1.40954E-02
    6554.215    326.978   9.500  9.09122E-01  8.90398E-01  2.08908E-02
    6557.844    330.607   9.550  9.11687E-01  8.89016E-01  2.53417E-02
    6561.493    334.255   9.600  9.11637E-01  8.87634E-01  2.68814E-02
    6565.160    337.922   9.650  9.08845E-01  8.86252E-01  2.53488E-02
    6568.846    341.608   9.700  9.03610E-01  8.84871E-01  2.10646E-02
    6572.551    345.313   9.750  8.96630E-01  8.83489E-01  1.48002E-02
    6576.275    349.038   9.800  8.88866E-01  8.82107E-01  7.62672E-03
    6580.019    352.781   9.850  8.81327E-01  8.80725E-01  6.80780E-04
    6583.781    356.543   9.900  8.74853E-01  8.79343E-01 -5.08498E-03
    6587.562    360.325   9.950  8.69947E-01  8.77961E-01 -9.09308E-03
    6591.363    364.125  10.000  8.66709E-01  8.76579E-01 -1.12211E-02
    6595.182    367.945  10.050  8.64864E-01  8.75166E-01 -1.17327E-02
    6599.021    371.783  10.100  8.63896E-01  8.73754E-01 -1.12454E-02
    6602.878    375.641  10.150  8.63269E-01  8.72342E-01 -1.03673E-02
    6606.755    379.518  10.200  8.62604E-01  8.70929E-01 -9.53061E-03
    6610.651    383.413  10.250  8.61779E-01  8.69517E-01 -8.87264E-03
    6614.566    387.328  10.300  8.60928E-01  8.68104E-01 -8.24357E-03
    6618.499    391.262  10.350  8.60324E-01  8.66692E-01 -7.32735E-03
    6622.452    395.215  10.400  8.60229E-01  8.65279E-01 -5.82145E-03
    6626.424    399.187  10.450  8.60749E-01  8.63867E-01 -3.60091E-03
    6630.415    403.178  10.500  8.61761E-01  8.62454E-01 -8.02282E-04
    6634.425    407.188  10.550  8.62942E-01  8.61042E-01  2.20188E-03
    6638.454    411.217  10.600  8.63870E-01  8.59629E-01  4.92240E-03
    6642.502    415.265  10.650  8.64163E-01  8.58217E-01  6.91508E-03
    6646.569    419.332  10.700  8.63603E-01  8.56805E-01  7.91952E-03
    6650.656    423.418  10.750  8.62182E-01  8.55392E-01  7.92433E-03
    6654.761    427.523  10.800  8.60088E-01  8.53980E-01  7.14135E-03
    6658.885    431.648  10.850  8.57613E-01  8.52567E-01  5.90927E-03
    6663.029    435.791  10.900  8.55052E-01  8.51155E-01  4.57280E-03
    6667.191    439.953  10.950  8.52624E-01  8.49742E-01  3.38653E-03
    6671.372    444.135  11.000  8.50431E-01  8.48330E-01  2.47454E-03
    6675.573    448.335  11.050  8.48422E-01  8.46812E-01  1.89911E-03
    6679.793    452.555  11.100  8.46561E-01  8.45295E-01  1.49669E-03
    6684.031    456.794  11.150  8.44756E-01  8.43777E-01  1.15930E-03
    6688.289    461.051  11.200  8.42943E-01  8.42260E-01  8.10913E-04
    6692.566    465.328  11.250  8.41078E-01  8.40742E-01  3.98922E-04
    6696.861    469.624  11.300  8.39102E-01  8.39225E-01 -1.46458E-04
    6701.176    473.938  11.350  8.36916E-01  8.37707E-01 -9.43681E-04
    6705.510    478.272  11.400  8.34396E-01  8.36190E-01 -2.14262E-03
    6709.863    482.625  11.450  8.31459E-01  8.34672E-01 -3.84669E-03
    6714.235    486.997  11.500  8.28149E-01  8.33155E-01 -6.00287E-03
    6718.626    491.388  11.550  8.24713E-01  8.31637E-01 -8.31889E-03
    6723.036    495.798  11.600  8.21590E-01  8.30120E-01 -1.02676E-02
    6727.465    500.227  11.650  8.19310E-01  8.28602E-01 -1.12059E-02
    6731.913    504.676  11.700  8.18325E-01  8.27085E-01 -1.05831E-02
    6736.380    509.143  11.750  8.18825E-01  8.25567E-01 -8.16179E-03
    6740.867    513.629  11.800  8.20619E-01  8.24049E-01 -4.16040E-03
    6745.372    518.134  11.850  8.23153E-01  8.22532E-01  7.54241E-04
    6749.896    522.659  11.900  8.25645E-01  8.21014E-01  5.63681E-03
    6754.440    527.202  11.950  8.27321E-01  8.19497E-01  9.54207E-03
    6759.002    531.765  12.000  8.27646E-01  8.17979E-01  1.18118E-02
    6763.584    536.346  12.050  8.26538E-01  8.16483E-01  1.23088E-02
    6768.184    540.947  12.100  8.24143E-01  8.14987E-01  1.12280E-02
    6772.804    545.566  12.150  8.21016E-01  8.13491E-01  9.24470E-03
    6777.442    550.205  12.200  8.17795E-01  8.11994E-01  7.13868E-03
    6782.100    554.863  12.250  8.14940E-01  8.10498E-01  5.47575E-03
    6786.777    559.539  12.300  8.12553E-01  8.09002E-01  4.38575E-03
    6791.473    564.235  12.350  8.10360E-01  8.07505E-01  3.53159E-03
    6796.188    568.950  12.400  8.07853E-01  8.06009E-01  2.28539E-03
    6800.921    573.684  12.450  8.04547E-01  8.04513E-01  4.21185E-05
    6805.674    578.437  12.500  8.00237E-01  8.03017E-01 -3.45698E-03
    6810.446    583.209  12.550  7.95160E-01  8.01520E-01 -7.92565E-03
    6815.237    588.000  12.600  7.89974E-01  8.00024E-01 -1.25454E-02
    6820.048    592.810  12.650  7.85579E-01  7.98528E-01 -1.61933E-02
    6824.877    597.639  12.700  7.82820E-01  7.97031E-01 -1.78053E-02
    6829.725    602.487  12.750  7.82198E-01  7.95535E-01 -1.67399E-02
    6834.592    607.355  12.800  7.83692E-01  7.94039E-01 -1.30098E-02
    6839.478    612.241  12.850  7.86752E-01  7.92543E-01 -7.29485E-03
    6844.384    617.146  12.900  7.90466E-01  7.91046E-01 -7.32920E-04
    6849.308    622.071  12.950  7.93846E-01  7.89550E-01  5.43179E-03
    6854.252    627.014  13.000  7.96119E-01  7.88054E-01  1.02150E-02
    6859.214    631.977  13.050  7.96815E-01  7.86457E-01  1.31444E-02
    6864.196    636.958  13.100  7.96113E-01  7.84861E-01  1.43080E-02
    6869.196    641.959  13.150  7.94408E-01  7.83265E-01  1.41992E-02
    6874.216    646.978  13.200  7.92154E-01  7.81668E-01  1.33883E-02
    6879.255    652.017  13.250  7.89621E-01  7.80072E-01  1.22169E-02
    6884.312    657.075  13.300  7.86775E-01  7.78476E-01  1.06386E-02
    6889.389    662.152  13.350  7.83325E-01  7.76879E-01  8.27968E-03
    6894.485    667.248  13.400  7.78931E-01  7.75283E-01  4.69590E-03
    6899.600    672.362  13.450  7.73463E-01  7.73687E-01 -2.88056E-04
    6904.734    677.496  13.500  7.67205E-01  7.72090E-01 -6.31320E-03
    6909.887    682.649  13.550  7.60897E-01  7.70494E-01 -1.24286E-02
    6915.059    687.821  13.600  7.55570E-01  7.68898E-01 -1.72947E-02
    6920.250    693.013  13.650  7.52233E-01  7.67301E-01 -1.95938E-02
    6925.460    698.223  13.700  7.51505E-01  7.65705E-01 -1.85020E-02
    6930.690    703.452  13.750  7.53356E-01  7.64109E-01 -1.40399E-02
    6935.938    708.700  13.800  7.57041E-01  7.62512E-01 -7.15801E-03
    6941.205    713.967  13.850  7.61297E-01  7.60916E-01  4.99064E-04
    6946.491    719.254  13.900  7.64708E-01  7.59320E-01  7.07912E-03
    6951.797    724.559  13.950  7.66153E-01  7.57723E-01  1.10972E-02
    6957.121    729.884  14.000  7.65144E-01  7.56127E-01  1.18954E-02
    6962.465    735.227  14.050  7.61983E-01  7.54546E-01  9.83162E-03
    6967.827    740.590  14.100  7.57555E-01  7.52966E-01  6.07964E-03
    6973.209    745.971  14.150  7.53070E-01  7.51385E-01  2.23634E-03
    6978.610    751.372  14.200  7.49596E-01  7.49804E-01 -2.76668E-04
    6984.029    756.792  14.250  7.47693E-01  7.48223E-01 -7.07154E-04
    6989.468    762.230  14.300  7.47237E-01  7.46643E-01  7.93289E-04
    6994.926    767.688  14.350  7.47507E-01  7.45062E-01  3.27323E-03
    7000.403    773.165  14.400  7.47490E-01  7.43481E-01  5.37793E-03
    7005.899    778.661  14.450  7.46279E-01  7.41901E-01  5.88668E-03
    7011.414    784.176  14.500  7.43431E-01  7.40320E-01  4.19100E-03
    7016.948    789.710  14.550  7.39138E-01  7.38739E-01  5.39003E-04
    7022.501    795.263  14.600  7.34172E-01  7.37158E-01 -4.03986E-03
    7028.073    800.835  14.650  7.29605E-01  7.35578E-01 -8.09838E-03
    7033.664    806.426  14.700  7.26425E-01  7.33997E-01 -1.02883E-02
    7039.274    812.036  14.750  7.25187E-01  7.32416E-01 -9.84291E-03
    7044.903    817.666  14.800  7.25813E-01  7.30835E-01 -6.85335E-03
    7050.552    823.314  14.850  7.27613E-01  7.29255E-01 -2.24500E-03
    7056.219    828.981  14.900  7.29524E-01  7.27674E-01  2.53461E-03
    7061.905    834.668  14.950  7.30464E-01  7.26093E-01  6.00236E-03
    7067.611    840.373  15.000  7.29694E-01  7.24513E-01  7.13089E-03
    7073.335    846.098  15.050  7.26995E-01  7.22881E-01  5.67485E-03
    7079.079    851.841  15.100  7.22870E-01  7.21249E-01  2.24020E-03
    7084.841    857.604  15.150  7.18217E-01  7.19618E-01 -1.94104E-03
    7090.623    863.386  15.200  7.14082E-01  7.17986E-01 -5.42188E-03
    7096.424    869.186  15.250  7.11316E-01  7.16355E-01 -7.01368E-03
    7102.244    875.006  15.300  7.10307E-01  7.14723E-01 -6.16094E-03
    7108.082    880.845  15.350  7.10874E-01  7.13091E-01 -3.10037E-03
    7113.940    886.703  15.400  7.12343E-01  7.11460E-01  1.23779E-03
    7119.817    892.580  15.450  7.13775E-01  7.09828E-01  5.54405E-03
    7125.713    898.475  15.500  7.14269E-01  7.08197E-01  8.55027E-03
    7131.628    904.390  15.550  7.13239E-01  7.06565E-01  9.41888E-03
    7137.562    910.325  15.600  7.10575E-01  7.04934E-01  7.97977E-03
    7143.515    916.278  15.650  7.06651E-01  7.03302E-01  4.74795E-03
    7149.487    922.250  15.700  7.02182E-01  7.01670E-01  7.27783E-04
    7155.479    928.241  15.750  6.97986E-01  7.00039E-01 -2.92348E-03
    7161.489    934.251  15.800  6.94724E-01  6.98407E-01 -5.25937E-03
    7167.518    940.281  15.850  6.92709E-01  6.96776E-01 -5.81932E-03
    7173.566    946.329  15.900  6.91844E-01  6.95144E-01 -4.73369E-03
    7179.634    952.396  15.950  6.91679E-01  6.93512E-01 -2.63569E-03
    7185.720    958.483  16.000  6.91589E-01  6.91881E-01 -4.20148E-04
    7191.826    964.588  16.050  6.91004E-01  6.90266E-01  1.06635E-03
    7197.950    970.713  16.100  6.89553E-01  6.88651E-01  1.30704E-03
    7204.094    976.856  16.150  6.87197E-01  6.87036E-01  2.33648E-04
    7210.257    983.019  16.200  6.84214E-01  6.85421E-01 -1.75526E-03
    7216.438    989.201  16.250  6.81102E-01  6.83806E-01 -3.94230E-03
    7222.639    995.401  16.300  6.78407E-01  6.82191E-01 -5.53050E-03
    7228.859   1001.621  16.350  6.76554E-01  6.80576E-01 -5.89197E-03
    7235.098   1007.860  16.400  6.75727E-01  6.78961E-01 -4.74855E-03
    7241.356   1014.118  16.450  6.75828E-01  6.77346E-01 -2.23486E-03
    7247.633   1020.395  16.500  6.76518E-01  6.75731E-01  1.16246E-03
    7253.929   1026.691  16.550  6.77331E-01  6.74116E-01  4.75603E-03
    7260.244   1033.006  16.600  6.77789E-01  6.72501E-01  7.84173E-03
    7266.578   1039.340  16.650  6.77517E-01  6.70886E-01  9.85650E-03
    7272.931   1045.693  16.700  6.76298E-01  6.69270E-01  1.04707E-02
    7279.303   1052.065  16.750  6.74087E-01  6.67655E-01  9.60633E-03
    7285.694   1058.457  16.800  6.70982E-01  6.66040E-01  7.39950E-03
    7292.105   1064.867  16.850  6.67185E-01  6.64425E-01  4.14137E-03
    7298.534   1071.296  16.900  6.62961E-01  6.62810E-01  2.26251E-04
    7304.982   1077.745  16.950  6.58623E-01  6.61195E-01 -3.88028E-03
    7311.450   1084.212  17.000  6.54513E-01  6.59580E-01 -7.66214E-03
    7317.936   1090.699  17.050  6.50973E-01  6.57977E-01 -1.06170E-02
    7324.442   1097.204  17.100  6.48331E-01  6.56374E-01 -1.22202E-02
    7330.966   1103.729  17.150  6.46824E-01  6.54771E-01 -1.21045E-02
    7337.510   1110.273  17.200  6.46517E-01  6.53169E-01 -1.01558E-02
    7344.073   1116.835  17.250  6.47254E-01  6.51566E-01 -6.59885E-03
    7350.655   1123.417  17.300  6.48653E-01  6.49963E-01 -2.00949E-03
    7357.255   1130.018  17.350  6.50164E-01  6.48360E-01  2.77517E-03
    7363.875   1136.638  17.400  6.51192E-01  6.46757E-01  6.83952E-03
    7370.514   1143.277  17.450  6.51248E-01  6.45154E-01  9.41986E-03
    7377.172   1149.934  17.500  6.50075E-01  6.43551E-01  1.01110E-02
    7383.849   1156.611  17.550  6.47727E-01  6.41948E-01  8.97754E-03
    7390.545   1163.307  17.600  6.44535E-01  6.40345E-01  6.52631E-03
    7397.260   1170.023  17.650  6.41010E-01  6.38742E-01  3.54164E-03
    7403.994   1176.757  17.700  6.37673E-01  6.37139E-01  8.36486E-04
    7410.748   1183.510  17.750  6.34900E-01  6.35536E-01 -9.97428E-04
    7417.520   1190.282  17.800  6.32818E-01  6.33933E-01 -1.75441E-03
    7424.311   1197.073  17.850  6.31291E-01  6.32330E-01 -1.63869E-03
    7431.121   1203.884  17.900  6.30004E-01  6.30727E-01 -1.14306E-03
    7437.951   1210.713  17.950  6.28600E-01  6.29124E-01 -8.30959E-04
    7444.799   1217.562  18.000  6.26826E-01  6.27521E-01 -1.10556E-03
    7451.667   1224.429  18.050  6.24625E-01  6.25918E-01 -2.05940E-03
    7458.553   1231.316  18.100  6.22167E-01  6.24314E-01 -3.42986E-03
    7465.459   1238.221  18.150  6.19766E-01  6.22711E-01 -4.71625E-03
    7472.384   1245.146  18.200  6.17760E-01  6.21108E-01 -5.37530E-03
    7479.327   1252.090  18.250  6.16379E-01  6.19504E-01 -5.03165E-03
    7486.290   1259.052  18.300  6.15658E-01  6.17901E-01 -3.62111E-03
    7493.272   1266.034  18.350  6.15423E-01  6.16297E-01 -1.41578E-03
    7500.273   1273.035  18.400  6.15355E-01  6.14694E-01  1.07261E-03
    7507.293   1280.055  18.450  6.15099E-01  6.13090E-01  3.26869E-03
    7514.331   1287.094  18.500  6.14379E-01  6.11487E-01  4.71896E-03
    7521.389   1294.152  18.550  6.13074E-01  6.09883E-01  5.21866E-03
    7528.467   1301.229  18.600  6.11231E-01  6.08280E-01  4.83938E-03
    7535.563   1308.325  18.650  6.09023E-01  6.06677E-01  3.85827E-03
    7542.678   1315.440  18.700  6.06666E-01  6.05073E-01  2.62738E-03
    7549.812   1322.574  18.750  6.04341E-01  6.03470E-01  1.44067E-03
    7556.965   1329.728  18.800  6.02138E-01  6.01866E-01  4.50688E-04
    7564.137   1336.900  18.850  6.00059E-01  6.00263E-01 -3.39333E-04
    7571.329   1344.091  18.900  5.98050E-01  5.98659E-01 -1.01655E-03
    7578.539   1351.302  18.950  5.96058E-01  5.97056E-01 -1.66851E-03
    7585.769   1358.531  19.000  5.94076E-01  5.95453E-01 -2.30759E-03
    7593.017   1365.780  19.050  5.92198E-01  5.93891E-01 -2.84429E-03
    7600.285   1373.047  19.100  5.90476E-01  5.92329E-01 -3.12147E-03
    7607.571   1380.334  19.150  5.88998E-01  5.90767E-01 -2.98829E-03
    7614.877   1387.639  19.200  5.87803E-01  5.89205E-01 -2.37519E-03
    7622.202   1394.964  19.250  5.86854E-01  5.87643E-01 -1.34030E-03
    7629.545   1402.308  19.300  5.86042E-01  5.86081E-01 -6.61704E-05
    7636.908   1409.671  19.350  5.85216E-01  5.84519E-01  1.19048E-03
    7644.290   1417.052  19.400  5.84227E-01  5.82958E-01  2.17427E-03
    7651.691   1424.453  19.450  5.82969E-01  5.81396E-01  2.70161E-03
    7659.111   1431.873  19.500  5.81402E-01  5.79834E-01  2.70128E-03
    7666.550   1439.312  19.550  5.79555E-01  5.78272E-01  2.21540E-03
    7674.008   1446.770  19.600  5.77500E-01  5.76710E-01  1.36864E-03
    7681.485   1454.247  19.650  5.75335E-01  5.75148E-01  3.24877E-04
    7688.981   1461.744  19.700  5.73156E-01  5.73586E-01 -7.48798E-04
    7696.496   1469.259  19.750  5.71051E-01  5.72024E-01 -1.69960E-03
    7704.031   1476.793  19.800  5.69098E-01  5.70463E-01 -2.39051E-03
    7711.584   1484.346  19.850  5.67364E-01  5.68901E-01 -2.69831E-03
    7719.156   1491.919  19.900  5.65906E-01  5.67339E-01 -2.52265E-03
    7726.748   1499.510  19.950  5.64751E-01  5.65777E-01 -1.81290E-03
    7734.358   1507.120  20.000  5.63873E-01  5.64215E-01 -6.06202E-04
