# # Once                                                         FEFF 9.6.4  
# # POT  SCF 100  5.0000   0, core-hole, AFOLP (folp(0)= 1.150)
# # Abs   Z=57 Rmt= 1.828 Rnm= 1.828 L3 shell
# # Pot 1 Z=57 Rmt= 1.839 Rnm= 1.839
# # Pot 2 Z=14 Rmt= 1.347 Rnm= 1.399
# # Pot 3 Z=26 Rmt= 1.368 Rnm= 1.420
# # Gam_ch=3.160E+00 H-L exch Vi= 0.000E+00 Vr= 0.000E+00
# # Mu=-1.683E+01 kf=2.092E+00 Vint=-2.565E+01 Rs_int= 1.734
# # PATH  Rmax= 8.000,  Keep_limit= 0.00, Heap_limit 0.00  Pwcrit= 2.50%
#  S02=1.000  Temp=   0.00  Debye_temp=   0.00  Global_sig2= 0.00000
#  Energy zero shift, vr, vi    0.00000E+00   0.00000E+00
#  Curved wave amplitude ratio filter   4.000%
#     file         sig2 tot  cw amp ratio   deg  nlegs   reff  inp sig2
#           1       0.00000    100.00      3.00     2   3.3044
#           2       0.00000     98.86      3.00     2   3.3219
#           3       0.00000     98.81      3.00     2   3.3227
#           4       0.00000     98.54      3.00     2   3.3270
#           5       0.00000     98.26      3.00     2   3.3312
#           6       0.00000     97.74      3.00     2   3.3394
#           7       0.00000     98.24      3.00     2   3.3597
#           8       0.00000     94.36      3.00     2   3.3937
#           9       0.00000      4.86      6.00     3   4.5407
#          10       0.00000      4.99      6.00     3   4.5476
#          11       0.00000      4.29      6.00     3   4.5490
#          12       0.00000      4.55      6.00     3   4.5515
#          13       0.00000      4.51      6.00     3   4.5517
#          14       0.00000      4.53      6.00     3   4.5530
#          15       0.00000      4.54      6.00     3   4.5545
#          16       0.00000      4.80      6.00     3   4.5599
#          17       0.00000      4.58      6.00     3   4.5781
#          18       0.00000      4.34      6.00     3   4.5928
#          19       0.00000      4.38      6.00     3   4.5997
#          22       0.00000      4.26      6.00     3   4.6081
#          27       0.00000      4.15      6.00     3   4.6381
#          28       0.00000     12.35      1.00     2   4.9212
#          29       0.00000     36.78      3.00     2   4.9344
#          30       0.00000     36.26      3.00     2   4.9590
#          31       0.00000     11.84      1.00     2   4.9954
#          32       0.00000     33.79      3.00     2   5.0823
#          33       0.00000     25.28      3.00     2   5.0905
#          34       0.00000     33.07      3.00     2   5.1201
#          35       0.00000     32.81      3.00     2   5.1342
#          36       0.00000     32.80      3.00     2   5.1346
#          37       0.00000     32.80      3.00     2   5.1349
#          38       0.00000     32.13      3.00     2   5.1715
#          39       0.00000     31.92      3.00     2   5.1831
#          40       0.00000      5.73      6.00     3   5.3576
#          41       0.00000      5.60      6.00     3   5.3579
#          42       0.00000      5.72      6.00     3   5.3591
#          43       0.00000      5.64      6.00     3   5.3613
#          44       0.00000     11.31      6.00     3   5.3633
#          45       0.00000      5.74      6.00     3   5.3725
#          46       0.00000      5.74      6.00     3   5.3790
#          47       0.00000      5.51      6.00     3   5.4112
#          48       0.00000      6.83      6.00     3   5.4236
#          49       0.00000      5.11      6.00     3   5.4377
#          50       0.00000      7.00      6.00     3   5.4520
#          51       0.00000      6.89      6.00     3   5.4675
#          52       0.00000      6.86      6.00     3   5.4684
#          53       0.00000     13.23      6.00     3   5.4740
#          54       0.00000     10.71      6.00     3   5.4774
#          55       0.00000      4.61      6.00     3   5.4863
#          56       0.00000      7.29      6.00     3   5.4892
#          57       0.00000      5.93      6.00     3   5.4966
#          58       0.00000      5.03      6.00     3   5.5020
#          59       0.00000      5.47      6.00     3   5.5046
#          60       0.00000      4.36      6.00     3   5.5168
#          61       0.00000      6.61      6.00     3   5.5187
#          62       0.00000      5.34      6.00     3   5.5215
#          63       0.00000      5.15      6.00     3   5.5355
#          64       0.00000      5.76      6.00     3   5.5432
#          65       0.00000      5.37      6.00     3   5.5503
#          66       0.00000      9.21      6.00     3   5.5553
#          67       0.00000      4.73      6.00     3   5.5634
#          68       0.00000      4.45      6.00     3   5.5726
#          69       0.00000      4.49      6.00     3   5.5790
#          70       0.00000      4.52      6.00     3   5.6021
#          71       0.00000      4.38      6.00     3   5.6215
#          72       0.00000     36.53      3.00     2   5.7005
#          73       0.00000     36.01      3.00     2   5.7300
#          74       0.00000     22.06      3.00     2   5.8578
#          75       0.00000     21.99      3.00     2   5.8638
#          76       0.00000     54.64      6.00     3   5.8636
#          77       0.00000     57.41      6.00     3   5.8658
#          78       0.00000     43.97      3.00     4   5.8679
#          79       0.00000     38.89      3.00     4   5.8694
#          80       0.00000     21.68      3.00     2   5.8906
#          81       0.00000     21.66      3.00     2   5.8924
#          82       0.00000     55.42      6.00     3   5.8939
#          83       0.00000     41.30      3.00     4   5.8972
#          84       0.00000     53.60      6.00     3   5.8979
#          85       0.00000     14.94      3.00     2   5.9006
#          86       0.00000     21.55      3.00     2   5.9019
#          87       0.00000     21.53      3.00     2   5.9036
#          88       0.00000     37.06      6.00     3   5.9036
#          89       0.00000     38.19      3.00     4   5.9033
#          90       0.00000     55.44      6.00     3   5.9062
#          91       0.00000     25.74      3.00     4   5.9065
#          92       0.00000     53.74      6.00     3   5.9068
#          93       0.00000     41.71      3.00     4   5.9088
#          94       0.00000     38.71      3.00     4   5.9117
#          95       0.00000     21.43      3.00     2   5.9131
#          96       0.00000     64.55      6.00     3   5.9140
#          97       0.00000     49.33      3.00     4   5.9149
#          99       0.00000      4.34      6.00     3   6.1720
#         100       0.00000      4.18      6.00     3   6.1844
#         105       0.00000      6.85      6.00     3   6.2359
#         115       0.00000      5.17      6.00     3   6.5053
#         116       0.00000      5.52      6.00     3   6.5326
#         117       0.00000      6.76      6.00     3   6.5515
#         118       0.00000      6.47      6.00     3   6.5534
#         119       0.00000      5.07      6.00     3   6.5554
#         121       0.00000      9.02      6.00     3   6.5879
#         122       0.00000      4.60      6.00     3   6.5932
#         124       0.00000      8.95      6.00     3   6.6107
#         125       0.00000      6.22      6.00     3   6.6158
#         126       0.00000     11.30      6.00     4   6.6271
#         128       0.00000      5.08      6.00     4   6.6438
#         131       0.00000     11.38      6.00     4   6.6489
#         134       0.00000      4.72      6.00     4   6.6532
#         137       0.00000      5.84      6.00     3   6.6548
#         142       0.00000      8.45      6.00     3   6.6844
#         143       0.00000      4.23      6.00     4   6.6866
#         146       0.00000      8.03      6.00     4   6.6990
#         147       0.00000      4.53      6.00     4   6.7163
#         149       0.00000     10.36      6.00     4   6.7249
#         152       0.00000      7.81      3.00     2   7.0188
#         153       0.00000     12.25      3.00     2   7.0267
#         154       0.00000     12.17      3.00     2   7.0405
#         155       0.00000     12.13      3.00     2   7.0478
#         156       0.00000     12.06      3.00     2   7.0598
#         157       0.00000     11.91      3.00     2   7.0848
#         158       0.00000     11.84      3.00     2   7.0987
#         159       0.00000     11.64      3.00     2   7.1342
#         161       0.00000      4.44      6.00     3   7.1955
#         162       0.00000      4.23      6.00     3   7.2125
#         163       0.00000      4.28      6.00     3   7.2159
#         164       0.00000      4.32      6.00     3   7.2193
#         165       0.00000     11.15      3.00     2   7.2258
#         166       0.00000     11.09      3.00     2   7.2368
#         171       0.00000      4.14      6.00     3   7.2627
#         172       0.00000     10.92      3.00     2   7.2700
#         174       0.00000     10.90      3.00     2   7.2740
#         177       0.00000     10.83      3.00     2   7.2882
#         179       0.00000     10.81      3.00     2   7.2909
#         182       0.00000      6.72      3.00     2   7.2982
#         183       0.00000     10.76      3.00     2   7.3006
#         186       0.00000      5.03      6.00     3   7.3148
#         189       0.00000      5.26      6.00     3   7.3324
#         194       0.00000      6.85      6.00     3   7.3772
#         195       0.00000      4.04      6.00     3   7.3860
#         197       0.00000      4.19      6.00     3   7.4073
#         198       0.00000      4.45      6.00     3   7.4111
#         200       0.00000      5.97      6.00     3   7.4211
#   141/ 183 paths used
#  xsedge+50, used to normalize mu           8.5451E-04
#  -----------------------------------------------------------------------
#  omega    e    k    mu    mu0     chi     @#
    5487.815    -16.827   0.000  8.53668E-01  1.24838E+00 -1.49099E-01
    5487.824    -16.817   0.050  8.66430E-01  1.25871E+00 -1.46606E-01
    5487.853    -16.789   0.100  8.79394E-01  1.26903E+00 -1.44092E-01
    5487.900    -16.741   0.150  9.18889E-01  1.30037E+00 -1.36707E-01
    5487.967    -16.674   0.200  9.60023E-01  1.33170E+00 -1.29196E-01
    5488.053    -16.589   0.250  1.02885E+00  1.38393E+00 -1.17414E-01
    5488.158    -16.484   0.300  1.10123E+00  1.43617E+00 -1.05609E-01
    5488.281    -16.360   0.350  1.19925E+00  1.50690E+00 -9.11648E-02
    5488.424    -16.217   0.400  1.30112E+00  1.57763E+00 -7.72847E-02
    5488.586    -16.055   0.450  1.42023E+00  1.66048E+00 -6.31876E-02
    5488.767    -15.874   0.500  1.54041E+00  1.74334E+00 -5.03958E-02
    5488.967    -15.674   0.550  1.66389E+00  1.82767E+00 -3.91172E-02
    5489.186    -15.455   0.600  1.78523E+00  1.91200E+00 -2.91620E-02
    5489.424    -15.217   0.650  1.89668E+00  1.98515E+00 -2.03580E-02
    5489.682    -14.960   0.700  2.00787E+00  2.05831E+00 -1.16090E-02
    5489.958    -14.684   0.750  2.10361E+00  2.10846E+00 -1.16160E-03
    5490.253    -14.388   0.800  2.20482E+00  2.15862E+00  1.15127E-02
    5490.567    -14.074   0.850  2.28969E+00  2.17752E+00  2.97651E-02
    5490.901    -13.741   0.900  2.37923E+00  2.19642E+00  5.18763E-02
    5491.253    -13.388   0.950  2.44619E+00  2.18202E+00  8.06318E-02
    5491.625    -13.017   1.000  2.50392E+00  2.16761E+00  1.11044E-01
    5492.015    -12.626   1.050  2.52296E+00  2.12453E+00  1.41768E-01
    5492.425    -12.217   1.100  2.51498E+00  2.08145E+00  1.67241E-01
    5492.853    -11.788   1.150  2.45971E+00  2.01907E+00  1.82799E-01
    5493.301    -11.340   1.200  2.37459E+00  1.95669E+00  1.87494E-01
    5493.768    -10.874   1.250  2.25613E+00  1.88543E+00  1.78094E-01
    5494.254    -10.388   1.300  2.12159E+00  1.81417E+00  1.58952E-01
    5494.758     -9.883   1.350  1.97884E+00  1.74249E+00  1.30130E-01
    5495.282     -9.359   1.400  1.83484E+00  1.67081E+00  9.65718E-02
    5495.825     -8.816   1.450  1.70031E+00  1.60420E+00  5.98734E-02
    5496.387     -8.254   1.500  1.57045E+00  1.53758E+00  2.17346E-02
    5496.968     -7.673   1.550  1.45474E+00  1.47890E+00 -1.67888E-02
    5497.568     -7.073   1.600  1.34371E+00  1.42021E+00 -5.60007E-02
    5498.187     -6.454   1.650  1.24639E+00  1.37036E+00 -9.46639E-02
    5498.826     -5.816   1.700  1.15612E+00  1.32051E+00 -1.31174E-01
    5499.483     -5.159   1.750  1.08281E+00  1.27951E+00 -1.62459E-01
    5500.159     -4.482   1.800  1.02309E+00  1.23851E+00 -1.84385E-01
    5500.854     -3.787   1.850  9.87359E-01  1.20784E+00 -1.93417E-01
    5501.569     -3.073   1.900  9.70277E-01  1.17718E+00 -1.86130E-01
    5502.302     -2.339   1.950  9.83246E-01  1.15835E+00 -1.60993E-01
    5503.055     -1.587   2.000  1.00944E+00  1.13952E+00 -1.22288E-01
    5503.826     -0.815   2.050  1.04361E+00  1.12278E+00 -7.59884E-02
    5504.617     -0.025   2.100  1.07470E+00  1.10604E+00 -3.07203E-02
    5505.426      0.785   2.150  1.09550E+00  1.08929E+00  6.21351E-03
    5506.255      1.614   2.200  1.10218E+00  1.07255E+00  3.03488E-02
    5507.103      2.461   2.250  1.09708E+00  1.05783E+00  4.08844E-02
    5507.970      3.328   2.300  1.08013E+00  1.04310E+00  3.92340E-02
    5508.855      4.214   2.350  1.05780E+00  1.02837E+00  3.17304E-02
    5509.760      5.119   2.400  1.03622E+00  1.01365E+00  2.47692E-02
    5510.684      6.043   2.450  1.02547E+00  1.00271E+00  2.52432E-02
    5511.627      6.986   2.500  1.01972E+00  9.91768E-01  3.13330E-02
    5512.589      7.948   2.550  1.01492E+00  9.80828E-01  3.86365E-02
    5513.570      8.929   2.600  1.00694E+00  9.69889E-01  4.24427E-02
    5514.570      9.929   2.650  1.00234E+00  9.64495E-01  4.33659E-02
    5515.590     10.948   2.700  9.94019E-01  9.59102E-01  4.00278E-02
    5516.628     11.986   2.750  9.82662E-01  9.53708E-01  3.32026E-02
    5517.685     13.044   2.800  9.69488E-01  9.48315E-01  2.42873E-02
    5518.761     14.120   2.850  9.58289E-01  9.49417E-01  1.01093E-02
    5519.857     15.215   2.900  9.48645E-01  9.50519E-01 -2.12162E-03
    5520.971     16.330   2.950  9.42539E-01  9.51621E-01 -1.02124E-02
    5522.105     17.463   3.000  9.40226E-01  9.52723E-01 -1.39607E-02
    5523.257     18.616   3.050  9.38826E-01  9.56299E-01 -1.93372E-02
    5524.429     19.787   3.100  9.42057E-01  9.59875E-01 -1.95368E-02
    5525.619     20.978   3.150  9.49915E-01  9.63451E-01 -1.47064E-02
    5526.829     22.188   3.200  9.61127E-01  9.67027E-01 -6.35193E-03
    5528.058     23.416   3.250  9.73869E-01  9.72191E-01  1.78936E-03
    5529.305     24.664   3.300  9.87341E-01  9.77354E-01  1.05380E-02
    5530.572     25.931   3.350  1.00007E+00  9.82518E-01  1.83380E-02
    5531.858     27.217   3.400  1.01086E+00  9.87682E-01  2.39793E-02
    5533.163     28.522   3.450  1.01786E+00  9.91773E-01  2.67681E-02
    5534.487     29.846   3.500  1.02193E+00  9.95865E-01  2.65309E-02
    5535.830     31.189   3.550  1.02280E+00  9.99956E-01  2.30733E-02
    5537.192     32.551   3.600  1.02050E+00  1.00405E+00  1.64872E-02
    5538.573     33.932   3.650  1.01334E+00  1.00602E+00  7.30871E-03
    5539.973     35.332   3.700  1.00408E+00  1.00799E+00 -3.87609E-03
    5541.393     36.751   3.750  9.93604E-01  1.00996E+00 -1.61693E-02
    5542.831     38.189   3.800  9.83127E-01  1.01193E+00 -2.83531E-02
    5544.288     39.647   3.850  9.71731E-01  1.01123E+00 -3.88772E-02
    5545.765     41.123   3.900  9.63191E-01  1.01053E+00 -4.65880E-02
    5547.260     42.619   3.950  9.58666E-01  1.00983E+00 -5.03450E-02
    5548.774     44.133   4.000  9.58799E-01  1.00913E+00 -4.95186E-02
    5550.308     45.667   4.050  9.61572E-01  1.00609E+00 -4.39371E-02
    5551.861     47.219   4.100  9.68378E-01  1.00304E+00 -3.43277E-02
    5553.432     48.791   4.150  9.78022E-01  1.00000E+00 -2.18360E-02
    5555.023     50.381   4.200  9.89140E-01  9.96962E-01 -7.79556E-03
    5556.633     51.991   4.250  9.99741E-01  9.92951E-01  6.80107E-03
    5558.261     53.620   4.300  1.00946E+00  9.88941E-01  2.06607E-02
    5559.909     55.268   4.350  1.01771E+00  9.84930E-01  3.31726E-02
    5561.576     56.935   4.400  1.02417E+00  9.80919E-01  4.39985E-02
    5563.262     58.620   4.450  1.02820E+00  9.76982E-01  5.23566E-02
    5564.967     60.325   4.500  1.02950E+00  9.73045E-01  5.80037E-02
    5566.691     62.049   4.550  1.02756E+00  9.69108E-01  6.03651E-02
    5568.434     63.793   4.600  1.02177E+00  9.65171E-01  5.87444E-02
    5570.196     65.555   4.650  1.01258E+00  9.62288E-01  5.23977E-02
    5571.977     67.336   4.700  9.99266E-01  9.59405E-01  4.16866E-02
    5573.778     69.136   4.750  9.82357E-01  9.56522E-01  2.71193E-02
    5575.597     70.955   4.800  9.62908E-01  9.53639E-01  9.76614E-03
    5577.435     72.794   4.850  9.43825E-01  9.52155E-01 -8.79429E-03
    5579.292     74.651   4.900  9.25055E-01  9.50671E-01 -2.70936E-02
    5581.169     76.527   4.950  9.07693E-01  9.49188E-01 -4.39715E-02
    5583.064     78.423   5.000  8.92475E-01  9.47704E-01 -5.86356E-02
    5584.979     80.337   5.050  8.81263E-01  9.47603E-01 -7.04236E-02
    5586.912     82.271   5.100  8.73119E-01  9.47502E-01 -7.89535E-02
    5588.865     84.224   5.150  8.68867E-01  9.47401E-01 -8.33497E-02
    5590.837     86.195   5.200  8.69793E-01  9.47301E-01 -8.22504E-02
    5592.827     88.186   5.250  8.78646E-01  9.48230E-01 -7.37268E-02
    5594.837     90.196   5.300  8.95640E-01  9.49160E-01 -5.66170E-02
    5596.866     92.225   5.350  9.21114E-01  9.50089E-01 -3.06046E-02
    5598.914     94.272   5.400  9.53743E-01  9.51018E-01  2.87351E-03
    5600.981     96.339   5.450  9.90200E-01  9.51604E-01  4.06343E-02
    5603.067     98.425   5.500  1.02521E+00  9.52189E-01  7.67481E-02
    5605.172    100.530   5.550  1.05291E+00  9.52774E-01  1.05076E-01
    5607.296    102.654   5.600  1.06813E+00  9.53359E-01  1.20234E-01
    5609.439    104.797   5.650  1.06784E+00  9.54245E-01  1.18770E-01
    5611.601    106.960   5.700  1.05201E+00  9.55131E-01  1.01096E-01
    5613.782    109.141   5.750  1.02400E+00  9.56017E-01  7.08047E-02
    5615.983    111.341   5.800  9.89646E-01  9.56903E-01  3.40378E-02
    5618.202    113.560   5.850  9.56393E-01  9.58347E-01 -2.02499E-03
    5620.440    115.799   5.900  9.29659E-01  9.59792E-01 -3.11328E-02
    5622.698    118.056   5.950  9.12953E-01  9.61237E-01 -4.97324E-02
    5624.974    120.333   6.000  9.06631E-01  9.62681E-01 -5.75559E-02
    5627.270    122.628   6.050  9.05322E-01  9.60849E-01 -5.70990E-02
    5629.584    124.943   6.100  9.07429E-01  9.59016E-01 -5.31222E-02
    5631.918    127.276   6.150  9.08451E-01  9.57184E-01 -5.02534E-02
    5634.271    129.629   6.200  9.05684E-01  9.55352E-01 -5.12886E-02
    5636.642    132.001   6.250  8.99194E-01  9.53519E-01 -5.61773E-02
    5639.033    134.392   6.300  8.91771E-01  9.51687E-01 -6.20462E-02
    5641.443    136.801   6.350  8.87911E-01  9.49854E-01 -6.42363E-02
    5643.872    139.230   6.400  8.92180E-01  9.48022E-01 -5.79902E-02
    5646.320    141.678   6.450  9.07503E-01  9.46190E-01 -4.02317E-02
    5648.787    144.145   6.500  9.33923E-01  9.44357E-01 -1.08662E-02
    5651.273    146.631   6.550  9.68142E-01  9.42468E-01  2.68030E-02
    5653.778    149.136   6.600  1.00409E+00  9.40578E-01  6.64703E-02
    5656.302    151.660   6.650  1.03457E+00  9.38688E-01  1.00593E-01
    5658.845    154.203   6.700  1.05297E+00  9.36799E-01  1.22171E-01
    5661.407    156.766   6.750  1.05488E+00  9.34909E-01  1.26484E-01
    5663.988    159.347   6.800  1.03921E+00  9.33020E-01  1.12229E-01
    5666.589    161.947   6.850  1.00835E+00  9.31130E-01  8.18124E-02
    5669.208    164.567   6.900  9.67612E-01  9.29241E-01  4.07555E-02
    5671.847    167.205   6.950  9.23970E-01  9.27351E-01 -3.60024E-03
    5674.504    169.863   7.000  8.84489E-01  9.25461E-01 -4.37359E-02
    5677.180    172.539   7.050  8.55663E-01  9.24371E-01 -7.34619E-02
    5679.876    175.235   7.100  8.39908E-01  9.23281E-01 -8.92862E-02
    5682.591    177.949   7.150  8.37401E-01  9.22191E-01 -9.09523E-02
    5685.324    180.683   7.200  8.45650E-01  9.21101E-01 -8.10675E-02
    5688.077    183.436   7.250  8.60397E-01  9.20011E-01 -6.41568E-02
    5690.849    186.207   7.300  8.76883E-01  9.18921E-01 -4.53161E-02
    5693.640    188.998   7.350  8.91144E-01  9.17830E-01 -2.88156E-02
    5696.449    191.808   7.400  9.01005E-01  9.16740E-01 -1.70185E-02
    5699.278    194.637   7.450  9.06502E-01  9.15650E-01 -9.91039E-03
    5702.126    197.485   7.500  9.09610E-01  9.14560E-01 -5.37107E-03
    5704.993    200.352   7.550  9.13820E-01  9.13770E-01  5.44206E-05
    5707.879    203.238   7.600  9.21539E-01  9.12979E-01  9.30245E-03
    5710.785    206.143   7.650  9.34150E-01  9.12189E-01  2.38855E-02
    5713.709    209.067   7.700  9.50850E-01  9.11398E-01  4.29406E-02
    5716.652    212.010   7.750  9.68602E-01  9.10608E-01  6.31710E-02
    5719.614    214.973   7.800  9.82867E-01  9.09818E-01  7.96313E-02
    5722.595    217.954   7.850  9.88913E-01  9.09027E-01  8.71498E-02
    5725.596    220.954   7.900  9.83312E-01  9.08237E-01  8.19640E-02
    5728.615    223.974   7.950  9.65150E-01  9.07446E-01  6.30472E-02
    5731.654    227.012   8.000  9.36550E-01  9.06656E-01  3.26869E-02
    5734.711    230.070   8.050  9.01597E-01  9.05222E-01 -3.96950E-03
    5737.788    233.146   8.100  8.67484E-01  9.03787E-01 -3.98139E-02
    5740.883    236.242   8.150  8.40335E-01  9.02353E-01 -6.81173E-02
    5743.998    239.357   8.200  8.24517E-01  9.00919E-01 -8.40419E-02
    5747.132    242.490   8.250  8.21607E-01  8.99484E-01 -8.57937E-02
    5750.285    245.643   8.300  8.30180E-01  8.98050E-01 -7.48817E-02
    5753.456    248.815   8.350  8.46443E-01  8.96616E-01 -5.54401E-02
    5756.647    252.006   8.400  8.65485E-01  8.95181E-01 -3.28637E-02
    5759.857    255.216   8.450  8.82734E-01  8.93747E-01 -1.22055E-02
    5763.086    258.445   8.500  8.95166E-01  8.92313E-01  3.16689E-03
    5766.334    261.693   8.550  9.01485E-01  8.90501E-01  1.22207E-02
    5769.601    264.960   8.600  9.03377E-01  8.88690E-01  1.63793E-02
    5772.887    268.246   8.650  9.03343E-01  8.86879E-01  1.84040E-02
    5776.192    271.551   8.700  9.04044E-01  8.85068E-01  2.12624E-02
    5779.517    274.875   8.750  9.07237E-01  8.83256E-01  2.69333E-02
    5782.860    278.218   8.800  9.13081E-01  8.81445E-01  3.56148E-02
    5786.222    281.581   8.850  9.20016E-01  8.79634E-01  4.55687E-02
    5789.604    284.962   8.900  9.25234E-01  8.77822E-01  5.36286E-02
    5793.004    288.363   8.950  9.25585E-01  8.76011E-01  5.62079E-02
    5796.423    291.782   9.000  9.18628E-01  8.74200E-01  5.04944E-02
    5799.862    295.221   9.050  9.03804E-01  8.72668E-01  3.54634E-02
    5803.320    298.678   9.100  8.82009E-01  8.71137E-01  1.24102E-02
    5806.796    302.155   9.150  8.56450E-01  8.69605E-01 -1.50496E-02
    5810.292    305.650   9.200  8.31595E-01  8.68074E-01 -4.18221E-02
    5813.807    309.165   9.250  8.12082E-01  8.66542E-01 -6.25740E-02
    5817.340    312.699   9.300  8.01528E-01  8.65011E-01 -7.31000E-02
    5820.893    316.252   9.350  8.01577E-01  8.63480E-01 -7.14371E-02
    5824.465    319.823   9.400  8.11450E-01  8.61948E-01 -5.84044E-02
    5828.056    323.414   9.450  8.28157E-01  8.60417E-01 -3.73924E-02
    5831.666    327.024   9.500  8.47315E-01  8.58885E-01 -1.34413E-02
    5835.295    330.653   9.550  8.64670E-01  8.57634E-01  8.18641E-03
    5838.943    334.301   9.600  8.76352E-01  8.56383E-01  2.32732E-02
    5842.610    337.969   9.650  8.80797E-01  8.55132E-01  2.99602E-02
    5846.296    341.655   9.700  8.78735E-01  8.53881E-01  2.90608E-02
    5850.001    345.360   9.750  8.72758E-01  8.52630E-01  2.35736E-02
    5853.726    349.084   9.800  8.66305E-01  8.51379E-01  1.75101E-02
    5857.469    352.827   9.850  8.62406E-01  8.50128E-01  1.44266E-02
    5861.231    356.590   9.900  8.62603E-01  8.48877E-01  1.61552E-02
    5865.013    360.371   9.950  8.66425E-01  8.47626E-01  2.21619E-02
    5868.813    364.172  10.000  8.71565E-01  8.46375E-01  2.97460E-02
    5872.633    367.991  10.050  8.74403E-01  8.44757E-01  3.50731E-02
    5876.471    371.830  10.100  8.72108E-01  8.43140E-01  3.43356E-02
    5880.329    375.687  10.150  8.62861E-01  8.41522E-01  2.53402E-02
    5884.206    379.564  10.200  8.46917E-01  8.39905E-01  8.34277E-03
    5888.101    383.460  10.250  8.26661E-01  8.38287E-01 -1.38592E-02
    5892.016    387.374  10.300  8.05984E-01  8.36669E-01 -3.66479E-02
    5895.950    391.308  10.350  7.89196E-01  8.35052E-01 -5.48708E-02
    5899.903    395.261  10.400  7.79825E-01  8.33434E-01 -6.42705E-02
    5903.875    399.233  10.450  7.79682E-01  8.31817E-01 -6.26222E-02
    5907.866    403.224  10.500  7.88436E-01  8.30199E-01 -5.02608E-02
    5911.876    407.234  10.550  8.03787E-01  8.28581E-01 -2.98968E-02
    5915.905    411.263  10.600  8.22133E-01  8.26964E-01 -5.83596E-03
    5919.953    415.311  10.650  8.39496E-01  8.25346E-01  1.71275E-02
    5924.020    419.378  10.700  8.52444E-01  8.23729E-01  3.48250E-02
    5928.106    423.465  10.750  8.58788E-01  8.22111E-01  4.45660E-02
    5932.211    427.570  10.800  8.57923E-01  8.20494E-01  4.55691E-02
    5936.336    431.694  10.850  8.50798E-01  8.18876E-01  3.89397E-02
    5940.479    435.837  10.900  8.39559E-01  8.17258E-01  2.72557E-02
    5944.641    440.000  10.950  8.26979E-01  8.15641E-01  1.38840E-02
    5948.823    444.181  11.000  8.15794E-01  8.14023E-01  2.17306E-03
    5953.023    448.382  11.050  8.08203E-01  8.12533E-01 -5.32287E-03
    5957.243    452.601  11.100  8.04953E-01  8.11043E-01 -7.49972E-03
    5961.482    456.840  11.150  8.05623E-01  8.09553E-01 -4.84912E-03
    5965.739    461.098  11.200  8.08540E-01  8.08063E-01  5.89692E-04
    5970.016    465.374  11.250  8.11249E-01  8.06573E-01  5.78997E-03
    5974.312    469.670  11.300  8.11247E-01  8.05083E-01  7.64602E-03
    5978.626    473.985  11.350  8.06818E-01  8.03593E-01  4.00755E-03
    5982.960    478.319  11.400  7.97708E-01  8.02103E-01 -5.47239E-03
    5987.313    482.672  11.450  7.85393E-01  8.00613E-01 -1.89853E-02
    5991.685    487.044  11.500  7.72796E-01  7.99123E-01 -3.29011E-02
    5996.076    491.435  11.550  7.63478E-01  7.97633E-01 -4.27635E-02
    6000.486    495.845  11.600  7.60521E-01  7.96143E-01 -4.46830E-02
    6004.915    500.274  11.650  7.65460E-01  7.94653E-01 -3.66865E-02
    6009.363    504.722  11.700  7.77634E-01  7.93163E-01 -1.95515E-02
    6013.831    509.189  11.750  7.94216E-01  7.91673E-01  3.20837E-03
    6018.317    513.675  11.800  8.10960E-01  7.90183E-01  2.62576E-02
    6022.822    518.181  11.850  8.23436E-01  7.88693E-01  4.39908E-02
    6027.347    522.705  11.900  8.28366E-01  7.87203E-01  5.22172E-02
    6031.890    527.249  11.950  8.24589E-01  7.85713E-01  4.94101E-02
    6036.452    531.811  12.000  8.13355E-01  7.84223E-01  3.70953E-02
    6041.034    536.393  12.050  7.97635E-01  7.82542E-01  1.92591E-02
    6045.635    540.993  12.100  7.81575E-01  7.80861E-01  9.12191E-04
    6050.254    545.613  12.150  7.68750E-01  7.79181E-01 -1.33655E-02
    6054.893    550.251  12.200  7.61239E-01  7.77500E-01 -2.08797E-02
    6059.550    554.909  12.250  7.59158E-01  7.75820E-01 -2.14383E-02
    6064.227    559.586  12.300  7.60906E-01  7.74139E-01 -1.70632E-02
    6068.923    564.282  12.350  7.63966E-01  7.72459E-01 -1.09743E-02
    6073.638    568.996  12.400  7.65932E-01  7.70778E-01 -6.27481E-03
    6078.372    573.730  12.450  7.65367E-01  7.69098E-01 -4.84144E-03
    6083.125    578.483  12.500  7.62188E-01  7.67417E-01 -6.79988E-03
    6087.897    583.255  12.550  7.57516E-01  7.65737E-01 -1.07129E-02
    6092.688    588.046  12.600  7.53086E-01  7.64056E-01 -1.43262E-02
    6097.498    592.856  12.650  7.50511E-01  7.62376E-01 -1.55268E-02
    6102.327    597.686  12.700  7.50684E-01  7.60695E-01 -1.31293E-02
    6107.175    602.534  12.750  7.53519E-01  7.59014E-01 -7.22327E-03
    6112.043    607.401  12.800  7.58079E-01  7.57334E-01  9.81047E-04
    6116.929    612.287  12.850  7.62978E-01  7.55653E-01  9.66884E-03
    6121.834    617.193  12.900  7.66859E-01  7.53973E-01  1.70456E-02
    6126.759    622.117  12.950  7.68755E-01  7.52292E-01  2.18238E-02
    6131.702    627.061  13.000  7.68249E-01  7.50612E-01  2.34320E-02
    6136.665    632.023  13.050  7.65491E-01  7.48979E-01  2.19852E-02
    6141.646    637.005  13.100  7.60773E-01  7.47345E-01  1.79163E-02
    6146.647    642.005  13.150  7.54656E-01  7.45712E-01  1.19598E-02
    6151.666    647.025  13.200  7.47768E-01  7.44079E-01  4.94356E-03
    6156.705    652.064  13.250  7.40764E-01  7.42445E-01 -2.25827E-03
    6161.763    657.121  13.300  7.34315E-01  7.40812E-01 -8.74480E-03
    6166.840    662.198  13.350  7.29049E-01  7.39179E-01 -1.36638E-02
    6171.936    667.294  13.400  7.25432E-01  7.37546E-01 -1.63758E-02
    6177.050    672.409  13.450  7.23616E-01  7.35912E-01 -1.66593E-02
    6182.184    677.543  13.500  7.23343E-01  7.34279E-01 -1.48483E-02
    6187.337    682.696  13.550  7.23982E-01  7.32646E-01 -1.17887E-02
    6192.509    687.868  13.600  7.24726E-01  7.31013E-01 -8.57320E-03
    6197.701    693.059  13.650  7.24899E-01  7.29379E-01 -6.12326E-03
    6202.911    698.269  13.700  7.24251E-01  7.27746E-01 -4.78818E-03
    6208.140    703.498  13.750  7.23087E-01  7.26113E-01 -4.15464E-03
    6213.388    708.747  13.800  7.22158E-01  7.24480E-01 -3.19418E-03
    6218.655    714.014  13.850  7.22315E-01  7.22846E-01 -7.32307E-04
    6223.942    719.300  13.900  7.24058E-01  7.21213E-01  3.93244E-03
    6229.247    724.606  13.950  7.27179E-01  7.19580E-01  1.05264E-02
    6234.572    729.930  14.000  7.30671E-01  7.17947E-01  1.76645E-02
    6239.915    735.274  14.050  7.32970E-01  7.16237E-01  2.32851E-02
    6245.278    740.636  14.100  7.32505E-01  7.14527E-01  2.50786E-02
    6250.659    746.018  14.150  7.28296E-01  7.12817E-01  2.16446E-02
    6256.060    751.418  14.200  7.20444E-01  7.11107E-01  1.30877E-02
    6261.480    756.838  14.250  7.10233E-01  7.09396E-01  1.17498E-03
    6266.918    762.277  14.300  6.99788E-01  7.07686E-01 -1.11235E-02
    6272.376    767.735  14.350  6.91403E-01  7.05976E-01 -2.05738E-02
    6277.853    773.212  14.400  6.86771E-01  7.04266E-01 -2.47593E-02
    6283.349    778.707  14.450  6.86415E-01  7.02556E-01 -2.28981E-02
    6288.864    784.222  14.500  6.89534E-01  7.00846E-01 -1.60874E-02
    6294.398    789.756  14.550  6.94311E-01  6.99136E-01 -6.87937E-03
    6299.951    795.310  14.600  6.98578E-01  6.97426E-01  1.64560E-03
    6305.523    800.882  14.650  7.00573E-01  6.95716E-01  6.95781E-03
    6311.114    806.473  14.700  6.99513E-01  6.94006E-01  7.90784E-03
    6316.724    812.083  14.750  6.95780E-01  6.92296E-01  5.01547E-03
    6322.354    817.712  14.800  6.90686E-01  6.90586E-01  1.43439E-04
    6328.002    823.361  14.850  6.85915E-01  6.88876E-01 -4.28403E-03
    6333.669    829.028  14.900  6.82892E-01  6.87166E-01 -6.19964E-03
    6339.356    834.714  14.950  6.82289E-01  6.85456E-01 -4.60483E-03
    6345.061    840.420  15.000  6.83856E-01  6.83746E-01  1.60528E-04
    6350.786    846.144  15.050  6.86614E-01  6.82059E-01  6.65717E-03
    6356.529    851.888  15.100  6.89155E-01  6.80371E-01  1.28681E-02
    6362.292    857.650  15.150  6.90211E-01  6.78683E-01  1.69292E-02
    6368.073    863.432  15.200  6.88988E-01  6.76996E-01  1.76541E-02
    6373.874    869.233  15.250  6.85325E-01  6.75308E-01  1.47841E-02
    6379.694    875.052  15.300  6.79653E-01  6.73620E-01  8.92579E-03
    6385.533    880.891  15.350  6.72792E-01  6.71933E-01  1.27425E-03
    6391.391    886.749  15.400  6.65715E-01  6.70245E-01 -6.73560E-03
    6397.267    892.626  15.450  6.59350E-01  6.68557E-01 -1.37268E-02
    6403.163    898.522  15.500  6.54441E-01  6.66870E-01 -1.85756E-02
    6409.078    904.437  15.550  6.51487E-01  6.65182E-01 -2.05198E-02
    6415.012    910.371  15.600  6.50694E-01  6.63494E-01 -1.92288E-02
    6420.966    916.324  15.650  6.51935E-01  6.61807E-01 -1.48665E-02
    6426.938    922.296  15.700  6.54733E-01  6.60119E-01 -8.13294E-03
    6432.929    928.287  15.750  6.58281E-01  6.58431E-01 -2.28048E-04
    6438.939    934.298  15.800  6.61567E-01  6.56744E-01  7.31919E-03
    6444.968    940.327  15.850  6.63580E-01  6.55056E-01  1.29699E-02
    6451.017    946.375  15.900  6.63581E-01  6.53369E-01  1.55793E-02
    6457.084    952.443  15.950  6.61329E-01  6.51681E-01  1.47558E-02
    6463.171    958.529  16.000  6.57186E-01  6.49993E-01  1.10290E-02
    6469.276    964.635  16.050  6.52041E-01  6.48298E-01  5.75504E-03
    6475.401    970.759  16.100  6.47006E-01  6.46602E-01  6.22178E-04
    6481.544    976.903  16.150  6.43075E-01  6.44907E-01 -2.83149E-03
    6487.707    983.066  16.200  6.40780E-01  6.43212E-01 -3.76816E-03
    6493.889    989.247  16.250  6.40015E-01  6.41516E-01 -2.33176E-03
    6500.089    995.448  16.300  6.40097E-01  6.39821E-01  4.30618E-04
    6506.309   1001.668  16.350  6.40037E-01  6.38125E-01  2.98645E-03
    6512.548   1007.907  16.400  6.38932E-01  6.36430E-01  3.91868E-03
    6518.806   1014.165  16.450  6.36313E-01  6.34734E-01  2.47861E-03
    6525.083   1020.441  16.500  6.32326E-01  6.33039E-01 -1.12322E-03
    6531.379   1026.737  16.550  6.27672E-01  6.31344E-01 -5.79771E-03
    6537.694   1033.053  16.600  6.23338E-01  6.29648E-01 -9.99130E-03
    6544.028   1039.387  16.650  6.20227E-01  6.27953E-01 -1.22650E-02
    6550.381   1045.740  16.700  6.18838E-01  6.26257E-01 -1.18105E-02
    6556.753   1052.112  16.750  6.19106E-01  6.24562E-01 -8.70984E-03
    6563.145   1058.503  16.800  6.20458E-01  6.22866E-01 -3.85445E-03
    6569.555   1064.914  16.850  6.22056E-01  6.21171E-01  1.42094E-03
    6575.984   1071.343  16.900  6.23097E-01  6.19476E-01  5.82812E-03
    6582.433   1077.791  16.950  6.23072E-01  6.17780E-01  8.54093E-03
    6588.900   1084.259  17.000  6.21884E-01  6.16085E-01  9.38631E-03
    6595.387   1090.745  17.050  6.19831E-01  6.14431E-01  8.76322E-03
    6601.892   1097.251  17.100  6.17297E-01  6.12776E-01  7.35624E-03
    6608.417   1103.775  17.150  6.14693E-01  6.11122E-01  5.82658E-03
    6614.960   1110.319  17.200  6.12236E-01  6.09468E-01  4.52900E-03
    6621.523   1116.882  17.250  6.09906E-01  6.07814E-01  3.43196E-03
    6628.105   1123.463  17.300  6.07517E-01  6.06160E-01  2.23229E-03
    6634.706   1130.064  17.350  6.04863E-01  6.04506E-01  5.88830E-04
    6641.326   1136.684  17.400  6.01858E-01  6.02851E-01 -1.64385E-03
    6647.964   1143.323  17.450  5.98612E-01  6.01197E-01 -4.28833E-03
    6654.622   1149.981  17.500  5.95411E-01  5.99543E-01 -6.87348E-03
    6661.299   1156.658  17.550  5.92616E-01  5.97889E-01 -8.79660E-03
    6667.995   1163.354  17.600  5.90531E-01  5.96235E-01 -9.54092E-03
    6674.711   1170.069  17.650  5.89302E-01  5.94581E-01 -8.85528E-03
    6681.445   1176.803  17.700  5.88867E-01  5.92927E-01 -6.82958E-03
    6688.198   1183.556  17.750  5.88990E-01  5.91272E-01 -3.85041E-03
    6694.970   1190.329  17.800  5.89340E-01  5.89618E-01 -4.71189E-04
    6701.761   1197.120  17.850  5.89580E-01  5.87964E-01  2.74179E-03
    6708.572   1203.930  17.900  5.89443E-01  5.86310E-01  5.33060E-03
    6715.401   1210.760  17.950  5.88762E-01  5.84656E-01  7.00539E-03
    6722.250   1217.608  18.000  5.87471E-01  5.83002E-01  7.64788E-03
    6729.117   1224.476  18.050  5.85612E-01  5.81357E-01  7.30174E-03
    6736.004   1231.362  18.100  5.83246E-01  5.79713E-01  6.08035E-03
    6742.909   1238.268  18.150  5.80521E-01  5.78069E-01  4.23228E-03
    6749.834   1245.192  18.200  5.77637E-01  5.76424E-01  2.09805E-03
    6756.778   1252.136  18.250  5.74820E-01  5.74780E-01  6.84484E-05
    6763.740   1259.099  18.300  5.72279E-01  5.73136E-01 -1.49223E-03
    6770.722   1266.081  18.350  5.70148E-01  5.71491E-01 -2.34619E-03
    6777.723   1273.082  18.400  5.68437E-01  5.69847E-01 -2.46964E-03
    6784.743   1280.101  18.450  5.67017E-01  5.68203E-01 -2.08263E-03
    6791.782   1287.140  18.500  5.65656E-01  5.66559E-01 -1.59037E-03
    6798.840   1294.198  18.550  5.64099E-01  5.64914E-01 -1.43973E-03
    6805.917   1301.275  18.600  5.62178E-01  5.63270E-01 -1.93558E-03
    6813.013   1308.371  18.650  5.59888E-01  5.61626E-01 -3.08829E-03
    6820.128   1315.487  18.700  5.57422E-01  5.59981E-01 -4.56180E-03
    6827.262   1322.621  18.750  5.55116E-01  5.58337E-01 -5.75799E-03
    6834.416   1329.774  18.800  5.53336E-01  5.56693E-01 -6.01958E-03
    6841.588   1336.946  18.850  5.52334E-01  5.55048E-01 -4.88267E-03
    6848.779   1344.138  18.900  5.52138E-01  5.53404E-01 -2.28362E-03
    6855.990   1351.348  18.950  5.52513E-01  5.51760E-01  1.36356E-03
    6863.219   1358.578  19.000  5.53012E-01  5.50116E-01  5.25740E-03
    6870.468   1365.826  19.050  5.53162E-01  5.48515E-01  8.46024E-03
    6877.735   1373.094  19.100  5.52469E-01  5.46914E-01  1.01428E-02
    6885.022   1380.380  19.150  5.50702E-01  5.45313E-01  9.87026E-03
    6892.327   1387.686  19.200  5.47918E-01  5.43712E-01  7.72678E-03
    6899.652   1395.011  19.250  5.44432E-01  5.42111E-01  4.27644E-03
    6906.996   1402.354  19.300  5.40713E-01  5.40510E-01  3.74838E-04
    6914.359   1409.717  19.350  5.37238E-01  5.38909E-01 -3.09683E-03
    6921.740   1417.099  19.400  5.34360E-01  5.37308E-01 -5.48168E-03
    6929.141   1424.500  19.450  5.32222E-01  5.35707E-01 -6.50054E-03
    6936.561   1431.920  19.500  5.30755E-01  5.34106E-01 -6.26937E-03
    6944.000   1439.359  19.550  5.29738E-01  5.32505E-01 -5.19241E-03
    6951.458   1446.817  19.600  5.28894E-01  5.30904E-01 -3.78364E-03
    6958.935   1454.294  19.650  5.27987E-01  5.29303E-01 -2.48624E-03
    6966.431   1461.790  19.700  5.26884E-01  5.27702E-01 -1.54999E-03
    6973.947   1469.305  19.750  5.25577E-01  5.26101E-01 -9.96717E-04
    6981.481   1476.839  19.800  5.24149E-01  5.24500E-01 -6.69259E-04
    6989.034   1484.393  19.850  5.22726E-01  5.22900E-01 -3.31975E-04
    6996.607   1491.965  19.900  5.21413E-01  5.21299E-01  2.19905E-04
    7004.198   1499.556  19.950  5.20258E-01  5.19698E-01  1.07903E-03
    7011.808   1507.167  20.000  5.19233E-01  5.18097E-01  2.19306E-03
