# # Once                                                         FEFF 9.6.4  
# # POT  SCF 100  6.0000   0, core-hole, AFOLP (folp(0)= 1.150)
# # Abs   Z=27 Rmt= 1.350 Rnm= 1.395 K  shell
# # Pot 1 Z=58 Rmt= 1.690 Rnm= 1.716
# # Pot 2 Z=27 Rmt= 1.320 Rnm= 1.370
# # Gam_ch=1.436E+00 H-L exch Vi= 0.000E+00 Vr= 0.000E+00
# # Mu=-1.846E+01 kf=2.119E+00 Vint=-2.789E+01 Rs_int= 1.712
# # PATH  Rmax= 8.000,  Keep_limit= 0.00, Heap_limit 0.00  Pwcrit= 2.50%
#  S02=1.000  Temp=   0.00  Debye_temp=   0.00  Global_sig2= 0.00000
#  Energy zero shift, vr, vi    0.00000E+00   0.00000E+00
#  Curved wave amplitude ratio filter   4.000%
#     file         sig2 tot  cw amp ratio   deg  nlegs   reff  inp sig2
#           1       0.00000    100.00      2.00     2   2.4057
#           2       0.00000     97.09      2.00     2   2.4418
#           3       0.00000     91.36      2.00     2   2.5169
#           4       0.00000     88.99      2.00     2   2.5497
#           5       0.00000     42.43      1.00     2   2.6097
#           6       0.00000     47.95      1.00     2   3.0168
#           7       0.00000     47.48      1.00     2   3.0321
#           8       0.00000     40.72      1.00     2   3.2728
#           9       0.00000      8.45      4.00     3   3.6266
#          10       0.00000      8.63      4.00     3   3.6584
#          11       0.00000     19.90      1.00     2   3.6727
#          12       0.00000      8.61      4.00     3   3.6748
#          13       0.00000      6.95      4.00     3   3.7542
#          14       0.00000     31.90      2.00     2   4.0284
#          15       0.00000     31.17      2.00     2   4.0667
#          16       0.00000     30.79      2.00     2   4.0870
#          17       0.00000     14.88      1.00     2   4.1439
#          18       0.00000     29.73      2.00     2   4.1458
#          19       0.00000     29.15      2.00     2   4.1791
#          20       0.00000     28.54      2.00     2   4.2152
#          21       0.00000     12.66      1.00     2   4.4227
#          22       0.00000      8.68      4.00     3   4.4332
#          23       0.00000      8.76      4.00     3   4.4434
#          24       0.00000      8.09      4.00     3   4.4528
#          25       0.00000      9.00      4.00     3   4.4786
#          27       0.00000      8.22      4.00     3   4.5313
#          28       0.00000     23.63      2.00     2   4.5446
#          29       0.00000      7.56      4.00     3   4.5854
#          30       0.00000     22.97      2.00     2   4.5949
#          31       0.00000      5.16      4.00     3   4.6333
#          32       0.00000      6.84      4.00     3   4.6333
#          33       0.00000     43.07      4.00     2   4.7123
#          34       0.00000     35.55      2.00     2   4.7134
#          35       0.00000      8.11      4.00     3   4.7283
#          36       0.00000      8.80      4.00     3   4.7389
#          37       0.00000     11.10      4.00     3   4.7442
#          38       0.00000      9.21      4.00     3   4.7932
#          39       0.00000     10.35      4.00     3   4.7932
#          40       0.00000     10.26      1.00     2   4.8004
#          41       0.00000     20.41      2.00     2   4.8114
#          42       0.00000     50.70      4.00     3   4.8114
#          43       0.00000      5.03      2.00     4   4.8114
#          44       0.00000     41.54      2.00     4   4.8114
#          45       0.00000     20.37      2.00     2   4.8148
#          46       0.00000     20.42      4.00     3   4.8311
#          47       0.00000     38.72      4.00     3   4.8311
#          48       0.00000     10.05      1.00     2   4.8401
#          49       0.00000     17.18      4.00     4   4.8474
#          50       0.00000     22.31      2.00     4   4.8475
#          51       0.00000     19.80      2.00     2   4.8671
#          52       0.00000      4.72      2.00     4   4.8835
#          53       0.00000     17.00      2.00     3   4.8891
#          54       0.00000     17.00      2.00     3   4.8891
#          55       0.00000      9.94      4.00     3   4.8894
#          56       0.00000     10.00      4.00     3   4.8894
#          57       0.00000     17.09      2.00     4   4.9110
#          59       0.00000      4.61      2.00     3   4.9800
#          61       0.00000      5.32      4.00     3   5.0331
#          62       0.00000      4.14      2.00     4   5.0338
#          63       0.00000     16.75      4.00     3   5.0384
#          64       0.00000     12.05      4.00     4   5.0666
#          65       0.00000      5.41      4.00     3   5.0860
#          66       0.00000      9.61      4.00     3   5.0860
#          68       0.00000     17.36      2.00     2   5.1173
#          69       0.00000      4.93      4.00     3   5.1184
#          70       0.00000      8.76      4.00     3   5.1305
#          71       0.00000     17.19      2.00     2   5.1354
#          72       0.00000     21.98      4.00     3   5.1754
#          73       0.00000     11.83      4.00     3   5.1964
#          74       0.00000      7.58      2.00     4   5.2154
#          76       0.00000      6.70      4.00     3   5.2796
#          77       0.00000      7.96      1.00     2   5.2857
#          78       0.00000      4.31      4.00     3   5.4163
#          79       0.00000     14.03      2.00     2   5.5386
#          81       0.00000     13.92      2.00     2   5.5534
#          82       0.00000     13.86      2.00     2   5.5636
#          83       0.00000     13.82      2.00     2   5.5683
#          84       0.00000      7.45      2.00     3   5.5894
#          85       0.00000     13.61      2.00     2   5.6004
#          86       0.00000      9.14      2.00     3   5.6215
#          87       0.00000      5.55      2.00     4   5.6418
#          88       0.00000     18.01      4.00     3   5.7765
#          89       0.00000     15.53      4.00     3   5.7862
#          90       0.00000     15.14      4.00     3   5.8139
#          91       0.00000     17.10      4.00     3   5.8160
#          92       0.00000     11.42      4.00     3   5.8894
#          93       0.00000      6.51      2.00     4   5.9847
#          94       0.00000     11.21      2.00     2   6.0056
#          95       0.00000     11.20      2.00     2   6.0067
#          96       0.00000      6.02      2.00     4   6.0315
#          98       0.00000      4.61      2.00     4   6.0337
#          99       0.00000     10.93      2.00     2   6.0593
#         100       0.00000     10.92      2.00     2   6.0620
#         102       0.00000      4.45      2.00     4   6.0642
#         103       0.00000     10.80      2.00     2   6.0848
#         104       0.00000      6.92      4.00     3   6.0976
#         105       0.00000      6.07      4.00     3   6.0976
#         106       0.00000      5.22      1.00     2   6.1571
#         107       0.00000     23.15      2.00     3   6.1579
#         108       0.00000     25.96      1.00     4   6.1587
#         109       0.00000     10.40      2.00     2   6.1684
#         110       0.00000      4.10      4.00     3   6.1696
#         112       0.00000      4.47      4.00     3   6.2106
#         114       0.00000      4.01      4.00     3   6.2744
#         115       0.00000     19.79      4.00     2   6.2764
#         118       0.00000     11.93      2.00     3   6.2867
#         119       0.00000      7.00      2.00     4   6.2897
#         120       0.00000      4.47      4.00     3   6.2954
#         121       0.00000      9.80      2.00     2   6.2984
#         122       0.00000     20.75      2.00     3   6.3017
#         123       0.00000     20.50      2.00     3   6.3017
#         124       0.00000     21.99      1.00     4   6.3050
#         125       0.00000     21.46      1.00     4   6.3050
#         126       0.00000     12.23      4.00     3   6.3152
#         131       0.00000      9.53      2.00     2   6.3592
#         132       0.00000      8.06      1.00     2   6.3595
#         133       0.00000     19.04      4.00     2   6.3620
#         134       0.00000      9.49      2.00     2   6.3700
#         135       0.00000      6.74      4.00     3   6.3725
#         136       0.00000      4.67      4.00     3   6.3851
#         137       0.00000      4.68      1.00     2   6.3989
#         138       0.00000      9.32      2.00     2   6.4097
#         144       0.00000     18.31      4.00     2   6.4499
#         145       0.00000      4.88      4.00     3   6.4636
#         146       0.00000      4.63      4.00     3   6.4650
#         147       0.00000      5.30      4.00     3   6.4748
#         148       0.00000      4.52      4.00     3   6.4748
#         149       0.00000      4.28      4.00     3   6.4748
#         150       0.00000      5.40      4.00     3   6.4774
#         151       0.00000      4.44      4.00     3   6.4774
#         152       0.00000      6.85      4.00     3   6.4893
#         153       0.00000     11.23      4.00     3   6.4893
#         154       0.00000      8.93      2.00     2   6.5042
#         155       0.00000      5.38      4.00     3   6.5180
#         158       0.00000      4.31      2.00     4   6.5457
#         159       0.00000      5.26      4.00     3   6.5534
#         160       0.00000      4.70      4.00     3   6.5534
#         162       0.00000      7.97      4.00     3   6.5643
#         163       0.00000      8.66      2.00     2   6.5734
#         165       0.00000     14.46      2.00     2   6.6111
#         166       0.00000      4.04      4.00     3   6.6193
#         168       0.00000     14.37      2.00     2   6.6251
#         169       0.00000      8.30      4.00     3   6.6285
#   143/ 161 paths used
#  xsedge+50, used to normalize mu           2.9528E-04
#  -----------------------------------------------------------------------
#  omega    e    k    mu    mu0     chi     @#
    7718.990    -18.455   0.050  4.59531E-01  2.78129E-01  3.79210E-01
    7719.019    -18.426   0.100  4.65410E-01  2.82527E-01  3.81579E-01
    7719.066    -18.379   0.150  4.82487E-01  2.95625E-01  3.87688E-01
    7719.133    -18.312   0.200  4.99029E-01  3.08724E-01  3.92625E-01
    7719.219    -18.226   0.250  5.23567E-01  3.29021E-01  3.97694E-01
    7719.323    -18.122   0.300  5.46514E-01  3.49317E-01  3.99447E-01
    7719.447    -17.998   0.350  5.70490E-01  3.72713E-01  3.95655E-01
    7719.590    -17.855   0.400  5.91262E-01  3.96109E-01  3.85626E-01
    7719.752    -17.693   0.450  6.05103E-01  4.18344E-01  3.63397E-01
    7719.933    -17.512   0.500  6.13919E-01  4.40579E-01  3.32207E-01
    7720.133    -17.312   0.550  6.10215E-01  4.60173E-01  2.82468E-01
    7720.352    -17.093   0.600  6.00058E-01  4.79768E-01  2.22521E-01
    7720.590    -16.855   0.650  5.73534E-01  4.97279E-01  1.38293E-01
    7720.847    -16.598   0.700  5.39980E-01  5.14791E-01  4.48026E-02
    7721.124    -16.321   0.750  4.87388E-01  5.31134E-01 -7.61704E-02
    7721.419    -16.026   0.800  4.33166E-01  5.47477E-01 -1.94935E-01
    7721.733    -15.712   0.850  3.80588E-01  5.63284E-01 -3.04701E-01
    7722.067    -15.378   0.900  3.38751E-01  5.79091E-01 -3.92211E-01
    7722.419    -15.026   0.950  3.04065E-01  5.94732E-01 -4.63679E-01
    7722.790    -14.655   1.000  2.78657E-01  6.10373E-01 -5.17530E-01
    7723.181    -14.264   1.050  2.58509E-01  6.25974E-01 -5.60394E-01
    7723.591    -13.854   1.100  2.53073E-01  6.41575E-01 -5.79429E-01
    7724.019    -13.426   1.150  2.63615E-01  6.57122E-01 -5.73878E-01
    7724.467    -12.978   1.200  2.91944E-01  6.72668E-01 -5.43190E-01
    7724.934    -12.511   1.250  3.38577E-01  6.88062E-01 -4.87916E-01
    7725.419    -12.026   1.300  3.98161E-01  7.03455E-01 -4.17266E-01
    7725.924    -11.521   1.350  4.67340E-01  7.18547E-01 -3.36320E-01
    7726.448    -10.997   1.400  5.37688E-01  7.33640E-01 -2.57086E-01
    7726.991    -10.454   1.450  6.03897E-01  7.48243E-01 -1.85752E-01
    7727.553     -9.892   1.500  6.60528E-01  7.62846E-01 -1.29195E-01
    7728.134     -9.311   1.550  7.05295E-01  7.76768E-01 -8.86528E-02
    7728.734     -8.711   1.600  7.39724E-01  7.90689E-01 -6.21180E-02
    7729.353     -8.092   1.650  7.66913E-01  8.03747E-01 -4.41778E-02
    7729.991     -7.454   1.700  7.93025E-01  8.16804E-01 -2.80714E-02
    7730.649     -6.796   1.750  8.22822E-01  8.28816E-01 -6.97628E-03
    7731.325     -6.120   1.800  8.60047E-01  8.40828E-01  2.20555E-02
    7732.020     -5.425   1.850  9.04838E-01  8.51631E-01  6.03157E-02
    7732.735     -4.710   1.900  9.53734E-01  8.62434E-01  1.02252E-01
    7733.468     -3.977   1.950  1.00042E+00  8.71863E-01  1.42507E-01
    7734.220     -3.225   2.000  1.03773E+00  8.81292E-01  1.71662E-01
    7734.992     -2.453   2.050  1.06007E+00  8.88430E-01  1.86995E-01
    7735.783     -1.662   2.100  1.06341E+00  8.95568E-01  1.81553E-01
    7736.592     -0.853   2.150  1.04893E+00  9.02706E-01  1.57048E-01
    7737.421     -0.024   2.200  1.02173E+00  9.09843E-01  1.19334E-01
    7738.269      0.824   2.250  9.81495E-01  9.12827E-01  7.30901E-02
    7739.135      1.690   2.300  9.43220E-01  9.15811E-01  2.91164E-02
    7740.021      2.576   2.350  9.14627E-01  9.18795E-01 -4.41857E-03
    7740.926      3.481   2.400  8.99255E-01  9.21779E-01 -2.38328E-02
    7741.850      4.405   2.450  9.00735E-01  9.27492E-01 -2.81739E-02
    7742.793      5.348   2.500  9.08762E-01  9.33205E-01 -2.56123E-02
    7743.755      6.310   2.550  9.17568E-01  9.38918E-01 -2.22635E-02
    7744.736      7.291   2.600  9.24078E-01  9.44631E-01 -2.13299E-02
    7745.736      8.291   2.650  9.27293E-01  9.51261E-01 -2.47409E-02
    7746.755      9.310   2.700  9.30318E-01  9.57892E-01 -2.83117E-02
    7747.794     10.349   2.750  9.34669E-01  9.64523E-01 -3.04893E-02
    7748.851     11.406   2.800  9.41773E-01  9.71153E-01 -2.98480E-02
    7749.927     12.482   2.850  9.46956E-01  9.74472E-01 -2.78808E-02
    7751.022     13.577   2.900  9.55381E-01  9.77790E-01 -2.26476E-02
    7752.137     14.692   2.950  9.66724E-01  9.81108E-01 -1.44994E-02
    7753.270     15.825   3.000  9.80104E-01  9.84426E-01 -4.34533E-03
    7754.423     16.978   3.050  9.90698E-01  9.86156E-01  4.55971E-03
    7755.594     18.149   3.100  1.00144E+00  9.87887E-01  1.35914E-02
    7756.785     19.340   3.150  1.01172E+00  9.89617E-01  2.21269E-02
    7757.995     20.550   3.200  1.02117E+00  9.91348E-01  2.98209E-02
    7759.223     21.778   3.250  1.02665E+00  9.91460E-01  3.51758E-02
    7760.471     23.026   3.300  1.03178E+00  9.91572E-01  4.01757E-02
    7761.738     24.293   3.350  1.03695E+00  9.91684E-01  4.52085E-02
    7763.024     25.579   3.400  1.04204E+00  9.91796E-01  5.01582E-02
    7764.329     26.884   3.450  1.04615E+00  9.91540E-01  5.45316E-02
    7765.653     28.208   3.500  1.04921E+00  9.91284E-01  5.78718E-02
    7766.996     29.551   3.550  1.04999E+00  9.91028E-01  5.89260E-02
    7768.358     30.913   3.600  1.04716E+00  9.90772E-01  5.63741E-02
    7769.739     32.294   3.650  1.03938E+00  9.89895E-01  4.94919E-02
    7771.139     33.694   3.700  1.02707E+00  9.89018E-01  3.80792E-02
    7772.558     35.113   3.750  1.01054E+00  9.88141E-01  2.24263E-02
    7773.997     36.552   3.800  9.90833E-01  9.87264E-01  3.57427E-03
    7775.454     38.009   3.850  9.70149E-01  9.86757E-01 -1.66407E-02
    7776.930     39.485   3.900  9.49748E-01  9.86250E-01 -3.65915E-02
    7778.426     40.981   3.950  9.31352E-01  9.85743E-01 -5.45508E-02
    7779.940     42.495   4.000  9.16350E-01  9.85236E-01 -6.91217E-02
    7781.474     44.029   4.050  9.05791E-01  9.84653E-01 -7.91462E-02
    7783.026     45.581   4.100  8.99792E-01  9.84070E-01 -8.45963E-02
    7784.598     47.153   4.150  8.98238E-01  9.83487E-01 -8.55860E-02
    7786.189     48.744   4.200  9.00716E-01  9.82904E-01 -8.25280E-02
    7787.798     50.353   4.250  9.07273E-01  9.82753E-01 -7.57888E-02
    7789.427     51.982   4.300  9.16806E-01  9.82602E-01 -6.60624E-02
    7791.075     53.630   4.350  9.28700E-01  9.82451E-01 -5.39665E-02
    7792.742     55.297   4.400  9.42269E-01  9.82300E-01 -4.01903E-02
    7794.428     56.983   4.450  9.57256E-01  9.82479E-01 -2.53159E-02
    7796.133     58.688   4.500  9.72187E-01  9.82658E-01 -1.05073E-02
    7797.857     60.412   4.550  9.86025E-01  9.82837E-01  3.19797E-03
    7799.600     62.155   4.600  9.97847E-01  9.83017E-01  1.48726E-02
    7801.362     63.917   4.650  1.00715E+00  9.83251E-01  2.39616E-02
    7803.143     65.698   4.700  1.01350E+00  9.83485E-01  3.00710E-02
    7804.943     67.498   4.750  1.01735E+00  9.83720E-01  3.36872E-02
    7806.763     69.318   4.800  1.01974E+00  9.83954E-01  3.58213E-02
    7808.601     71.156   4.850  1.02188E+00  9.84371E-01  3.75308E-02
    7810.458     73.013   4.900  1.02501E+00  9.84788E-01  4.02203E-02
    7812.335     74.890   4.950  1.02995E+00  9.85205E-01  4.47226E-02
    7814.230     76.785   5.000  1.03682E+00  9.85622E-01  5.11521E-02
    7816.145     78.700   5.050  1.04476E+00  9.85998E-01  5.86749E-02
    7818.078     80.633   5.100  1.05270E+00  9.86373E-01  6.61934E-02
    7820.031     82.586   5.150  1.05898E+00  9.86749E-01  7.20503E-02
    7822.002     84.557   5.200  1.06200E+00  9.87125E-01  7.46483E-02
    7823.993     86.548   5.250  1.06024E+00  9.87352E-01  7.26415E-02
    7826.003     88.558   5.300  1.05345E+00  9.87579E-01  6.56287E-02
    7828.032     90.587   5.350  1.04167E+00  9.87806E-01  5.36486E-02
    7830.080     92.635   5.400  1.02538E+00  9.88033E-01  3.71910E-02
    7832.147     94.702   5.450  1.00504E+00  9.88042E-01  1.69239E-02
    7834.233     96.788   5.500  9.81777E-01  9.88050E-01 -6.24542E-03
    7836.338     98.893   5.550  9.56487E-01  9.88059E-01 -3.14308E-02
    7838.462    101.017   5.600  9.30278E-01  9.88067E-01 -5.75268E-02
    7840.605    103.160   5.650  9.04512E-01  9.87777E-01 -8.29048E-02
    7842.767    105.322   5.700  8.81642E-01  9.87486E-01 -1.05409E-01
    7844.948    107.503   5.750  8.64344E-01  9.87196E-01 -1.22372E-01
    7847.148    109.703   5.800  8.55470E-01  9.86905E-01 -1.30950E-01
    7849.368    111.923   5.850  8.57490E-01  9.86359E-01 -1.28472E-01
    7851.606    114.161   5.900  8.71597E-01  9.85813E-01 -1.13933E-01
    7853.863    116.418   5.950  8.97155E-01  9.85267E-01 -8.79473E-02
    7856.140    118.695   6.000  9.31459E-01  9.84721E-01 -5.31949E-02
    7858.435    120.990   6.050  9.69761E-01  9.83767E-01 -1.40041E-02
    7860.750    123.305   6.100  1.00634E+00  9.82812E-01  2.35472E-02
    7863.084    125.639   6.150  1.03578E+00  9.81858E-01  5.40367E-02
    7865.436    127.991   6.200  1.05410E+00  9.80903E-01  7.34357E-02
    7867.808    130.363   6.250  1.05964E+00  9.79949E-01  8.00441E-02
    7870.199    132.754   6.300  1.05346E+00  9.78995E-01  7.48795E-02
    7872.609    135.164   6.350  1.03902E+00  9.78040E-01  6.13842E-02
    7875.037    137.592   6.400  1.02125E+00  9.77086E-01  4.45109E-02
    7877.485    140.040   6.450  1.00530E+00  9.76131E-01  2.94265E-02
    7879.952    142.507   6.500  9.95164E-01  9.75177E-01  2.01897E-02
    7882.438    144.993   6.550  9.92654E-01  9.73990E-01  1.88826E-02
    7884.943    147.498   6.600  9.97368E-01  9.72804E-01  2.48906E-02
    7887.468    150.023   6.650  1.00651E+00  9.71617E-01  3.54161E-02
    7890.011    152.566   6.700  1.01611E+00  9.70431E-01  4.64348E-02
    7892.573    155.128   6.750  1.02217E+00  9.69244E-01  5.38820E-02
    7895.154    157.709   6.800  1.02175E+00  9.68058E-01  5.47475E-02
    7897.754    160.309   6.850  1.01365E+00  9.66871E-01  4.77759E-02
    7900.374    162.929   6.900  9.98545E-01  9.65684E-01  3.36110E-02
    7903.012    165.567   6.950  9.78557E-01  9.64498E-01  1.44030E-02
    7905.670    168.225   7.000  9.56548E-01  9.63311E-01 -6.93948E-03
    7908.346    170.901   7.050  9.35326E-01  9.62261E-01 -2.76787E-02
    7911.042    173.597   7.100  9.16869E-01  9.61211E-01 -4.56366E-02
    7913.756    176.311   7.150  9.02277E-01  9.60161E-01 -5.96651E-02
    7916.490    179.045   7.200  8.91802E-01  9.59111E-01 -6.94874E-02
    7919.243    181.798   7.250  8.85210E-01  9.58061E-01 -7.53242E-02
    7922.015    184.570   7.300  8.82221E-01  9.57011E-01 -7.74484E-02
    7924.805    187.360   7.350  8.82811E-01  9.55961E-01 -7.58664E-02
    7927.615    190.170   7.400  8.87275E-01  9.54910E-01 -7.02564E-02
    7930.444    192.999   7.450  8.96017E-01  9.53860E-01 -6.01778E-02
    7933.292    195.847   7.500  9.09187E-01  9.52810E-01 -4.54544E-02
    7936.159    198.714   7.550  9.26503E-01  9.51932E-01 -2.65309E-02
    7939.045    201.600   7.600  9.46529E-01  9.51053E-01 -4.72684E-03
    7941.950    204.505   7.650  9.67208E-01  9.50175E-01  1.78191E-02
    7944.874    207.429   7.700  9.86071E-01  9.49296E-01  3.85228E-02
    7947.818    210.373   7.750  1.00076E+00  9.48418E-01  5.49071E-02
    7950.780    213.335   7.800  1.00958E+00  9.47539E-01  6.51680E-02
    7953.761    216.316   7.850  1.01186E+00  9.46661E-01  6.85725E-02
    7956.762    219.317   7.900  1.00804E+00  9.45782E-01  6.55665E-02
    7959.781    222.336   7.950  9.99497E-01  9.44903E-01  5.75708E-02
    7962.819    225.374   8.000  9.88106E-01  9.44025E-01  4.65471E-02
    7965.877    228.432   8.050  9.75784E-01  9.43173E-01  3.44781E-02
    7968.954    231.509   8.100  9.63992E-01  9.42321E-01  2.29401E-02
    7972.049    234.604   8.150  9.53599E-01  9.41469E-01  1.28568E-02
    7975.164    237.719   8.200  9.44829E-01  9.40616E-01  4.47044E-03
    7978.298    240.853   8.250  9.37441E-01  9.39764E-01 -2.46873E-03
    7981.450    244.005   8.300  9.31010E-01  9.38912E-01 -8.40627E-03
    7984.622    247.177   8.350  9.25194E-01  9.38060E-01 -1.37042E-02
    7987.813    250.368   8.400  9.19885E-01  9.37208E-01 -1.84744E-02
    7991.023    253.578   8.450  9.15224E-01  9.36356E-01 -2.25638E-02
    7994.252    256.807   8.500  9.11498E-01  9.35504E-01 -2.56650E-02
    7997.500    260.055   8.550  9.08922E-01  9.34573E-01 -2.74535E-02
    8000.767    263.322   8.600  9.07670E-01  9.33643E-01 -2.78280E-02
    8004.053    266.608   8.650  9.07679E-01  9.32713E-01 -2.68506E-02
    8007.358    269.913   8.700  9.08777E-01  9.31783E-01 -2.47016E-02
    8010.682    273.237   8.750  9.10771E-01  9.30852E-01 -2.15856E-02
    8014.026    276.581   8.800  9.13511E-01  9.29922E-01 -1.76594E-02
    8017.388    279.943   8.850  9.16899E-01  9.28992E-01 -1.30263E-02
    8020.769    283.324   8.900  9.20826E-01  9.28061E-01 -7.80244E-03
    8024.170    286.725   8.950  9.25075E-01  9.27131E-01 -2.22036E-03
    8027.589    290.144   9.000  9.29246E-01  9.26201E-01  3.29117E-03
    8031.028    293.583   9.050  9.32601E-01  9.25125E-01  8.08875E-03
    8034.485    297.040   9.100  9.34710E-01  9.24048E-01  1.15471E-02
    8037.962    300.517   9.150  9.35042E-01  9.22972E-01  1.30854E-02
    8041.458    304.013   9.200  9.33377E-01  9.21895E-01  1.24604E-02
    8044.972    307.527   9.250  9.29969E-01  9.20819E-01  9.94033E-03
    8048.506    311.061   9.300  9.25568E-01  9.19742E-01  6.33453E-03
    8052.059    314.614   9.350  9.21271E-01  9.18666E-01  2.83520E-03
    8055.631    318.186   9.400  9.18229E-01  9.17590E-01  6.96333E-04
    8059.222    321.777   9.450  9.17285E-01  9.16513E-01  8.41407E-04
    8062.832    325.387   9.500  9.18670E-01  9.15437E-01  3.53073E-03
    8066.461    329.016   9.550  9.21926E-01  9.14363E-01  8.26653E-03
    8070.109    332.664   9.600  9.25784E-01  9.13290E-01  1.36718E-02
    8073.776    336.331   9.650  9.28761E-01  9.12217E-01  1.81231E-02
    8077.462    340.017   9.700  9.29494E-01  9.11143E-01  2.01235E-02
    8081.167    343.722   9.750  9.27156E-01  9.10070E-01  1.87566E-02
    8084.891    347.446   9.800  9.21712E-01  9.08996E-01  1.39742E-02
    8088.635    351.190   9.850  9.13944E-01  9.07923E-01  6.62400E-03
    8092.397    354.952   9.900  9.05221E-01  9.06850E-01 -1.79310E-03
    8096.178    358.733   9.950  8.97111E-01  9.05776E-01 -9.55373E-03
    8099.979    362.534  10.000  8.90940E-01  9.04703E-01 -1.51903E-02
    8103.798    366.353  10.050  8.87349E-01  9.03641E-01 -1.80022E-02
    8107.637    370.192  10.100  8.86486E-01  9.02580E-01 -1.78023E-02
    8111.495    374.050  10.150  8.87816E-01  9.01518E-01 -1.51749E-02
    8115.371    377.926  10.200  8.90419E-01  9.00456E-01 -1.11290E-02
    8119.267    381.822  10.250  8.93298E-01  8.99395E-01 -6.76718E-03
    8123.182    385.737  10.300  8.95636E-01  8.98333E-01 -2.99760E-03
    8127.116    389.671  10.350  8.96934E-01  8.97272E-01 -3.76130E-04
    8131.068    393.623  10.400  8.97018E-01  8.96210E-01  8.99856E-04
    8135.040    397.595  10.450  8.95944E-01  8.95148E-01  8.86481E-04
    8139.031    401.586  10.500  8.93870E-01  8.94087E-01 -2.41725E-04
    8143.041    405.596  10.550  8.90989E-01  8.93025E-01 -2.27621E-03
    8147.070    409.625  10.600  8.87525E-01  8.91964E-01 -4.96581E-03
    8151.118    413.673  10.650  8.83821E-01  8.90902E-01 -7.93149E-03
    8155.186    417.741  10.700  8.80413E-01  8.89841E-01 -1.05725E-02
    8159.272    421.827  10.750  8.78044E-01  8.88779E-01 -1.20515E-02
    8163.377    425.932  10.800  8.77556E-01  8.87717E-01 -1.14212E-02
    8167.501    430.056  10.850  8.79639E-01  8.86656E-01 -7.89587E-03
    8171.645    434.200  10.900  8.84534E-01  8.85594E-01 -1.19440E-03
    8175.807    438.362  10.950  8.91778E-01  8.84533E-01  8.17186E-03
    8179.989    442.544  11.000  9.00123E-01  8.83471E-01  1.88024E-02
    8184.189    446.744  11.050  9.07630E-01  8.82306E-01  2.86313E-02
    8188.409    450.964  11.100  9.12256E-01  8.81141E-01  3.52244E-02
    8192.647    455.202  11.150  9.12276E-01  8.79976E-01  3.66125E-02
    8196.905    459.460  11.200  9.06879E-01  8.78810E-01  3.18569E-02
    8201.182    463.737  11.250  8.96503E-01  8.77645E-01  2.14296E-02
    8205.477    468.032  11.300  8.82814E-01  8.76480E-01  7.20767E-03
    8209.792    472.347  11.350  8.68339E-01  8.75315E-01 -7.94784E-03
    8214.126    476.681  11.400  8.55809E-01  8.74150E-01 -2.09235E-02
    8218.479    481.034  11.450  8.47436E-01  8.72985E-01 -2.91833E-02
    8222.851    485.406  11.500  8.44329E-01  8.71820E-01 -3.14420E-02
    8227.242    489.797  11.550  8.46229E-01  8.70654E-01 -2.79721E-02
    8231.652    494.207  11.600  8.51657E-01  8.69489E-01 -2.04485E-02
    8236.081    498.636  11.650  8.58409E-01  8.68324E-01 -1.13848E-02
    8240.529    503.084  11.700  8.64250E-01  8.67159E-01 -3.34447E-03
    8244.996    507.551  11.750  8.67571E-01  8.65994E-01  1.81553E-03
    8249.483    512.038  11.800  8.67806E-01  8.64829E-01  3.43160E-03
    8253.988    516.543  11.850  8.65488E-01  8.63664E-01  2.10609E-03
    8258.512    521.067  11.900  8.61949E-01  8.62498E-01 -6.35021E-04
    8263.056    525.611  11.950  8.58774E-01  8.61333E-01 -2.96210E-03
    8267.618    530.173  12.000  8.57221E-01  8.60168E-01 -3.41440E-03
    8272.200    534.755  12.050  8.57707E-01  8.58891E-01 -1.37389E-03
    8276.800    539.355  12.100  8.59918E-01  8.57614E-01  2.67716E-03
    8281.420    543.975  12.150  8.62791E-01  8.56338E-01  7.51128E-03
    8286.059    548.614  12.200  8.65024E-01  8.55061E-01  1.16133E-02
    8290.716    553.271  12.250  8.65562E-01  8.53784E-01  1.37483E-02
    8295.393    557.948  12.300  8.63960E-01  8.52507E-01  1.33892E-02
    8300.089    562.644  12.350  8.60504E-01  8.51230E-01  1.08576E-02
    8304.804    567.359  12.400  8.56042E-01  8.49953E-01  7.13930E-03
    8309.538    572.093  12.450  8.51626E-01  8.48677E-01  3.46326E-03
    8314.291    576.846  12.500  8.48092E-01  8.47400E-01  8.14330E-04
    8319.063    581.618  12.550  8.45757E-01  8.46123E-01 -4.30372E-04
    8323.854    586.409  12.600  8.44333E-01  8.44846E-01 -6.05255E-04
    8328.664    591.219  12.650  8.43089E-01  8.43569E-01 -5.67126E-04
    8333.493    596.048  12.700  8.41199E-01  8.42292E-01 -1.29298E-03
    8338.341    600.896  12.750  8.38125E-01  8.41016E-01 -3.42489E-03
    8343.208    605.763  12.800  8.33890E-01  8.39739E-01 -6.94074E-03
    8348.095    610.650  12.850  8.29138E-01  8.38462E-01 -1.10809E-02
    8353.000    615.555  12.900  8.24949E-01  8.37185E-01 -1.45644E-02
    8357.924    620.479  12.950  8.22469E-01  8.35908E-01 -1.60196E-02
    8362.868    625.423  13.000  8.22505E-01  8.34631E-01 -1.44771E-02
    8367.830    630.385  13.050  8.25208E-01  8.33355E-01 -9.74169E-03
    8372.812    635.367  13.100  8.29983E-01  8.32079E-01 -2.51033E-03
    8377.812    640.367  13.150  8.35589E-01  8.30803E-01  5.74139E-03
    8382.832    645.387  13.200  8.40510E-01  8.29526E-01  1.31949E-02
    8387.871    650.426  13.250  8.43380E-01  8.28250E-01  1.82035E-02
    8392.929    655.484  13.300  8.43357E-01  8.26974E-01  1.97428E-02
    8398.005    660.560  13.350  8.40328E-01  8.25697E-01  1.76583E-02
    8403.101    665.656  13.400  8.34884E-01  8.24421E-01  1.26472E-02
    8408.216    670.771  13.450  8.28102E-01  8.23145E-01  6.00209E-03
    8413.350    675.905  13.500  8.21222E-01  8.21869E-01 -7.83621E-04
    8418.503    681.058  13.550  8.15312E-01  8.20592E-01 -6.41306E-03
    8423.675    686.230  13.600  8.11038E-01  8.19316E-01 -1.00699E-02
    8428.866    691.421  13.650  8.08582E-01  8.18040E-01 -1.15230E-02
    8434.076    696.631  13.700  8.07706E-01  8.16764E-01 -1.10532E-02
    8439.306    701.861  13.750  8.07911E-01  8.15487E-01 -9.26082E-03
    8444.554    707.109  13.800  8.08626E-01  8.14211E-01 -6.83782E-03
    8449.821    712.376  13.850  8.09361E-01  8.12935E-01 -4.38179E-03
    8455.108    717.663  13.900  8.09789E-01  8.11659E-01 -2.29596E-03
    8460.413    722.968  13.950  8.09751E-01  8.10382E-01 -7.76696E-04
    8465.737    728.292  14.000  8.09222E-01  8.09106E-01  1.42286E-04
    8471.081    733.636  14.050  8.08199E-01  8.07754E-01  5.48377E-04
    8476.443    738.998  14.100  8.06825E-01  8.06403E-01  5.22145E-04
    8481.825    744.380  14.150  8.05265E-01  8.05051E-01  2.64645E-04
    8487.226    749.781  14.200  8.03747E-01  8.03699E-01  5.94794E-05
    8492.645    755.200  14.250  8.02548E-01  8.02347E-01  2.48628E-04
    8498.084    760.639  14.300  8.01926E-01  8.00996E-01  1.15744E-03
    8503.542    766.097  14.350  8.02030E-01  7.99644E-01  2.97520E-03
    8509.019    771.574  14.400  8.02800E-01  7.98292E-01  5.62944E-03
    8514.515    777.070  14.450  8.03904E-01  7.96940E-01  8.71101E-03
    8520.030    782.585  14.500  8.04767E-01  7.95589E-01  1.15013E-02
    8525.564    788.119  14.550  8.04690E-01  7.94237E-01  1.31215E-02
    8531.117    793.672  14.600  8.03047E-01  7.92885E-01  1.27779E-02
    8536.689    799.244  14.650  7.99497E-01  7.91534E-01  1.00310E-02
    8542.280    804.835  14.700  7.94144E-01  7.90182E-01  4.99916E-03
    8547.890    810.445  14.750  7.87574E-01  7.88830E-01 -1.58773E-03
    8553.519    816.074  14.800  7.80750E-01  7.87478E-01 -8.51890E-03
    8559.168    821.723  14.850  7.74778E-01  7.86127E-01 -1.43948E-02
    8564.835    827.390  14.900  7.70611E-01  7.84775E-01 -1.79973E-02
    8570.521    833.076  14.950  7.68791E-01  7.83423E-01 -1.86239E-02
    8576.227    838.782  15.000  7.69305E-01  7.82071E-01 -1.62776E-02
    8581.951    844.506  15.050  7.71554E-01  7.80694E-01 -1.16742E-02
    8587.695    850.250  15.100  7.74702E-01  7.79316E-01 -5.90413E-03
    8593.458    856.013  15.150  7.77736E-01  7.77938E-01 -2.58746E-04
    8599.239    861.794  15.200  7.79822E-01  7.76560E-01  4.18887E-03
    8605.040    867.595  15.250  7.80507E-01  7.75182E-01  6.85146E-03
    8610.860    873.415  15.300  7.79794E-01  7.73804E-01  7.72064E-03
    8616.699    879.254  15.350  7.78055E-01  7.72426E-01  7.26875E-03
    8622.556    885.111  15.400  7.75849E-01  7.71049E-01  6.20953E-03
    8628.433    890.988  15.450  7.73693E-01  7.69671E-01  5.21269E-03
    8634.329    896.884  15.500  7.71895E-01  7.68293E-01  4.67691E-03
    8640.244    902.799  15.550  7.70479E-01  7.66915E-01  4.63603E-03
    8646.178    908.733  15.600  7.69234E-01  7.65537E-01  4.81828E-03
    8652.131    914.686  15.650  7.67851E-01  7.64159E-01  4.81926E-03
    8658.104    920.659  15.700  7.66076E-01  7.62781E-01  4.30869E-03
    8664.095    926.650  15.750  7.63833E-01  7.61404E-01  3.18414E-03
    8670.105    932.660  15.800  7.61254E-01  7.60026E-01  1.61188E-03
    8676.134    938.689  15.850  7.58606E-01  7.58648E-01 -5.47203E-05
    8682.183    944.738  15.900  7.56179E-01  7.57270E-01 -1.43780E-03
    8688.250    950.805  15.950  7.54147E-01  7.55892E-01 -2.30424E-03
    8694.336    956.891  16.000  7.52498E-01  7.54514E-01 -2.66623E-03
    8700.442    962.997  16.050  7.51038E-01  7.53123E-01 -2.76267E-03
    8706.567    969.122  16.100  7.49488E-01  7.51731E-01 -2.97764E-03
    8712.710    975.265  16.150  7.47637E-01  7.50339E-01 -3.59465E-03
    8718.873    981.428  16.200  7.45456E-01  7.48947E-01 -4.65283E-03
    8725.054    987.609  16.250  7.43149E-01  7.47556E-01 -5.88303E-03
    8731.255    993.810  16.300  7.41098E-01  7.46164E-01 -6.77705E-03
    8737.475   1000.030  16.350  7.39720E-01  7.44772E-01 -6.77126E-03
    8743.714   1006.269  16.400  7.39301E-01  7.43380E-01 -5.47821E-03
    8749.972   1012.527  16.450  7.39851E-01  7.41989E-01 -2.87636E-03
    8756.249   1018.804  16.500  7.41057E-01  7.40597E-01  6.20309E-04
    8762.545   1025.100  16.550  7.42351E-01  7.39205E-01  4.24846E-03
    8768.860   1031.415  16.600  7.43072E-01  7.37813E-01  7.11553E-03
    8775.194   1037.749  16.650  7.42677E-01  7.36422E-01  8.48067E-03
    8781.547   1044.102  16.700  7.40918E-01  7.35030E-01  7.99860E-03
    8787.919   1050.474  16.750  7.37929E-01  7.33638E-01  5.83963E-03
    8794.310   1056.865  16.800  7.34184E-01  7.32246E-01  2.64190E-03
    8800.721   1063.276  16.850  7.30351E-01  7.30855E-01 -6.88395E-04
    8807.150   1069.705  16.900  7.27082E-01  7.29463E-01 -3.25978E-03
    8813.598   1076.153  16.950  7.24817E-01  7.28071E-01 -4.46416E-03
    8820.066   1082.621  17.000  7.23666E-01  7.26679E-01 -4.14162E-03
    8826.552   1089.107  17.050  7.23399E-01  7.25269E-01 -2.57527E-03
    8833.058   1095.613  17.100  7.23574E-01  7.23859E-01 -3.93210E-04
    8839.583   1102.138  17.150  7.23667E-01  7.22449E-01  1.68393E-03
    8846.126   1108.681  17.200  7.23262E-01  7.21038E-01  3.08096E-03
    8852.689   1115.244  17.250  7.22170E-01  7.19628E-01  3.52825E-03
    8859.271   1121.826  17.300  7.20443E-01  7.18218E-01  3.09465E-03
    8865.871   1128.426  17.350  7.18311E-01  7.16808E-01  2.09583E-03
    8872.491   1135.046  17.400  7.16061E-01  7.15397E-01  9.27428E-04
    8879.130   1141.685  17.450  7.13914E-01  7.13987E-01 -1.02684E-04
    8885.788   1148.343  17.500  7.11953E-01  7.12577E-01 -8.74910E-04
    8892.465   1155.020  17.550  7.10130E-01  7.11166E-01 -1.45580E-03
    8899.161   1161.716  17.600  7.08333E-01  7.09756E-01 -2.00397E-03
    8905.876   1168.431  17.650  7.06478E-01  7.08346E-01 -2.63424E-03
    8912.610   1175.165  17.700  7.04595E-01  7.06936E-01 -3.30768E-03
    8919.364   1181.919  17.750  7.02840E-01  7.05525E-01 -3.80348E-03
    8926.136   1188.691  17.800  7.01443E-01  7.04115E-01 -3.79244E-03
    8932.927   1195.482  17.850  7.00604E-01  7.02705E-01 -2.98693E-03
    8939.738   1202.293  17.900  7.00378E-01  7.01294E-01 -1.30549E-03
    8946.567   1209.122  17.950  7.00599E-01  6.99884E-01  1.02086E-03
    8953.415   1215.970  18.000  7.00889E-01  6.98474E-01  3.45596E-03
    8960.283   1222.838  18.050  7.00751E-01  6.97061E-01  5.29068E-03
    8967.169   1229.724  18.100  6.99732E-01  6.95647E-01  5.86834E-03
    8974.075   1236.630  18.150  6.97583E-01  6.94234E-01  4.82197E-03
    8981.000   1243.555  18.200  6.94374E-01  6.92820E-01  2.24199E-03
    8987.943   1250.498  18.250  6.90512E-01  6.91407E-01 -1.29448E-03
    8994.906   1257.461  18.300  6.86642E-01  6.89994E-01 -4.85586E-03
    9001.888   1264.443  18.350  6.83472E-01  6.88580E-01 -7.41658E-03
    9008.889   1271.444  18.400  6.81554E-01  6.87167E-01 -8.16595E-03
    9015.909   1278.464  18.450  6.81113E-01  6.85753E-01 -6.76533E-03
    9022.948   1285.503  18.500  6.81966E-01  6.84340E-01 -3.46830E-03
    9030.006   1292.561  18.550  6.83568E-01  6.82927E-01  9.38271E-04
    9037.083   1299.638  18.600  6.85163E-01  6.81513E-01  5.35529E-03
    9044.179   1306.734  18.650  6.86007E-01  6.80100E-01  8.68552E-03
    9051.294   1313.849  18.700  6.85570E-01  6.78687E-01  1.01418E-02
    9058.428   1320.983  18.750  6.83676E-01  6.77273E-01  9.45464E-03
    9065.581   1328.136  18.800  6.80536E-01  6.75860E-01  6.91984E-03
    9072.754   1335.309  18.850  6.76657E-01  6.74446E-01  3.27847E-03
    9079.945   1342.500  18.900  6.72681E-01  6.73033E-01 -5.23318E-04
    9087.155   1349.710  18.950  6.69193E-01  6.71620E-01 -3.61378E-03
    9094.385   1356.940  19.000  6.66571E-01  6.70206E-01 -5.42595E-03
    9101.633   1364.188  19.050  6.64902E-01  6.68802E-01 -5.83393E-03
    9108.901   1371.456  19.100  6.64014E-01  6.67398E-01 -5.07298E-03
    9116.187   1378.742  19.150  6.63570E-01  6.65994E-01 -3.64163E-03
    9123.493   1386.048  19.200  6.63194E-01  6.64591E-01 -2.10208E-03
    9130.818   1393.373  19.250  6.62588E-01  6.63187E-01 -9.03020E-04
    9138.162   1400.717  19.300  6.61604E-01  6.61783E-01 -2.70528E-04
    9145.524   1408.079  19.350  6.60253E-01  6.60379E-01 -1.91181E-04
    9152.906   1415.461  19.400  6.58661E-01  6.58975E-01 -4.76396E-04
    9160.307   1422.862  19.450  6.56999E-01  6.57571E-01 -8.70949E-04
    9167.727   1430.282  19.500  6.55407E-01  6.56167E-01 -1.15901E-03
    9175.166   1437.721  19.550  6.53958E-01  6.54763E-01 -1.22969E-03
    9182.624   1445.179  19.600  6.52650E-01  6.53359E-01 -1.08550E-03
    9190.101   1452.656  19.650  6.51433E-01  6.51955E-01 -8.01868E-04
    9197.597   1460.152  19.700  6.50250E-01  6.50551E-01 -4.63885E-04
    9205.112   1467.667  19.750  6.49075E-01  6.49147E-01 -1.12139E-04
    9212.647   1475.202  19.800  6.47924E-01  6.47743E-01  2.78427E-04
    9220.200   1482.755  19.850  6.46843E-01  6.46340E-01  7.79412E-04
    9227.772   1490.327  19.900  6.45877E-01  6.44936E-01  1.46047E-03
    9235.364   1497.919  19.950  6.45032E-01  6.43532E-01  2.33452E-03
    9242.974   1505.529  20.000  6.44258E-01  6.42128E-01  3.32168E-03
