# # Once                                                         FEFF 9.6.4  
# # POT  SCF 100  4.8500   0, core-hole, AFOLP (folp(0)= 1.150)
# # Abs   Z=27 Rmt= 1.321 Rnm= 1.374 K  shell
# # Pot 1 Z=62 Rmt= 1.640 Rnm= 1.685
# # Pot 2 Z=27 Rmt= 1.335 Rnm= 1.392
# # Gam_ch=1.436E+00 H-L exch Vi= 0.000E+00 Vr= 0.000E+00
# # Mu=-1.738E+01 kf=2.061E+00 Vint=-2.605E+01 Rs_int= 1.760
# # PATH  Rmax= 9.700,  Keep_limit= 0.00, Heap_limit 0.00  Pwcrit= 2.50%
#  S02=0.900  Temp= 290.00  Debye_temp= 275.00  Global_sig2= 0.00000
#  Energy zero shift, vr, vi    0.00000E+00   0.00000E+00
#  Curved wave amplitude ratio filter   4.000%
#     file         sig2 tot  cw amp ratio   deg  nlegs   reff  inp sig2
#           1       0.01094    100.00      6.00     2   2.3786
#           2       0.00941     50.76      3.00     2   2.8012
#           3       0.01287     35.72      3.00     2   2.8012
#           4       0.01240      8.25     12.00     3   3.5916
#           5       0.01317      8.24     12.00     3   3.7793
#           6       0.01525     11.62      2.00     2   3.8451
#           7       0.01548     57.07     12.00     2   4.1747
#           8       0.01494      8.52     12.00     3   4.3012
#           9       0.01528     17.58     24.00     3   4.4897
#          10       0.01554      5.04      4.00     3   4.6518
#          11       0.01554     10.07      8.00     3   4.6519
#          12       0.01546      8.82     24.00     3   4.6774
#          13       0.01546     11.57     24.00     3   4.6773
#          14       0.01116     32.72      6.00     2   4.7573
#          15       0.01567     20.51      6.00     2   4.7573
#          16       0.01567     50.50     12.00     3   4.7573
#          18       0.04377      5.73      6.00     4   4.7573
#          19       0.01567     41.99      6.00     4   4.7573
#          20       0.01569     19.49      6.00     2   4.8519
#          21       0.01147      7.55     12.00     3   4.9004
#          22       0.01421     12.75     24.00     3   5.0357
#          23       0.01161     17.56     24.00     3   5.1156
#          24       0.00732      4.27      6.00     3   5.2273
#          25       0.01503     14.87     12.00     3   5.2272
#          26       0.01589     29.27     12.00     2   5.4036
#          27       0.01137      7.23      2.00     2   5.6025
#          28       0.01600      4.42      2.00     2   5.6026
#          29       0.01137      9.79      6.00     3   5.6026
#          30       0.01600     10.78      2.00     3   5.6025
#          31       0.01600     21.55      4.00     3   5.6026
#          32       0.01137     13.23      4.00     3   5.6025
#          33       0.01137      5.73      6.00     4   5.6025
#          35       0.01600     13.12      1.00     4   5.6025
#          36       0.01600     26.25      2.00     4   5.6026
#          37       0.01137      8.77      2.00     4   5.6025
#          38       0.01551     32.82     24.00     3   5.6501
#          39       0.01629      4.38     24.00     4   5.6553
#          40       0.01704      8.85     12.00     4   5.8967
#          41       0.01632      5.71     12.00     3   6.0795
#          42       0.01638      4.69     24.00     3   6.1245
#          43       0.01653      8.63     24.00     3   6.3721
#    41/  42 paths used
#  xsedge+50, used to normalize mu           2.8884E-04
#  -----------------------------------------------------------------------
#  omega    e    k    mu    mu0     chi     @#
    7719.391    -17.377   0.000  2.58377E-01  3.32240E-01 -1.25308E-01
    7719.401    -17.367   0.050  2.64190E-01  3.37697E-01 -1.24474E-01
    7719.430    -17.339   0.100  2.70032E-01  3.43155E-01 -1.23593E-01
    7719.477    -17.291   0.150  2.86576E-01  3.59267E-01 -1.22191E-01
    7719.544    -17.225   0.200  3.03298E-01  3.75379E-01 -1.20507E-01
    7719.630    -17.139   0.250  3.27239E-01  4.00318E-01 -1.21099E-01
    7719.734    -17.034   0.300  3.51631E-01  4.25258E-01 -1.20942E-01
    7719.858    -16.910   0.350  3.79311E-01  4.53886E-01 -1.21053E-01
    7720.001    -16.767   0.400  4.08968E-01  4.82514E-01 -1.17992E-01
    7720.163    -16.605   0.450  4.44215E-01  5.09462E-01 -1.03180E-01
    7720.344    -16.424   0.500  4.82717E-01  5.36410E-01 -8.37129E-02
    7720.544    -16.224   0.550  5.24303E-01  5.59767E-01 -5.43940E-02
    7720.763    -16.005   0.600  5.66407E-01  5.83125E-01 -2.52308E-02
    7721.001    -15.767   0.650  6.02322E-01  6.03472E-01 -1.70479E-03
    7721.258    -15.510   0.700  6.34725E-01  6.23819E-01  1.58923E-02
    7721.535    -15.234   0.750  6.56175E-01  6.42175E-01  2.00257E-02
    7721.830    -14.939   0.800  6.71279E-01  6.60530E-01  1.50971E-02
    7722.144    -14.624   0.850  6.74656E-01  6.77617E-01 -4.08128E-03
    7722.477    -14.291   0.900  6.70731E-01  6.94704E-01 -3.24433E-02
    7722.830    -13.938   0.950  6.56703E-01  7.10847E-01 -7.19356E-02
    7723.201    -13.567   1.000  6.37020E-01  7.26989E-01 -1.17390E-01
    7723.592    -13.176   1.050  6.11884E-01  7.42293E-01 -1.67169E-01
    7724.001    -12.767   1.100  5.85681E-01  7.57597E-01 -2.16574E-01
    7724.430    -12.338   1.150  5.60592E-01  7.72017E-01 -2.61966E-01
    7724.878    -11.891   1.200  5.41151E-01  7.86438E-01 -2.99003E-01
    7725.345    -11.424   1.250  5.28667E-01  7.99850E-01 -3.25582E-01
    7725.830    -10.938   1.300  5.27355E-01  8.13262E-01 -3.38158E-01
    7726.335    -10.433   1.350  5.36280E-01  8.25546E-01 -3.37507E-01
    7726.859     -9.909   1.400  5.57966E-01  8.37830E-01 -3.22185E-01
    7727.402     -9.366   1.450  5.89823E-01  8.48870E-01 -2.94696E-01
    7727.964     -8.804   1.500  6.32253E-01  8.59910E-01 -2.55961E-01
    7728.545     -8.223   1.550  6.81778E-01  8.69620E-01 -2.09069E-01
    7729.145     -7.623   1.600  7.37181E-01  8.79330E-01 -1.56634E-01
    7729.764     -7.004   1.650  7.94904E-01  8.87662E-01 -1.01358E-01
    7730.402     -6.366   1.700  8.52758E-01  8.95994E-01 -4.68540E-02
    7731.059     -5.709   1.750  9.07753E-01  9.02940E-01  5.18151E-03
    7731.736     -5.033   1.800  9.57459E-01  9.09885E-01  5.08724E-02
    7732.431     -4.337   1.850  9.99597E-01  9.15490E-01  8.94849E-02
    7733.145     -3.623   1.900  1.03247E+00  9.21096E-01  1.17905E-01
    7733.879     -2.889   1.950  1.05452E+00  9.25339E-01  1.36265E-01
    7734.631     -2.137   2.000  1.06594E+00  9.29582E-01  1.43315E-01
    7735.403     -1.365   2.050  1.06653E+00  9.32156E-01  1.40982E-01
    7736.193     -0.575   2.100  1.05902E+00  9.34731E-01  1.30187E-01
    7737.003      0.235   2.150  1.04570E+00  9.37306E-01  1.13340E-01
    7737.832      1.063   2.200  1.02887E+00  9.39880E-01  9.28912E-02
    7738.679      1.911   2.250  1.00745E+00  9.40046E-01  7.04492E-02
    7739.546      2.778   2.300  9.86317E-01  9.40211E-01  4.82520E-02
    7740.432      3.664   2.350  9.67231E-01  9.40376E-01  2.81410E-02
    7741.337      4.569   2.400  9.50892E-01  9.40542E-01  1.08597E-02
    7742.261      5.492   2.450  9.42036E-01  9.44464E-01 -2.54626E-03
    7743.204      6.435   2.500  9.34681E-01  9.48385E-01 -1.43706E-02
    7744.166      7.397   2.550  9.28424E-01  9.52307E-01 -2.50375E-02
    7745.147      8.379   2.600  9.23373E-01  9.56229E-01 -3.44340E-02
    7746.147      9.379   2.650  9.18388E-01  9.59338E-01 -4.28210E-02
    7747.166     10.398   2.700  9.16088E-01  9.62448E-01 -4.83692E-02
    7748.204     11.436   2.750  9.17113E-01  9.65557E-01 -5.04313E-02
    7749.262     12.493   2.800  9.21869E-01  9.68666E-01 -4.86087E-02
    7750.338     13.570   2.850  9.27195E-01  9.70514E-01 -4.48889E-02
    7751.433     14.665   2.900  9.35426E-01  9.72362E-01 -3.81850E-02
    7752.548     15.779   2.950  9.46231E-01  9.74210E-01 -2.88564E-02
    7753.681     16.913   3.000  9.58944E-01  9.76058E-01 -1.76095E-02
    7754.834     18.065   3.050  9.70568E-01  9.77695E-01 -7.31596E-03
    7756.005     19.237   3.100  9.82514E-01  9.79333E-01  3.25712E-03
    7757.196     20.428   3.150  9.94242E-01  9.80971E-01  1.35555E-02
    7758.406     21.637   3.200  1.00524E+00  9.82608E-01  2.30585E-02
    7759.634     22.866   3.250  1.01350E+00  9.83644E-01  3.03492E-02
    7760.882     24.114   3.300  1.02087E+00  9.84680E-01  3.66905E-02
    7762.149     25.381   3.350  1.02701E+00  9.85716E-01  4.17716E-02
    7763.435     26.666   3.400  1.03166E+00  9.86752E-01  4.53125E-02
    7764.740     27.971   3.450  1.03523E+00  9.88006E-01  4.75586E-02
    7766.064     29.295   3.500  1.03735E+00  9.89260E-01  4.83288E-02
    7767.407     30.638   3.550  1.03767E+00  9.90514E-01  4.72958E-02
    7768.769     32.000   3.600  1.03603E+00  9.91768E-01  4.43026E-02
    7770.150     33.382   3.650  1.03237E+00  9.92625E-01  3.97002E-02
    7771.550     34.782   3.700  1.02714E+00  9.93481E-01  3.35508E-02
    7772.969     36.201   3.750  1.02062E+00  9.94338E-01  2.61447E-02
    7774.408     37.639   3.800  1.01322E+00  9.95194E-01  1.78871E-02
    7775.865     39.097   3.850  1.00556E+00  9.96440E-01  9.03620E-03
    7777.341     40.573   3.900  9.97907E-01  9.97686E-01  2.18706E-04
    7778.837     42.068   3.950  9.90702E-01  9.98932E-01 -8.12171E-03
    7780.351     43.583   4.000  9.84354E-01  1.00018E+00 -1.55858E-02
    7781.885     45.116   4.050  9.78813E-01  1.00122E+00 -2.20337E-02
    7783.437     46.669   4.100  9.74691E-01  1.00227E+00 -2.70646E-02
    7785.009     48.240   4.150  9.72093E-01  1.00331E+00 -3.05854E-02
    7786.600     49.831   4.200  9.70977E-01  1.00436E+00 -3.26442E-02
    7788.209     51.441   4.250  9.71194E-01  1.00541E+00 -3.34064E-02
    7789.838     53.070   4.300  9.72526E-01  1.00645E+00 -3.30802E-02
    7791.486     54.717   4.350  9.74602E-01  1.00750E+00 -3.20301E-02
    7793.153     56.384   4.400  9.77008E-01  1.00855E+00 -3.06625E-02
    7794.839     58.070   4.450  9.79602E-01  1.00949E+00 -2.90243E-02
    7796.544     59.775   4.500  9.82078E-01  1.01043E+00 -2.75036E-02
    7798.268     61.499   4.550  9.84328E-01  1.01137E+00 -2.62055E-02
    7800.011     63.242   4.600  9.86472E-01  1.01231E+00 -2.50131E-02
    7801.773     65.004   4.650  9.88801E-01  1.01284E+00 -2.32568E-02
    7803.554     66.786   4.700  9.91778E-01  1.01337E+00 -2.08760E-02
    7805.354     68.586   4.750  9.95829E-01  1.01390E+00 -1.74609E-02
    7807.173     70.405   4.800  1.00131E+00  1.01443E+00 -1.26714E-02
    7809.012     72.243   4.850  1.00807E+00  1.01469E+00 -6.38641E-03
    7810.869     74.101   4.900  1.01613E+00  1.01494E+00  1.14025E-03
    7812.746     75.977   4.950  1.02502E+00  1.01520E+00  9.47980E-03
    7814.641     77.873   5.000  1.03406E+00  1.01546E+00  1.79521E-02
    7816.556     79.787   5.050  1.04185E+00  1.01533E+00  2.56088E-02
    7818.489     81.721   5.100  1.04804E+00  1.01519E+00  3.17243E-02
    7820.442     83.673   5.150  1.05199E+00  1.01506E+00  3.56811E-02
    7822.413     85.645   5.200  1.05338E+00  1.01492E+00  3.71650E-02
    7824.404     87.636   5.250  1.05178E+00  1.01442E+00  3.61309E-02
    7826.414     89.645   5.300  1.04816E+00  1.01392E+00  3.31407E-02
    7828.443     91.674   5.350  1.04326E+00  1.01342E+00  2.89086E-02
    7830.491     93.722   5.400  1.03793E+00  1.01292E+00  2.42461E-02
    7832.557     95.789   5.450  1.03253E+00  1.01214E+00  1.97928E-02
    7834.643     97.875   5.500  1.02793E+00  1.01135E+00  1.61023E-02
    7836.748     99.980   5.550  1.02422E+00  1.01057E+00  1.32761E-02
    7838.873    102.104   5.600  1.02114E+00  1.00978E+00  1.10602E-02
    7841.016    104.247   5.650  1.01787E+00  1.00877E+00  8.87519E-03
    7843.178    106.409   5.700  1.01411E+00  1.00775E+00  6.20280E-03
    7845.359    108.591   5.750  1.00934E+00  1.00674E+00  2.54732E-03
    7847.559    110.791   5.800  1.00334E+00  1.00572E+00 -2.32436E-03
    7849.779    113.010   5.850  9.96227E-01  1.00465E+00 -8.25374E-03
    7852.017    115.249   5.900  9.88529E-01  1.00359E+00 -1.47704E-02
    7854.274    117.506   5.950  9.80963E-01  1.00252E+00 -2.11756E-02
    7856.551    119.782   6.000  9.74311E-01  1.00145E+00 -2.66974E-02
    7858.846    122.078   6.050  9.69395E-01  1.00042E+00 -3.05544E-02
    7861.161    124.393   6.100  9.66471E-01  9.99389E-01 -3.24564E-02
    7863.495    126.726   6.150  9.65592E-01  9.98356E-01 -3.23442E-02
    7865.847    129.079   6.200  9.66498E-01  9.97323E-01 -3.04671E-02
    7868.219    131.451   6.250  9.68712E-01  9.96290E-01 -2.72916E-02
    7870.610    133.841   6.300  9.71676E-01  9.95257E-01 -2.33643E-02
    7873.019    136.251   6.350  9.74901E-01  9.94224E-01 -1.91690E-02
    7875.448    138.680   6.400  9.78073E-01  9.93191E-01 -1.50161E-02
    7877.896    141.128   6.450  9.81103E-01  9.92158E-01 -1.09938E-02
    7880.363    143.595   6.500  9.84107E-01  9.91125E-01 -6.98823E-03
    7882.849    146.081   6.550  9.87570E-01  9.90344E-01 -2.76434E-03
    7885.354    148.586   6.600  9.91519E-01  9.89562E-01  1.95295E-03
    7887.878    151.110   6.650  9.96075E-01  9.88780E-01  7.28443E-03
    7890.422    153.653   6.700  1.00116E+00  9.87998E-01  1.31522E-02
    7892.984    156.215   6.750  1.00646E+00  9.87217E-01  1.92508E-02
    7895.565    158.797   6.800  1.01147E+00  9.86435E-01  2.50748E-02
    7898.165    161.397   6.850  1.01558E+00  9.85653E-01  2.99970E-02
    7900.785    164.016   6.900  1.01814E+00  9.84871E-01  3.33778E-02
    7903.423    166.655   6.950  1.01862E+00  9.84090E-01  3.46834E-02
    7906.081    169.312   7.000  1.01672E+00  9.83308E-01  3.35897E-02
    7908.757    171.989   7.050  1.01260E+00  9.82639E-01  3.01505E-02
    7911.453    174.684   7.100  1.00628E+00  9.81970E-01  2.44817E-02
    7914.167    177.399   7.150  9.98269E-01  9.81301E-01  1.71078E-02
    7916.901    180.133   7.200  9.89317E-01  9.80632E-01  8.76485E-03
    7919.654    182.885   7.250  9.80256E-01  9.79963E-01  2.96072E-04
    7922.425    185.657   7.300  9.71904E-01  9.79294E-01 -7.47184E-03
    7925.216    188.448   7.350  9.64941E-01  9.78625E-01 -1.38502E-02
    7928.026    191.258   7.400  9.59807E-01  9.77956E-01 -1.83865E-02
    7930.855    194.087   7.450  9.56657E-01  9.77287E-01 -2.09212E-02
    7933.703    196.935   7.500  9.55348E-01  9.76618E-01 -2.15905E-02
    7936.570    199.802   7.550  9.55202E-01  9.75751E-01 -2.08869E-02
    7939.456    202.688   7.600  9.55982E-01  9.74883E-01 -1.92374E-02
    7942.361    205.593   7.650  9.57145E-01  9.74016E-01 -1.71941E-02
    7945.285    208.517   7.700  9.58237E-01  9.73148E-01 -1.52176E-02
    7948.229    211.460   7.750  9.58992E-01  9.72281E-01 -1.35798E-02
    7951.191    214.422   7.800  9.59377E-01  9.71414E-01 -1.23167E-02
    7954.172    217.404   7.850  9.59575E-01  9.70546E-01 -1.12418E-02
    7957.173    220.404   7.900  9.59914E-01  9.69679E-01 -1.00192E-02
    7960.192    223.424   7.950  9.60757E-01  9.68811E-01 -8.27579E-03
    7963.230    226.462   8.000  9.62380E-01  9.67944E-01 -5.72447E-03
    7966.288    229.520   8.050  9.64615E-01  9.66830E-01 -2.28237E-03
    7969.364    232.596   8.100  9.67641E-01  9.65715E-01  1.98744E-03
    7972.460    235.692   8.150  9.71121E-01  9.64601E-01  6.73879E-03
    7975.575    238.806   8.200  9.74550E-01  9.63487E-01  1.14532E-02
    7978.708    241.940   8.250  9.77364E-01  9.62373E-01  1.55447E-02
    7981.861    245.093   8.300  9.79055E-01  9.61258E-01  1.84819E-02
    7985.033    248.265   8.350  9.79274E-01  9.60144E-01  1.98976E-02
    7988.224    251.456   8.400  9.77900E-01  9.59030E-01  1.96581E-02
    7991.434    254.665   8.450  9.75050E-01  9.57916E-01  1.78777E-02
    7994.663    257.894   8.500  9.71038E-01  9.56801E-01  1.48780E-02
    7997.911    261.142   8.550  9.66311E-01  9.55613E-01  1.11962E-02
    8001.178    264.409   8.600  9.61269E-01  9.54424E-01  7.17367E-03
    8004.464    267.696   8.650  9.56296E-01  9.53236E-01  3.21150E-03
    8007.769    271.001   8.700  9.51668E-01  9.52047E-01 -3.98569E-04
    8011.093    274.325   8.750  9.47539E-01  9.50858E-01 -3.49347E-03
    8014.437    277.668   8.800  9.43955E-01  9.49670E-01 -6.02209E-03
    8017.799    281.031   8.850  9.40897E-01  9.48481E-01 -8.00410E-03
    8021.180    284.412   8.900  9.38321E-01  9.47293E-01 -9.48148E-03
    8024.581    287.812   8.950  9.36201E-01  9.46104E-01 -1.04796E-02
    8028.000    291.232   9.000  9.34546E-01  9.44915E-01 -1.09893E-02
    8031.439    294.670   9.050  9.33403E-01  9.43844E-01 -1.10754E-02
    8034.896    298.128   9.100  9.32804E-01  9.42772E-01 -1.05856E-02
    8038.373    301.604   9.150  9.32775E-01  9.41700E-01 -9.48733E-03
    8041.868    305.100   9.200  9.33287E-01  9.40628E-01 -7.81223E-03
    8045.383    308.615   9.250  9.34231E-01  9.39557E-01 -5.67319E-03
    8048.917    312.149   9.300  9.35429E-01  9.38485E-01 -3.25809E-03
    8052.470    315.701   9.350  9.36661E-01  9.37413E-01 -8.02357E-04
    8056.042    319.273   9.400  9.37701E-01  9.36341E-01  1.45236E-03
    8059.633    322.864   9.450  9.38356E-01  9.35270E-01  3.30159E-03
    8063.242    326.474   9.500  9.38506E-01  9.34198E-01  4.61224E-03
    8066.871    330.103   9.550  9.38300E-01  9.33295E-01  5.36320E-03
    8070.520    333.751   9.600  9.37584E-01  9.32393E-01  5.56741E-03
    8074.187    337.418   9.650  9.36460E-01  9.31490E-01  5.33443E-03
    8077.873    341.104   9.700  9.35069E-01  9.30587E-01  4.81421E-03
    8081.578    344.810   9.750  9.33553E-01  9.29685E-01  4.15898E-03
    8085.302    348.534   9.800  9.32026E-01  9.28782E-01  3.49089E-03
    8089.046    352.277   9.850  9.30556E-01  9.27879E-01  2.88254E-03
    8092.808    356.040   9.900  9.29160E-01  9.26977E-01  2.35354E-03
    8096.589    359.821   9.950  9.27818E-01  9.26074E-01  1.88139E-03
    8100.390    363.621  10.000  9.26488E-01  9.25171E-01  1.42146E-03
    8104.209    367.441  10.050  9.25024E-01  9.24114E-01  9.82727E-04
    8108.048    371.280  10.100  9.23481E-01  9.23057E-01  4.58803E-04
    8111.905    375.137  10.150  9.21853E-01  9.22000E-01 -1.59660E-04
    8115.782    379.014  10.200  9.20167E-01  9.20943E-01 -8.41250E-04
    8119.678    382.910  10.250  9.18484E-01  9.19886E-01 -1.52090E-03
    8123.593    386.824  10.300  9.16881E-01  9.18829E-01 -2.11621E-03
    8127.526    390.758  10.350  9.15429E-01  9.17772E-01 -2.54775E-03
    8131.479    394.711  10.400  9.14181E-01  9.16715E-01 -2.75786E-03
    8135.451    398.683  10.450  9.13159E-01  9.15657E-01 -2.72318E-03
    8139.442    402.674  10.500  9.12347E-01  9.14600E-01 -2.45859E-03
    8143.452    406.684  10.550  9.11701E-01  9.13543E-01 -2.01237E-03
    8147.481    410.713  10.600  9.11156E-01  9.12486E-01 -1.45484E-03
    8151.529    414.761  10.650  9.10640E-01  9.11429E-01 -8.63618E-04
    8155.596    418.828  10.700  9.10090E-01  9.10372E-01 -3.09446E-04
    8159.683    422.914  10.750  9.09456E-01  9.09315E-01  1.54594E-04
    8163.788    427.020  10.800  9.08712E-01  9.08258E-01  4.98507E-04
    8167.912    431.144  10.850  9.07851E-01  9.07201E-01  7.15221E-04
    8172.056    435.287  10.900  9.06885E-01  9.06144E-01  8.15820E-04
    8176.218    439.450  10.950  9.05833E-01  9.05087E-01  8.22118E-04
    8180.399    443.631  11.000  9.04718E-01  9.04030E-01  7.58875E-04
    8184.600    447.832  11.050  9.03343E-01  9.02743E-01  6.62856E-04
    8188.820    452.051  11.100  9.01957E-01  9.01456E-01  5.53554E-04
    8193.058    456.290  11.150  9.00562E-01  9.00170E-01  4.34214E-04
    8197.316    460.547  11.200  8.99155E-01  8.98883E-01  3.01161E-04
    8201.593    464.824  11.250  8.97732E-01  8.97597E-01  1.50431E-04
    8205.888    469.120  11.300  8.96296E-01  8.96310E-01 -1.55757E-05
    8210.203    473.435  11.350  8.94858E-01  8.95024E-01 -1.83869E-04
    8214.537    477.769  11.400  8.93441E-01  8.93737E-01 -3.30741E-04
    8218.890    482.121  11.450  8.92069E-01  8.92450E-01 -4.26133E-04
    8223.262    486.493  11.500  8.90769E-01  8.91164E-01 -4.41453E-04
    8227.653    490.884  11.550  8.89557E-01  8.89877E-01 -3.58624E-04
    8232.063    495.295  11.600  8.88432E-01  8.88591E-01 -1.77614E-04
    8236.492    499.724  11.650  8.87375E-01  8.87304E-01  8.00733E-05
    8240.940    504.172  11.700  8.86349E-01  8.86018E-01  3.73419E-04
    8245.407    508.639  11.750  8.85307E-01  8.84731E-01  6.49399E-04
    8249.894    513.125  11.800  8.84201E-01  8.83444E-01  8.54363E-04
    8254.399    517.631  11.850  8.82995E-01  8.82158E-01  9.46437E-04
    8258.923    522.155  11.900  8.81671E-01  8.80871E-01  9.05689E-04
    8263.467    526.698  11.950  8.80237E-01  8.79585E-01  7.39230E-04
    8268.029    531.261  12.000  8.78721E-01  8.78298E-01  4.79714E-04
    8272.611    535.842  12.050  8.77229E-01  8.77076E-01  1.73203E-04
    8277.211    540.443  12.100  8.75734E-01  8.75854E-01 -1.37107E-04
    8281.831    545.062  12.150  8.74279E-01  8.74632E-01 -4.02672E-04
    8286.469    549.701  12.200  8.72895E-01  8.73410E-01 -5.88538E-04
    8291.127    554.359  12.250  8.71593E-01  8.72189E-01 -6.80182E-04
    8295.804    559.036  12.300  8.70368E-01  8.70967E-01 -6.84972E-04
    8300.500    563.731  12.350  8.69197E-01  8.69745E-01 -6.27997E-04
    8305.215    568.446  12.400  8.68049E-01  8.68523E-01 -5.43561E-04
    8309.948    573.180  12.450  8.66896E-01  8.67301E-01 -4.64783E-04
    8314.701    577.933  12.500  8.65719E-01  8.66079E-01 -4.14199E-04
    8319.473    582.705  12.550  8.64512E-01  8.64857E-01 -3.97928E-04
    8324.264    587.496  12.600  8.63284E-01  8.63635E-01 -4.04927E-04
    8329.075    592.306  12.650  8.62057E-01  8.62413E-01 -4.11365E-04
    8333.904    597.135  12.700  8.60855E-01  8.61191E-01 -3.88746E-04
    8338.752    601.984  12.750  8.59699E-01  8.59970E-01 -3.13368E-04
    8343.619    606.851  12.800  8.58597E-01  8.58748E-01 -1.74364E-04
    8348.506    611.737  12.850  8.57545E-01  8.57526E-01  2.19261E-05
    8353.411    616.643  12.900  8.56521E-01  8.56304E-01  2.52454E-04
    8358.335    621.567  12.950  8.55496E-01  8.55082E-01  4.82619E-04
    8363.279    626.510  13.000  8.54438E-01  8.53860E-01  6.74584E-04
    8368.241    631.473  13.050  8.53216E-01  8.52522E-01  8.11094E-04
    8373.223    636.454  13.100  8.51921E-01  8.51184E-01  8.61643E-04
    8378.223    641.455  13.150  8.50547E-01  8.49847E-01  8.20964E-04
    8383.243    646.475  13.200  8.49105E-01  8.48509E-01  6.99857E-04
    8388.282    651.513  13.250  8.47615E-01  8.47171E-01  5.21915E-04
    8393.339    656.571  13.300  8.46103E-01  8.45833E-01  3.17531E-04
    8398.416    661.648  13.350  8.44594E-01  8.44495E-01  1.16842E-04
    8403.512    666.744  13.400  8.43110E-01  8.43158E-01 -5.65330E-05
    8408.627    671.859  13.450  8.41660E-01  8.41820E-01 -1.89438E-04
    8413.761    676.993  13.500  8.40246E-01  8.40482E-01 -2.80027E-04
    8418.914    682.146  13.550  8.38862E-01  8.39144E-01 -3.35604E-04
    8424.086    687.318  13.600  8.37497E-01  8.37806E-01 -3.68372E-04
    8429.277    692.509  13.650  8.36141E-01  8.36469E-01 -3.90495E-04
    8434.487    697.719  13.700  8.34787E-01  8.35131E-01 -4.09938E-04
    8439.717    702.948  13.750  8.33435E-01  8.33793E-01 -4.28205E-04
    8444.965    708.196  13.800  8.32087E-01  8.32455E-01 -4.40469E-04
    8450.232    713.464  13.850  8.30752E-01  8.31117E-01 -4.37820E-04
    8455.518    718.750  13.900  8.29438E-01  8.29780E-01 -4.10808E-04
    8460.824    724.055  13.950  8.28148E-01  8.28442E-01 -3.53097E-04
    8466.148    729.380  14.000  8.26885E-01  8.27104E-01 -2.64138E-04
    8471.492    734.723  14.050  8.25585E-01  8.25710E-01 -1.51269E-04
    8476.854    740.086  14.100  8.24301E-01  8.24316E-01 -1.83077E-05
    8482.236    745.468  14.150  8.23021E-01  8.22922E-01  1.19577E-04
    8487.637    750.868  14.200  8.21731E-01  8.21529E-01  2.45741E-04
    8493.056    756.288  14.250  8.20419E-01  8.20135E-01  3.45423E-04
    8498.495    761.727  14.300  8.19076E-01  8.18741E-01  4.08518E-04
    8503.953    767.185  14.350  8.17700E-01  8.17347E-01  4.31128E-04
    8509.430    772.661  14.400  8.16293E-01  8.15953E-01  4.15617E-04
    8514.926    778.157  14.450  8.14861E-01  8.14559E-01  3.69314E-04
    8520.441    783.672  14.500  8.13412E-01  8.13165E-01  3.02330E-04
    8525.975    789.206  14.550  8.11955E-01  8.11772E-01  2.25155E-04
    8531.528    794.759  14.600  8.10497E-01  8.10378E-01  1.46651E-04
    8537.100    800.331  14.650  8.09043E-01  8.08984E-01  7.28906E-05
    8542.691    805.923  14.700  8.07596E-01  8.07590E-01  6.98355E-06
    8548.301    811.533  14.750  8.06156E-01  8.06196E-01 -5.02608E-05
    8553.930    817.162  14.800  8.04722E-01  8.04802E-01 -9.92052E-05
    8559.579    822.810  14.850  8.03295E-01  8.03408E-01 -1.40241E-04
    8565.246    828.478  14.900  8.01875E-01  8.02015E-01 -1.73021E-04
    8570.932    834.164  14.950  8.00463E-01  8.00621E-01 -1.96273E-04
    8576.638    839.869  15.000  7.99060E-01  7.99227E-01 -2.08195E-04
    8582.362    845.594  15.050  7.97681E-01  7.97852E-01 -2.13850E-04
    8588.106    851.338  15.100  7.96313E-01  7.96477E-01 -2.06105E-04
    8593.868    857.100  15.150  7.94955E-01  7.95102E-01 -1.84506E-04
    8599.650    862.882  15.200  7.93608E-01  7.93727E-01 -1.50371E-04
    8605.451    868.682  15.250  7.92268E-01  7.92353E-01 -1.06771E-04
    8611.271    874.502  15.300  7.90932E-01  7.90978E-01 -5.80611E-05
    8617.109    880.341  15.350  7.89596E-01  7.89603E-01 -9.08747E-06
    8622.967    886.199  15.400  7.88256E-01  7.88228E-01  3.56891E-05
    8628.844    892.076  15.450  7.86911E-01  7.86853E-01  7.29179E-05
    8634.740    897.972  15.500  7.85557E-01  7.85478E-01  1.00752E-04
    8640.655    903.887  15.550  7.84197E-01  7.84103E-01  1.18838E-04
    8646.589    909.821  15.600  7.82829E-01  7.82728E-01  1.27959E-04
    8652.542    915.774  15.650  7.81455E-01  7.81354E-01  1.29483E-04
    8658.514    921.746  15.700  7.80076E-01  7.79979E-01  1.24806E-04
    8664.506    927.737  15.750  7.78694E-01  7.78604E-01  1.14975E-04
    8670.516    933.747  15.800  7.77307E-01  7.77229E-01  1.00592E-04
    8676.545    939.777  15.850  7.75918E-01  7.75854E-01  8.19780E-05
    8682.593    945.825  15.900  7.74525E-01  7.74479E-01  5.95275E-05
    8688.661    951.893  15.950  7.73131E-01  7.73104E-01  3.40757E-05
    8694.747    957.979  16.000  7.71735E-01  7.71729E-01  7.12821E-06
    8700.853    964.084  16.050  7.70261E-01  7.70276E-01 -1.94581E-05
    8706.977    970.209  16.100  7.68789E-01  7.68824E-01 -4.46209E-05
    8713.121    976.353  16.150  7.67320E-01  7.67371E-01 -6.58087E-05
    8719.284    982.515  16.200  7.65856E-01  7.65918E-01 -8.06907E-05
    8725.465    988.697  16.250  7.64398E-01  7.64465E-01 -8.76439E-05
    8731.666    994.898  16.300  7.62946E-01  7.63012E-01 -8.61233E-05
    8737.886   1001.118  16.350  7.61500E-01  7.61559E-01 -7.68099E-05
    8744.125   1007.356  16.400  7.60059E-01  7.60106E-01 -6.14906E-05
    8750.383   1013.614  16.450  7.58620E-01  7.58653E-01 -4.26949E-05
    8756.660   1019.891  16.500  7.57182E-01  7.57200E-01 -2.31817E-05
    8762.956   1026.187  16.550  7.55743E-01  7.55747E-01 -5.40447E-06
    8769.271   1032.502  16.600  7.54301E-01  7.54294E-01  8.91323E-06
    8775.605   1038.836  16.650  7.52855E-01  7.52841E-01  1.89942E-05
    8781.958   1045.190  16.700  7.51407E-01  7.51388E-01  2.49803E-05
    8788.330   1051.562  16.750  7.49956E-01  7.49935E-01  2.76914E-05
    8794.721   1057.953  16.800  7.48503E-01  7.48482E-01  2.82563E-05
    8801.132   1064.363  16.850  7.47050E-01  7.47029E-01  2.77295E-05
    8807.561   1070.793  16.900  7.45596E-01  7.45576E-01  2.68029E-05
    8814.009   1077.241  16.950  7.44142E-01  7.44123E-01  2.56820E-05
    8820.477   1083.708  17.000  7.42688E-01  7.42670E-01  2.41449E-05
    8826.963   1090.195  17.050  7.41262E-01  7.41245E-01  2.24889E-05
    8833.469   1096.701  17.100  7.39835E-01  7.39820E-01  1.96160E-05
    8839.993   1103.225  17.150  7.38407E-01  7.38395E-01  1.51822E-05
    8846.537   1109.769  17.200  7.36977E-01  7.36970E-01  9.15381E-06
    8853.100   1116.331  17.250  7.35547E-01  7.35545E-01  1.89277E-06
    8859.682   1122.913  17.300  7.34116E-01  7.34120E-01 -5.87500E-06
    8866.282   1129.514  17.350  7.32686E-01  7.32696E-01 -1.31964E-05
    8872.902   1136.134  17.400  7.31257E-01  7.31271E-01 -1.90948E-05
    8879.541   1142.773  17.450  7.29829E-01  7.29846E-01 -2.27828E-05
    8886.199   1149.431  17.500  7.28403E-01  7.28421E-01 -2.38307E-05
    8892.876   1156.108  17.550  7.26980E-01  7.26996E-01 -2.22454E-05
    8899.572   1162.804  17.600  7.25557E-01  7.25571E-01 -1.84487E-05
    8906.287   1169.519  17.650  7.24136E-01  7.24146E-01 -1.31651E-05
    8913.021   1176.253  17.700  7.22716E-01  7.22721E-01 -7.25430E-06
    8919.775   1183.006  17.750  7.21295E-01  7.21296E-01 -1.53636E-06
    8926.547   1189.778  17.800  7.19873E-01  7.19871E-01  3.34938E-06
    8933.338   1196.570  17.850  7.18451E-01  7.18446E-01  7.02149E-06
    8940.148   1203.380  17.900  7.17028E-01  7.17021E-01  9.36203E-06
    8946.978   1210.209  17.950  7.15604E-01  7.15596E-01  1.04630E-05
    8953.826   1217.058  18.000  7.14179E-01  7.14171E-01  1.05402E-05
    8960.694   1223.925  18.050  7.12730E-01  7.12723E-01  1.00924E-05
    8967.580   1230.812  18.100  7.11281E-01  7.11275E-01  9.02747E-06
    8974.486   1237.718  18.150  7.09832E-01  7.09827E-01  7.50579E-06
    8981.411   1244.642  18.200  7.08383E-01  7.08378E-01  5.65451E-06
    8988.354   1251.586  18.250  7.06933E-01  7.06930E-01  3.57766E-06
    8995.317   1258.549  18.300  7.05483E-01  7.05482E-01  1.37734E-06
    9002.299   1265.530  18.350  7.04033E-01  7.04034E-01 -8.26990E-07
    9009.300   1272.531  18.400  7.02584E-01  7.02586E-01 -2.89128E-06
    9016.320   1279.551  18.450  7.01134E-01  7.01138E-01 -4.65629E-06
    9023.358   1286.590  18.500  6.99685E-01  6.99689E-01 -5.97139E-06
    9030.416   1293.648  18.550  6.98237E-01  6.98241E-01 -6.72472E-06
    9037.494   1300.725  18.600  6.96788E-01  6.96793E-01 -6.86912E-06
    9044.590   1307.821  18.650  6.95340E-01  6.95345E-01 -6.43459E-06
    9051.705   1314.936  18.700  6.93893E-01  6.93897E-01 -5.52237E-06
    9058.839   1322.071  18.750  6.92446E-01  6.92449E-01 -4.28226E-06
    9065.992   1329.224  18.800  6.90998E-01  6.91000E-01 -2.87973E-06
    9073.164   1336.396  18.850  6.89551E-01  6.89552E-01 -1.46318E-06
    9080.356   1343.587  18.900  6.88104E-01  6.88104E-01 -1.40685E-07
    9087.566   1350.798  18.950  6.86657E-01  6.86656E-01  1.02759E-06
    9094.796   1358.027  19.000  6.85209E-01  6.85208E-01  2.02102E-06
    9102.044   1365.276  19.050  6.83769E-01  6.83767E-01  2.95031E-06
    9109.312   1372.543  19.100  6.82330E-01  6.82327E-01  3.75418E-06
    9116.598   1379.830  19.150  6.80890E-01  6.80887E-01  4.40039E-06
    9123.904   1387.136  19.200  6.79449E-01  6.79446E-01  4.83272E-06
    9131.229   1394.460  19.250  6.78009E-01  6.78006E-01  4.97774E-06
    9138.572   1401.804  19.300  6.76569E-01  6.76565E-01  4.76307E-06
    9145.935   1409.167  19.350  6.75128E-01  6.75125E-01  4.14217E-06
    9153.317   1416.549  19.400  6.73687E-01  6.73685E-01  3.11806E-06
    9160.718   1423.950  19.450  6.72245E-01  6.72244E-01  1.75803E-06
    9168.138   1431.370  19.500  6.70804E-01  6.70804E-01  1.93556E-07
    9175.577   1438.809  19.550  6.69363E-01  6.69364E-01 -1.39641E-06
    9183.035   1446.267  19.600  6.67921E-01  6.67923E-01 -2.81588E-06
    9190.512   1453.744  19.650  6.66480E-01  6.66483E-01 -3.88889E-06
    9198.008   1461.240  19.700  6.65039E-01  6.65042E-01 -4.49403E-06
    9205.523   1468.755  19.750  6.63599E-01  6.63602E-01 -4.58756E-06
    9213.058   1476.289  19.800  6.62159E-01  6.62162E-01 -4.20940E-06
    9220.611   1483.843  19.850  6.60719E-01  6.60721E-01 -3.47033E-06
    9228.183   1491.415  19.900  6.59279E-01  6.59281E-01 -2.52442E-06
    9235.775   1499.006  19.950  6.57839E-01  6.57841E-01 -1.53392E-06
    9243.385   1506.617  20.000  6.56400E-01  6.56400E-01 -6.35850E-07
