# # Once                                                         FEFF 9.6.4  
# # POT  SCF 100  5.0000   0, core-hole, AFOLP (folp(0)= 1.150)
# # Abs   Z=27 Rmt= 1.361 Rnm= 1.416 K  shell
# # Pot 1 Z=62 Rmt= 1.691 Rnm= 1.737
# # Pot 2 Z=27 Rmt= 1.375 Rnm= 1.434
# # Gam_ch=1.436E+00 H-L exch Vi= 0.000E+00 Vr= 0.000E+00
# # Mu=-1.634E+01 kf=1.975E+00 Vint=-2.396E+01 Rs_int= 1.837
# # PATH  Rmax= 5.000,  Keep_limit= 0.00, Heap_limit 0.00  Pwcrit= 2.50%
#  S02=0.900  Temp= 293.00  Debye_temp= 264.00  Global_sig2= 0.00000
#  Energy zero shift, vr, vi    0.00000E+00   0.00000E+00
#  Curved wave amplitude ratio filter   4.000%
#     file         sig2 tot  cw amp ratio   deg  nlegs   reff  inp sig2
#           1       0.01196    100.00      6.00     2   2.4522
#           2       0.01029     51.07      3.00     2   2.8879
#           3       0.01406     35.79      3.00     2   2.8879
#           4       0.01355      8.27     12.00     3   3.7027
#           5       0.01439      7.85     12.00     3   3.8961
#           6       0.01667     11.59      2.00     2   3.9640
#           7       0.01692     56.59     12.00     2   4.3038
#           8       0.01633      7.50     12.00     3   4.4342
#           9       0.01670     15.17     24.00     3   4.6285
#          10       0.01699     14.92     12.00     3   4.7957
#          11       0.01690      6.69     16.00     3   4.8220
#          12       0.01221     32.91      6.00     2   4.9044
#          13       0.01713     20.11      6.00     2   4.9044
#          14       0.01713     47.42     12.00     3   4.9044
#          16       0.04783      5.39      6.00     4   4.9044
#          17       0.01713     39.15      6.00     4   4.9044
#    16/  17 paths used
#  xsedge+50, used to normalize mu           2.8876E-04
#  -----------------------------------------------------------------------
#  omega    e    k    mu    mu0     chi     @#
    7718.435    -16.329   0.050  2.53839E-01  3.24428E-01 -1.27376E-01
    7718.463    -16.300   0.100  2.60127E-01  3.29594E-01 -1.25067E-01
    7718.511    -16.252   0.150  2.79252E-01  3.45013E-01 -1.17602E-01
    7718.578    -16.186   0.200  2.99187E-01  3.60432E-01 -1.08799E-01
    7718.664    -16.100   0.250  3.31725E-01  3.84401E-01 -9.25636E-02
    7718.768    -15.995   0.300  3.65899E-01  4.08371E-01 -7.38334E-02
    7718.892    -15.871   0.350  4.08911E-01  4.36169E-01 -4.66995E-02
    7719.035    -15.729   0.400  4.53524E-01  4.63966E-01 -1.76357E-02
    7719.197    -15.567   0.450  5.00607E-01  4.90590E-01  1.66216E-02
    7719.378    -15.386   0.500  5.47826E-01  5.17214E-01  4.99284E-02
    7719.578    -15.186   0.550  5.91607E-01  5.40869E-01  8.11228E-02
    7719.797    -14.967   0.600  6.32582E-01  5.64525E-01  1.06714E-01
    7720.035    -14.728   0.650  6.64743E-01  5.85721E-01  1.21282E-01
    7720.292    -14.471   0.700  6.90094E-01  6.06917E-01  1.25011E-01
    7720.569    -14.195   0.750  7.01038E-01  6.26520E-01  1.09539E-01
    7720.864    -13.900   0.800  7.01564E-01  6.46122E-01  7.97456E-02
    7721.178    -13.585   0.850  6.83892E-01  6.64694E-01  2.70058E-02
    7721.511    -13.252   0.900  6.55557E-01  6.83265E-01 -3.81368E-02
    7721.864    -12.900   0.950  6.11630E-01  7.01034E-01 -1.20414E-01
    7722.235    -12.528   1.000  5.63200E-01  7.18804E-01 -2.05173E-01
    7722.626    -12.138   1.050  5.10781E-01  7.35762E-01 -2.90607E-01
    7723.035    -11.728   1.100  4.65806E-01  7.52720E-01 -3.63205E-01
    7723.464    -11.299   1.150  4.32553E-01  7.68720E-01 -4.17529E-01
    7723.912    -10.852   1.200  4.17982E-01  7.84720E-01 -4.47066E-01
    7724.378    -10.385   1.250  4.24860E-01  7.99564E-01 -4.48978E-01
    7724.864     -9.899   1.300  4.53514E-01  8.14407E-01 -4.25170E-01
    7725.369     -9.394   1.350  5.01765E-01  8.27921E-01 -3.78471E-01
    7725.893     -8.871   1.400  5.65141E-01  8.41435E-01 -3.15864E-01
    7726.436     -8.328   1.450  6.37704E-01  8.53444E-01 -2.43452E-01
    7726.998     -7.766   1.500  7.13878E-01  8.65453E-01 -1.68864E-01
    7727.579     -7.185   1.550  7.87523E-01  8.75868E-01 -9.73637E-02
    7728.179     -6.585   1.600  8.54944E-01  8.86282E-01 -3.41709E-02
    7728.798     -5.965   1.650  9.12242E-01  8.95041E-01  1.85933E-02
    7729.436     -5.327   1.700  9.58946E-01  9.03800E-01  5.91015E-02
    7730.093     -4.670   1.750  9.93645E-01  9.10918E-01  8.80735E-02
    7730.770     -3.994   1.800  1.01869E+00  9.18036E-01  1.06452E-01
    7731.465     -3.298   1.850  1.03390E+00  9.23560E-01  1.16146E-01
    7732.179     -2.584   1.900  1.04282E+00  9.29084E-01  1.19161E-01
    7732.913     -1.851   1.950  1.04539E+00  9.33057E-01  1.17322E-01
    7733.665     -1.098   2.000  1.04497E+00  9.37030E-01  1.12387E-01
    7734.437     -0.327   2.050  1.04069E+00  9.38976E-01  1.05819E-01
    7735.227      0.464   2.100  1.03384E+00  9.40922E-01  9.65928E-02
    7736.037      1.274   2.150  1.02426E+00  9.42867E-01  8.45356E-02
    7736.866      2.102   2.200  1.01182E+00  9.44813E-01  6.95357E-02
    7737.713      2.950   2.250  9.95958E-01  9.45265E-01  5.27169E-02
    7738.580      3.817   2.300  9.78624E-01  9.45716E-01  3.42926E-02
    7739.466      4.703   2.350  9.60861E-01  9.46167E-01  1.53436E-02
    7740.371      5.607   2.400  9.44151E-01  9.46618E-01 -2.58170E-03
    7741.295      6.531   2.450  9.33908E-01  9.50779E-01 -1.76390E-02
    7742.238      7.474   2.500  9.26774E-01  9.54939E-01 -2.94251E-02
    7743.200      8.436   2.550  9.23546E-01  9.59100E-01 -3.71146E-02
    7744.181      9.417   2.600  9.24450E-01  9.63260E-01 -4.04821E-02
    7745.181     10.418   2.650  9.25674E-01  9.65665E-01 -4.16288E-02
    7746.200     11.437   2.700  9.30506E-01  9.68069E-01 -3.90228E-02
    7747.238     12.475   2.750  9.38230E-01  9.70474E-01 -3.34288E-02
    7748.296     13.532   2.800  9.48056E-01  9.72878E-01 -2.56827E-02
    7749.372     14.608   2.850  9.56633E-01  9.74379E-01 -1.83198E-02
    7750.467     15.704   2.900  9.66006E-01  9.75879E-01 -1.01701E-02
    7751.582     16.818   2.950  9.75732E-01  9.77380E-01 -1.69363E-03
    7752.715     17.952   3.000  9.85385E-01  9.78881E-01  6.67060E-03
    7753.868     19.104   3.050  9.92712E-01  9.80239E-01  1.27648E-02
    7755.039     20.276   3.100  9.99669E-01  9.81597E-01  1.84561E-02
    7756.230     21.466   3.150  1.00624E+00  9.82955E-01  2.37330E-02
    7757.440     22.676   3.200  1.01229E+00  9.84313E-01  2.84585E-02
    7758.668     23.905   3.250  1.01642E+00  9.85039E-01  3.18464E-02
    7759.916     25.153   3.300  1.02004E+00  9.85766E-01  3.47041E-02
    7761.183     26.419   3.350  1.02271E+00  9.86492E-01  3.65954E-02
    7762.469     27.705   3.400  1.02400E+00  9.87219E-01  3.70919E-02
    7763.774     29.010   3.450  1.02450E+00  9.88336E-01  3.63974E-02
    7765.098     30.334   3.500  1.02332E+00  9.89452E-01  3.40260E-02
    7766.441     31.677   3.550  1.02033E+00  9.90569E-01  2.98439E-02
    7767.803     33.039   3.600  1.01564E+00  9.91686E-01  2.39776E-02
    7769.184     34.420   3.650  1.00925E+00  9.92464E-01  1.67650E-02
    7770.584     35.821   3.700  1.00202E+00  9.93243E-01  8.75395E-03
    7772.003     37.240   3.750  9.94588E-01  9.94021E-01  5.64378E-04
    7773.442     38.678   3.800  9.87579E-01  9.94799E-01 -7.16763E-03
    7774.899     40.135   3.850  9.81856E-01  9.96073E-01 -1.40847E-02
    7776.375     41.612   3.900  9.77472E-01  9.97346E-01 -1.96517E-02
    7777.871     43.107   3.950  9.74565E-01  9.98619E-01 -2.37404E-02
    7779.385     44.622   4.000  9.73056E-01  9.99892E-01 -2.64351E-02
    7780.919     46.155   4.050  9.72501E-01  1.00098E+00 -2.80043E-02
    7782.471     47.708   4.100  9.72805E-01  1.00207E+00 -2.87249E-02
    7784.043     49.279   4.150  9.73637E-01  1.00317E+00 -2.89251E-02
    7785.634     50.870   4.200  9.74736E-01  1.00426E+00 -2.88640E-02
    7787.243     52.480   4.250  9.76344E-01  1.00539E+00 -2.83537E-02
    7788.872     54.109   4.300  9.78239E-01  1.00652E+00 -2.75657E-02
    7790.520     55.756   4.350  9.80547E-01  1.00765E+00 -2.63785E-02
    7792.187     57.423   4.400  9.83465E-01  1.00879E+00 -2.46027E-02
    7793.873     59.109   4.450  9.87428E-01  1.00981E+00 -2.17223E-02
    7795.578     60.814   4.500  9.92281E-01  1.01084E+00 -1.79865E-02
    7797.302     62.538   4.550  9.98006E-01  1.01186E+00 -1.34146E-02
    7799.045     64.281   4.600  1.00447E+00  1.01289E+00 -8.13738E-03
    7800.807     66.043   4.650  1.01095E+00  1.01348E+00 -2.44119E-03
    7802.588     67.824   4.700  1.01745E+00  1.01407E+00  3.26620E-03
    7804.388     69.625   4.750  1.02366E+00  1.01466E+00  8.68517E-03
    7806.207     71.444   4.800  1.02931E+00  1.01525E+00  1.35600E-02
    7808.046     73.282   4.850  1.03382E+00  1.01554E+00  1.76245E-02
    7809.903     75.140   4.900  1.03745E+00  1.01583E+00  2.08411E-02
    7811.780     77.016   4.950  1.04025E+00  1.01613E+00  2.32532E-02
    7813.675     78.912   5.000  1.04232E+00  1.01642E+00  2.49626E-02
    7815.590     80.826   5.050  1.04323E+00  1.01629E+00  2.59721E-02
    7817.523     82.760   5.100  1.04364E+00  1.01616E+00  2.65030E-02
    7819.476     84.712   5.150  1.04359E+00  1.01604E+00  2.65850E-02
    7821.447     86.684   5.200  1.04301E+00  1.01591E+00  2.61574E-02
    7823.438     88.675   5.250  1.04125E+00  1.01539E+00  2.49701E-02
    7825.448     90.684   5.300  1.03863E+00  1.01488E+00  2.29599E-02
    7827.477     92.713   5.350  1.03499E+00  1.01436E+00  1.99563E-02
    7829.525     94.761   5.400  1.03023E+00  1.01384E+00  1.58639E-02
    7831.591     96.828   5.450  1.02399E+00  1.01302E+00  1.06387E-02
    7833.677     98.914   5.500  1.01689E+00  1.01219E+00  4.56022E-03
    7835.782    101.019   5.550  1.00929E+00  1.01136E+00 -2.01710E-03
    7837.907    103.143   5.600  1.00167E+00  1.01054E+00 -8.62487E-03
    7840.050    105.286   5.650  9.94351E-01  1.00947E+00 -1.47213E-02
    7842.212    107.448   5.700  9.88091E-01  1.00840E+00 -1.98019E-02
    7844.393    109.629   5.750  9.83247E-01  1.00733E+00 -2.35136E-02
    7846.593    111.830   5.800  9.79985E-01  1.00626E+00 -2.56886E-02
    7848.813    114.049   5.850  9.78306E-01  1.00515E+00 -2.62817E-02
    7851.051    116.287   5.900  9.77934E-01  1.00404E+00 -2.55951E-02
    7853.308    118.545   5.950  9.78484E-01  1.00293E+00 -2.40012E-02
    7855.585    120.821   6.000  9.79536E-01  1.00182E+00 -2.19095E-02
    7857.880    123.117   6.050  9.80771E-01  1.00076E+00 -1.96740E-02
    7860.195    125.431   6.100  9.81894E-01  9.99694E-01 -1.75442E-02
    7862.529    127.765   6.150  9.82893E-01  9.98630E-01 -1.55307E-02
    7864.881    130.118   6.200  9.83945E-01  9.97567E-01 -1.34602E-02
    7867.253    132.489   6.250  9.85353E-01  9.96503E-01 -1.10313E-02
    7869.644    134.880   6.300  9.87460E-01  9.95439E-01 -7.90452E-03
    7872.053    137.290   6.350  9.90536E-01  9.94376E-01 -3.80841E-03
    7874.482    139.719   6.400  9.94685E-01  9.93312E-01  1.36368E-03
    7876.930    142.167   6.450  9.99777E-01  9.92248E-01  7.48675E-03
    7879.397    144.634   6.500  1.00543E+00  9.91184E-01  1.41842E-02
    7881.883    147.120   6.550  1.01143E+00  9.90406E-01  2.09498E-02
    7884.388    149.625   6.600  1.01665E+00  9.89627E-01  2.69608E-02
    7886.912    152.149   6.650  1.02033E+00  9.88849E-01  3.14336E-02
    7889.456    154.692   6.700  1.02180E+00  9.88070E-01  3.37104E-02
    7892.018    157.254   6.750  1.02066E+00  9.87291E-01  3.33816E-02
    7894.599    159.836   6.800  1.01683E+00  9.86513E-01  3.03663E-02
    7897.199    162.436   6.850  1.01061E+00  9.85734E-01  2.49352E-02
    7899.819    165.055   6.900  1.00257E+00  9.84955E-01  1.76730E-02
    7902.457    167.694   6.950  9.93522E-01  9.84177E-01  9.38581E-03
    7905.115    170.351   7.000  9.84367E-01  9.83398E-01  9.74657E-04
    7907.791    173.028   7.050  9.76093E-01  9.82759E-01 -6.70772E-03
    7910.487    175.723   7.100  9.69219E-01  9.82120E-01 -1.29939E-02
    7913.201    178.438   7.150  9.64168E-01  9.81481E-01 -1.74541E-02
    7915.935    181.171   7.200  9.61059E-01  9.80842E-01 -1.99631E-02
    7918.688    183.924   7.250  9.59728E-01  9.80203E-01 -2.06810E-02
    7921.459    186.696   7.300  9.59797E-01  9.79565E-01 -1.99845E-02
    7924.250    189.487   7.350  9.60777E-01  9.78926E-01 -1.83650E-02
    7927.060    192.297   7.400  9.62177E-01  9.78287E-01 -1.63170E-02
    7929.889    195.126   7.450  9.63602E-01  9.77648E-01 -1.42399E-02
    7932.737    197.974   7.500  9.64817E-01  9.77009E-01 -1.23719E-02
    7935.604    200.841   7.550  9.65447E-01  9.76159E-01 -1.08836E-02
    7938.490    203.727   7.600  9.65932E-01  9.75309E-01 -9.53924E-03
    7941.395    206.632   7.650  9.66513E-01  9.74458E-01 -8.09444E-03
    7944.319    209.556   7.700  9.67456E-01  9.73608E-01 -6.27533E-03
    7947.263    212.499   7.750  9.68973E-01  9.72758E-01 -3.86615E-03
    7950.225    215.461   7.800  9.71144E-01  9.71908E-01 -7.80861E-04
    7953.206    218.443   7.850  9.73887E-01  9.71058E-01  2.89713E-03
    7956.207    221.443   7.900  9.76950E-01  9.70208E-01  6.91452E-03
    7959.226    224.462   7.950  9.79959E-01  9.69357E-01  1.08862E-02
    7962.264    227.501   8.000  9.82476E-01  9.68507E-01  1.43626E-02
    7965.322    230.558   8.050  9.83929E-01  9.67393E-01  1.70289E-02
    7968.398    233.635   8.100  9.84162E-01  9.66278E-01  1.84454E-02
    7971.494    236.731   8.150  9.82980E-01  9.65163E-01  1.84040E-02
    7974.609    239.845   8.200  9.80368E-01  9.64048E-01  1.68836E-02
    7977.742    242.979   8.250  9.76495E-01  9.62934E-01  1.40520E-02
    7980.895    246.132   8.300  9.71682E-01  9.61819E-01  1.02356E-02
    7984.067    249.304   8.350  9.66345E-01  9.60704E-01  5.86336E-03
    7987.258    252.494   8.400  9.60933E-01  9.59590E-01  1.39828E-03
    7990.468    255.704   8.450  9.55856E-01  9.58475E-01 -2.73058E-03
    7993.697    258.933   8.500  9.51439E-01  9.57360E-01 -6.18362E-03
    7996.945    262.181   8.550  9.47733E-01  9.56158E-01 -8.80976E-03
    8000.212    265.448   8.600  9.44931E-01  9.54955E-01 -1.04973E-02
    8003.498    268.734   8.650  9.43015E-01  9.53752E-01 -1.12615E-02
    8006.803    272.040   8.700  9.41879E-01  9.52550E-01 -1.12075E-02
    8010.127    275.364   8.750  9.41369E-01  9.51347E-01 -1.04954E-02
    8013.471    278.707   8.800  9.41312E-01  9.50145E-01 -9.30374E-03
    8016.833    282.069   8.850  9.41547E-01  9.48942E-01 -7.80045E-03
    8020.214    285.451   8.900  9.41942E-01  9.47740E-01 -6.12392E-03
    8023.615    288.851   8.950  9.42399E-01  9.46537E-01 -4.37732E-03
    8027.034    292.271   9.000  9.42849E-01  9.45335E-01 -2.63328E-03
    8030.473    295.709   9.050  9.43339E-01  9.44249E-01 -9.64955E-04
    8033.930    299.167   9.100  9.43750E-01  9.43164E-01  6.22172E-04
    8037.407    302.643   9.150  9.44032E-01  9.42078E-01  2.07653E-03
    8040.902    306.139   9.200  9.44133E-01  9.40993E-01  3.33985E-03
    8044.417    309.654   9.250  9.43992E-01  9.39907E-01  4.34999E-03
    8047.951    313.187   9.300  9.43559E-01  9.38822E-01  5.04919E-03
    8051.504    316.740   9.350  9.42793E-01  9.37736E-01  5.39545E-03
    8055.076    320.312   9.400  9.41681E-01  9.36651E-01  5.37338E-03
    8058.667    323.903   9.450  9.40243E-01  9.35565E-01  5.00151E-03
    8062.276    327.513   9.500  9.38528E-01  9.34480E-01  4.33333E-03
    8065.905    331.142   9.550  9.36843E-01  9.33577E-01  3.49917E-03
    8069.554    334.790   9.600  9.35050E-01  9.32674E-01  2.54767E-03
    8073.221    338.457   9.650  9.33239E-01  9.31771E-01  1.57495E-03
    8076.907    342.143   9.700  9.31487E-01  9.30868E-01  6.65305E-04
    8080.612    345.849   9.750  9.29853E-01  9.29965E-01 -1.19862E-04
    8084.336    349.573   9.800  9.28366E-01  9.29061E-01 -7.47621E-04
    8088.080    353.316   9.850  9.27032E-01  9.28158E-01 -1.21295E-03
    8091.842    357.078   9.900  9.25833E-01  9.27255E-01 -1.53257E-03
    8095.623    360.860   9.950  9.24743E-01  9.26352E-01 -1.73509E-03
    8099.424    364.660  10.000  9.23735E-01  9.25449E-01 -1.85020E-03
    8103.243    368.480  10.050  9.22616E-01  9.24399E-01 -1.92604E-03
    8107.082    372.318  10.100  9.21538E-01  9.23348E-01 -1.95731E-03
    8110.939    376.176  10.150  9.20507E-01  9.22297E-01 -1.93813E-03
    8114.816    380.053  10.200  9.19537E-01  9.21247E-01 -1.85263E-03
    8118.712    383.948  10.250  9.18646E-01  9.20196E-01 -1.68198E-03
    8122.627    387.863  10.300  9.17845E-01  9.19146E-01 -1.41282E-03
    8126.560    391.797  10.350  9.17134E-01  9.18095E-01 -1.04500E-03
    8130.513    395.750  10.400  9.16496E-01  9.17044E-01 -5.96463E-04
    8134.485    399.722  10.450  9.15899E-01  9.15994E-01 -1.03803E-04
    8138.476    403.713  10.500  9.15293E-01  9.14943E-01  3.81861E-04
    8142.486    407.723  10.550  9.14628E-01  9.13893E-01  8.03044E-04
    8146.515    411.752  10.600  9.13854E-01  9.12842E-01  1.10640E-03
    8150.563    415.800  10.650  9.12937E-01  9.11791E-01  1.25328E-03
    8154.630    419.867  10.700  9.11862E-01  9.10741E-01  1.22808E-03
    8158.717    423.953  10.750  9.10641E-01  9.09690E-01  1.04225E-03
    8162.822    428.058  10.800  9.09307E-01  9.08640E-01  7.33138E-04
    8166.946    432.183  10.850  9.07914E-01  9.07589E-01  3.57693E-04
    8171.090    436.326  10.900  9.06522E-01  9.06538E-01 -1.78541E-05
    8175.252    440.489  10.950  9.05188E-01  9.05488E-01 -3.30118E-04
    8179.433    444.670  11.000  9.03956E-01  9.04437E-01 -5.30092E-04
    8183.634    448.870  11.050  9.02624E-01  9.03149E-01 -5.79479E-04
    8187.854    453.090  11.100  9.01407E-01  9.01860E-01 -5.01556E-04
    8192.092    457.329  11.150  9.00285E-01  9.00572E-01 -3.17048E-04
    8196.350    461.586  11.200  8.99226E-01  8.99283E-01 -6.37069E-05
    8200.627    465.863  11.250  8.98185E-01  8.97995E-01  2.11253E-04
    8204.922    470.159  11.300  8.97120E-01  8.96706E-01  4.60016E-04
    8209.237    474.474  11.350  8.95995E-01  8.95418E-01  6.42585E-04
    8213.571    478.807  11.400  8.94786E-01  8.94129E-01  7.33174E-04
    8217.924    483.160  11.450  8.93488E-01  8.92840E-01  7.23488E-04
    8222.296    487.532  11.500  8.92109E-01  8.91552E-01  6.22479E-04
    8226.687    491.923  11.550  8.90668E-01  8.90263E-01  4.52901E-04
    8231.097    496.333  11.600  8.89194E-01  8.88975E-01  2.45612E-04
    8235.526    500.762  11.650  8.87716E-01  8.87686E-01  3.29426E-05
    8239.974    505.211  11.700  8.86258E-01  8.86398E-01 -1.57433E-04
    8244.441    509.678  11.750  8.84837E-01  8.85109E-01 -3.06928E-04
    8248.928    514.164  11.800  8.83459E-01  8.83821E-01 -4.08029E-04
    8253.433    518.669  11.850  8.82122E-01  8.82532E-01 -4.63661E-04
    8257.957    523.194  11.900  8.80816E-01  8.81244E-01 -4.84353E-04
    8262.501    527.737  11.950  8.79528E-01  8.79955E-01 -4.84070E-04
    8267.063    532.300  12.000  8.78247E-01  8.78667E-01 -4.75803E-04
    8271.645    536.881  12.050  8.77023E-01  8.77444E-01 -4.78881E-04
    8276.245    541.482  12.100  8.75805E-01  8.76222E-01 -4.74772E-04
    8280.865    546.101  12.150  8.74597E-01  8.75000E-01 -4.58574E-04
    8285.503    550.740  12.200  8.73407E-01  8.73777E-01 -4.22564E-04
    8290.161    555.398  12.250  8.72241E-01  8.72555E-01 -3.58793E-04
    8294.838    560.074  12.300  8.71104E-01  8.71333E-01 -2.61927E-04
    8299.534    564.770  12.350  8.69996E-01  8.70111E-01 -1.31609E-04
    8304.249    569.485  12.400  8.68911E-01  8.68888E-01  2.62421E-05
    8308.982    574.219  12.450  8.67840E-01  8.67666E-01  1.99533E-04
    8313.735    578.972  12.500  8.66767E-01  8.66444E-01  3.71495E-04
    8318.507    583.744  12.550  8.65676E-01  8.65221E-01  5.23284E-04
    8323.298    588.535  12.600  8.64551E-01  8.63999E-01  6.37129E-04
    8328.109    593.345  12.650  8.63382E-01  8.62777E-01  6.99379E-04
    8332.938    598.174  12.700  8.62162E-01  8.61554E-01  7.02827E-04
    8337.786    603.022  12.750  8.60891E-01  8.60332E-01  6.47865E-04
    8342.653    607.890  12.800  8.59577E-01  8.59110E-01  5.42276E-04
    8347.540    612.776  12.850  8.58232E-01  8.57888E-01  3.99759E-04
    8352.445    617.681  12.900  8.56869E-01  8.56665E-01  2.37529E-04
    8357.369    622.606  12.950  8.55506E-01  8.55443E-01  7.35058E-05
    8362.313    627.549  13.000  8.54155E-01  8.54221E-01 -7.63519E-05
    8367.275    632.512  13.050  8.52704E-01  8.52881E-01 -2.06672E-04
    8372.257    637.493  13.100  8.51275E-01  8.51541E-01 -3.10692E-04
    8377.257    642.494  13.150  8.49873E-01  8.50201E-01 -3.85134E-04
    8382.277    647.514  13.200  8.48495E-01  8.48861E-01 -4.30246E-04
    8387.316    652.552  13.250  8.47140E-01  8.47521E-01 -4.48655E-04
    8392.373    657.610  13.300  8.45805E-01  8.46182E-01 -4.44059E-04
    8397.450    662.687  13.350  8.44486E-01  8.44842E-01 -4.20087E-04
    8402.546    667.783  13.400  8.43181E-01  8.43502E-01 -3.79585E-04
    8407.661    672.898  13.450  8.41888E-01  8.42162E-01 -3.24456E-04
    8412.795    678.032  13.500  8.40606E-01  8.40822E-01 -2.56001E-04
    8417.948    683.185  13.550  8.39335E-01  8.39482E-01 -1.75609E-04
    8423.120    688.357  13.600  8.38071E-01  8.38143E-01 -8.55412E-05
    8428.311    693.548  13.650  8.36812E-01  8.36803E-01  1.04694E-05
    8433.521    698.758  13.700  8.35553E-01  8.35463E-01  1.07003E-04
    8438.751    703.987  13.750  8.34288E-01  8.34123E-01  1.97238E-04
    8443.999    709.235  13.800  8.33012E-01  8.32783E-01  2.73714E-04
    8449.266    714.503  13.850  8.31718E-01  8.31444E-01  3.29417E-04
    8454.552    719.789  13.900  8.30403E-01  8.30104E-01  3.58965E-04
    8459.858    725.094  13.950  8.29063E-01  8.28764E-01  3.59615E-04
    8465.182    730.419  14.000  8.27699E-01  8.27424E-01  3.31875E-04
    8470.526    735.762  14.050  8.26266E-01  8.26028E-01  2.87224E-04
    8475.888    741.125  14.100  8.24815E-01  8.24632E-01  2.21177E-04
    8481.270    746.506  14.150  8.23353E-01  8.23236E-01  1.40991E-04
    8486.671    751.907  14.200  8.21886E-01  8.21841E-01  5.51866E-05
    8492.090    757.327  14.250  8.20422E-01  8.20445E-01 -2.76847E-05
    8497.529    762.766  14.300  8.18966E-01  8.19049E-01 -1.00205E-04
    8502.987    768.223  14.350  8.17524E-01  8.17653E-01 -1.56976E-04
    8508.464    773.700  14.400  8.16097E-01  8.16257E-01 -1.95098E-04
    8513.960    779.196  14.450  8.14686E-01  8.14861E-01 -2.14186E-04
    8519.475    784.711  14.500  8.13289E-01  8.13465E-01 -2.15974E-04
    8525.009    790.245  14.550  8.11904E-01  8.12069E-01 -2.03636E-04
    8530.562    795.798  14.600  8.10526E-01  8.10674E-01 -1.80994E-04
    8536.134    801.370  14.650  8.09154E-01  8.09278E-01 -1.51788E-04
    8541.725    806.961  14.700  8.07785E-01  8.07882E-01 -1.19143E-04
    8547.335    812.572  14.750  8.06417E-01  8.06486E-01 -8.53179E-05
    8552.964    818.201  14.800  8.05048E-01  8.05090E-01 -5.17396E-05
    8558.613    823.849  14.850  8.03679E-01  8.03694E-01 -1.92452E-05
    8564.280    829.516  14.900  8.02308E-01  8.02298E-01  1.15635E-05
    8569.966    835.203  14.950  8.00935E-01  8.00902E-01  3.99889E-05
    8575.672    840.908  15.000  7.99559E-01  7.99507E-01  6.50316E-05
    8581.396    846.633  15.050  7.98204E-01  7.98133E-01  8.83065E-05
    8587.140    852.376  15.100  7.96845E-01  7.96759E-01  1.06986E-04
    8592.902    858.139  15.150  7.95481E-01  7.95386E-01  1.19195E-04
    8598.684    863.921  15.200  7.94110E-01  7.94012E-01  1.23294E-04
    8604.485    869.721  15.250  7.92733E-01  7.92639E-01  1.18276E-04
    8610.305    875.541  15.300  7.91348E-01  7.91265E-01  1.04078E-04
    8616.143    881.380  15.350  7.89956E-01  7.89891E-01  8.17371E-05
    8622.001    887.238  15.400  7.88560E-01  7.88518E-01  5.33469E-05
    8627.878    893.115  15.450  7.87161E-01  7.87144E-01  2.18075E-05
    8633.774    899.011  15.500  7.85763E-01  7.85771E-01 -9.57869E-06
    8639.689    904.926  15.550  7.84367E-01  7.84397E-01 -3.75932E-05
    8645.623    910.860  15.600  7.82977E-01  7.83023E-01 -5.95710E-05
    8651.576    916.813  15.650  7.81592E-01  7.81650E-01 -7.37663E-05
    8657.548    922.785  15.700  7.80214E-01  7.80276E-01 -7.95480E-05
    8663.540    928.776  15.750  7.78842E-01  7.78903E-01 -7.73965E-05
    8669.550    934.786  15.800  7.77475E-01  7.77529E-01 -6.87163E-05
    8675.579    940.816  15.850  7.76112E-01  7.76155E-01 -5.55132E-05
    8681.627    946.864  15.900  7.74751E-01  7.74782E-01 -4.00100E-05
    8687.695    952.931  15.950  7.73389E-01  7.73408E-01 -2.42794E-05
    8693.781    959.018  16.000  7.72027E-01  7.72035E-01 -9.96303E-06
    8699.887    965.123  16.050  7.70581E-01  7.70580E-01  1.69782E-06
    8706.011    971.248  16.100  7.69133E-01  7.69125E-01  1.10797E-05
    8712.155    977.391  16.150  7.67683E-01  7.67670E-01  1.80571E-05
    8718.318    983.554  16.200  7.66232E-01  7.66215E-01  2.28431E-05
    8724.499    989.736  16.250  7.64779E-01  7.64759E-01  2.58269E-05
    8730.700    995.937  16.300  7.63325E-01  7.63304E-01  2.74104E-05
    8736.920   1002.156  16.350  7.61871E-01  7.61849E-01  2.78834E-05
    8743.159   1008.395  16.400  7.60415E-01  7.60394E-01  2.73625E-05
    8749.417   1014.653  16.450  7.58959E-01  7.58939E-01  2.58030E-05
    8755.694   1020.930  16.500  7.57502E-01  7.57484E-01  2.30715E-05
    8761.990   1027.226  16.550  7.56044E-01  7.56029E-01  1.90525E-05
    8768.305   1033.541  16.600  7.54585E-01  7.54574E-01  1.37569E-05
    8774.639   1039.875  16.650  7.53125E-01  7.53119E-01  7.39993E-06
    8780.992   1046.228  16.700  7.51665E-01  7.51664E-01  4.24636E-07
    8787.364   1052.601  16.750  7.50204E-01  7.50209E-01 -6.53688E-06
    8793.755   1058.992  16.800  7.48745E-01  7.48754E-01 -1.27566E-05
    8800.166   1065.402  16.850  7.47286E-01  7.47299E-01 -1.75373E-05
    8806.595   1071.831  16.900  7.45829E-01  7.45844E-01 -2.03427E-05
    8813.043   1078.280  16.950  7.44373E-01  7.44389E-01 -2.09010E-05
    8819.511   1084.747  17.000  7.42920E-01  7.42934E-01 -1.92589E-05
    8825.997   1091.234  17.050  7.41497E-01  7.41509E-01 -1.63945E-05
    8832.503   1097.739  17.100  7.40074E-01  7.40083E-01 -1.20462E-05
    8839.027   1104.264  17.150  7.38653E-01  7.38658E-01 -6.79895E-06
    8845.571   1110.808  17.200  7.37232E-01  7.37233E-01 -1.32649E-06
    8852.134   1117.370  17.250  7.35810E-01  7.35807E-01  3.71598E-06
    8858.716   1123.952  17.300  7.34388E-01  7.34382E-01  7.79078E-06
    8865.316   1130.553  17.350  7.32964E-01  7.32957E-01  1.05489E-05
    8871.936   1137.173  17.400  7.31540E-01  7.31531E-01  1.18625E-05
    8878.575   1143.812  17.450  7.30115E-01  7.30106E-01  1.18157E-05
    8885.233   1150.470  17.500  7.28688E-01  7.28681E-01  1.06597E-05
    8891.910   1157.147  17.550  7.27262E-01  7.27255E-01  8.74449E-06
    8898.606   1163.843  17.600  7.25835E-01  7.25830E-01  6.44362E-06
    8905.321   1170.558  17.650  7.24408E-01  7.24405E-01  4.08824E-06
    8912.055   1177.292  17.700  7.22981E-01  7.22979E-01  1.92188E-06
    8918.809   1184.045  17.750  7.21554E-01  7.21554E-01  8.26774E-08
    8925.581   1190.817  17.800  7.20128E-01  7.20129E-01 -1.38790E-06
    8932.372   1197.609  17.850  7.18702E-01  7.18703E-01 -2.51675E-06
    8939.182   1204.419  17.900  7.17276E-01  7.17278E-01 -3.36171E-06
    8946.012   1211.248  17.950  7.15850E-01  7.15853E-01 -3.97655E-06
    8952.860   1218.097  18.000  7.14424E-01  7.14427E-01 -4.38761E-06
    8959.728   1224.964  18.050  7.12977E-01  7.12981E-01 -4.73641E-06
    8966.614   1231.851  18.100  7.11530E-01  7.11534E-01 -4.87090E-06
    8973.520   1238.756  18.150  7.10084E-01  7.10087E-01 -4.73105E-06
    8980.445   1245.681  18.200  7.08637E-01  7.08640E-01 -4.26188E-06
    8987.388   1252.625  18.250  7.07191E-01  7.07193E-01 -3.43711E-06
    8994.351   1259.587  18.300  7.05745E-01  7.05746E-01 -2.27807E-06
    9001.333   1266.569  18.350  7.04299E-01  7.04299E-01 -8.62470E-07
    9008.334   1273.570  18.400  7.02853E-01  7.02853E-01  6.79816E-07
    9015.354   1280.590  18.450  7.01407E-01  7.01406E-01  2.18361E-06
    9022.392   1287.629  18.500  6.99961E-01  6.99959E-01  3.47455E-06
    9029.450   1294.687  18.550  6.98515E-01  6.98512E-01  4.39889E-06
    9036.528   1301.764  18.600  6.97069E-01  6.97065E-01  4.85053E-06
    9043.624   1308.860  18.650  6.95622E-01  6.95618E-01  4.78950E-06
    9050.739   1315.975  18.700  6.94174E-01  6.94171E-01  4.24816E-06
    9057.873   1323.109  18.750  6.92727E-01  6.92725E-01  3.32388E-06
    9065.026   1330.263  18.800  6.91279E-01  6.91278E-01  2.16024E-06
    9072.198   1337.435  18.850  6.89832E-01  6.89831E-01  9.20976E-07
    9079.390   1344.626  18.900  6.88384E-01  6.88384E-01 -2.37920E-07
    9086.600   1351.837  18.950  6.86936E-01  6.86937E-01 -1.19209E-06
    9093.830   1359.066  19.000  6.85489E-01  6.85490E-01 -1.86452E-06
    9101.078   1366.315  19.050  6.84046E-01  6.84048E-01 -2.34940E-06
    9108.346   1373.582  19.100  6.82604E-01  6.82605E-01 -2.56916E-06
    9115.632   1380.869  19.150  6.81161E-01  6.81163E-01 -2.54596E-06
    9122.938   1388.174  19.200  6.79719E-01  6.79721E-01 -2.32686E-06
    9130.263   1395.499  19.250  6.78277E-01  6.78278E-01 -1.97135E-06
    9137.606   1402.843  19.300  6.76835E-01  6.76836E-01 -1.53904E-06
    9144.969   1410.206  19.350  6.75392E-01  6.75393E-01 -1.08011E-06
    9152.351   1417.588  19.400  6.73950E-01  6.73951E-01 -6.29922E-07
    9159.752   1424.988  19.450  6.72508E-01  6.72508E-01 -2.08533E-07
    9167.172   1432.408  19.500  6.71066E-01  6.71066E-01  1.75987E-07
    9174.611   1439.847  19.550  6.69624E-01  6.69623E-01  5.21801E-07
    9182.069   1447.305  19.600  6.68182E-01  6.68181E-01  8.27259E-07
    9189.546   1454.783  19.650  6.66739E-01  6.66739E-01  1.08639E-06
    9197.042   1462.279  19.700  6.65297E-01  6.65296E-01  1.28726E-06
    9204.557   1469.794  19.750  6.63855E-01  6.63854E-01  1.41350E-06
    9212.092   1477.328  19.800  6.62412E-01  6.62411E-01  1.44847E-06
    9219.645   1484.881  19.850  6.60970E-01  6.60969E-01  1.38084E-06
    9227.217   1492.454  19.900  6.59527E-01  6.59526E-01  1.20970E-06
    9234.809   1500.045  19.950  6.58084E-01  6.58084E-01  9.47827E-07
    9242.419   1507.656  20.000  6.56642E-01  6.56641E-01  6.21854E-07
