# # Once                                                         FEFF 9.6.4  
# # POT  SCF 100  4.9750   0, core-hole, AFOLP (folp(0)= 1.150)
# # Abs   Z=27 Rmt= 1.355 Rnm= 1.409 K  shell
# # Pot 1 Z=62 Rmt= 1.682 Rnm= 1.728
# # Pot 2 Z=27 Rmt= 1.369 Rnm= 1.427
# # Gam_ch=1.436E+00 H-L exch Vi= 0.000E+00 Vr= 0.000E+00
# # Mu=-1.651E+01 kf=1.991E+00 Vint=-2.430E+01 Rs_int= 1.821
# # PATH  Rmax= 7.960,  Keep_limit= 0.00, Heap_limit 0.00  Pwcrit= 2.50%
#  S02=0.900  Temp= 290.00  Debye_temp= 275.00  Global_sig2= 0.00000
#  Energy zero shift, vr, vi    0.00000E+00   0.00000E+00
#  Curved wave amplitude ratio filter   4.000%
#     file         sig2 tot  cw amp ratio   deg  nlegs   reff  inp sig2
#           1       0.01095    100.00      6.00     2   2.4399
#           2       0.00941     50.99      3.00     2   2.8734
#           3       0.01287     23.89      2.00     2   2.8734
#           4       0.01287     11.95      1.00     2   2.8735
#           5       0.01241      8.27     12.00     3   3.6842
#           6       0.01525     11.63      2.00     2   3.9442
#           7       0.01548     56.84     12.00     2   4.2823
#           8       0.01494      7.65     12.00     3   4.4120
#           9       0.01528     15.56     24.00     3   4.6054
#          10       0.01554     14.99     12.00     3   4.7717
#          11       0.01546      5.70     16.00     3   4.7979
#          12       0.01546     10.25     24.00     3   4.7979
#          13       0.01117     32.96      6.00     2   4.8799
#          14       0.01567     20.22      6.00     2   4.8799
#          15       0.01567     47.94     12.00     3   4.8799
#          17       0.04379      5.47      6.00     4   4.8799
#          18       0.01567     39.66      6.00     4   4.8799
#          19       0.01569     19.18      6.00     2   4.9770
#          21       0.01147      5.08      8.00     3   5.0267
#          22       0.01421     12.63     24.00     3   5.1655
#          23       0.01161     15.23     24.00     3   5.2475
#          25       0.01503      9.49      8.00     3   5.3620
#          26       0.01589     28.57     12.00     2   5.5429
#          27       0.01137      7.22      2.00     2   5.7469
#          28       0.01600      6.45      3.00     2   5.7470
#          29       0.01137      6.48      4.00     3   5.7469
#          31       0.01600     31.38      6.00     3   5.7469
#          32       0.01137     12.70      4.00     3   5.7469
#          35       0.01600     37.59      3.00     4   5.7469
#          36       0.01137      8.67      2.00     4   5.7469
#          37       0.01551     31.54     24.00     3   5.7957
#          38       0.01035      5.90     12.00     3   5.8487
#          39       0.01704      8.55     12.00     4   6.0487
#          40       0.01632      5.57     12.00     3   6.2362
#          41       0.01638      4.49     24.00     3   6.2824
#          42       0.01653      8.39     24.00     3   6.5363
#          45       0.01664      6.95     24.00     4   6.8648
#          46       0.01212      5.47     24.00     3   6.8691
#          47       0.01218     11.04     24.00     3   7.0144
#          49       0.01694      7.17     24.00     3   7.1760
#          50       0.01694      6.80     24.00     4   7.1760
#          52       0.01731      6.06     24.00     5   7.2117
#    42/  50 paths used
#  xsedge+50, used to normalize mu           2.8880E-04
#  -----------------------------------------------------------------------
#  omega    e    k    mu    mu0     chi     @#
    7718.587    -16.503   0.050  2.76728E-01  3.26398E-01 -8.87281E-02
    7718.616    -16.474   0.100  2.78580E-01  3.31628E-01 -9.45544E-02
    7718.664    -16.427   0.150  2.84865E-01  3.47160E-01 -1.10314E-01
    7718.730    -16.360   0.200  2.92348E-01  3.62692E-01 -1.23762E-01
    7718.816    -16.274   0.250  3.06518E-01  3.86804E-01 -1.39774E-01
    7718.921    -16.169   0.300  3.23907E-01  4.10917E-01 -1.49907E-01
    7719.045    -16.046   0.350  3.49836E-01  4.38832E-01 -1.51182E-01
    7719.187    -15.903   0.400  3.80771E-01  4.66746E-01 -1.44035E-01
    7719.349    -15.741   0.450  4.17639E-01  4.93416E-01 -1.24807E-01
    7719.530    -15.560   0.500  4.58540E-01  5.20087E-01 -9.96857E-02
    7719.730    -15.360   0.550  4.97106E-01  5.43682E-01 -7.39973E-02
    7719.949    -15.141   0.600  5.35375E-01  5.67278E-01 -4.97352E-02
    7720.188    -14.903   0.650  5.62298E-01  5.88328E-01 -3.97432E-02
    7720.445    -14.645   0.700  5.83587E-01  6.09377E-01 -3.85827E-02
    7720.721    -14.369   0.750  5.88292E-01  6.28765E-01 -5.92545E-02
    7721.016    -14.074   0.800  5.85385E-01  6.48153E-01 -8.99727E-02
    7721.330    -13.760   0.850  5.68805E-01  6.66486E-01 -1.37015E-01
    7721.664    -13.426   0.900  5.49751E-01  6.84818E-01 -1.85479E-01
    7722.016    -13.074   0.950  5.28979E-01  7.02321E-01 -2.33054E-01
    7722.388    -12.702   1.000  5.14925E-01  7.19825E-01 -2.69828E-01
    7722.778    -12.312   1.050  5.10682E-01  7.36508E-01 -2.91465E-01
    7723.188    -11.902   1.100  5.16741E-01  7.53192E-01 -2.99221E-01
    7723.616    -11.474   1.150  5.31733E-01  7.68929E-01 -2.94607E-01
    7724.064    -11.026   1.200  5.52026E-01  7.84667E-01 -2.83696E-01
    7724.531    -10.559   1.250  5.72243E-01  7.99293E-01 -2.72241E-01
    7725.017    -10.074   1.300  5.91457E-01  8.13919E-01 -2.62345E-01
    7725.521     -9.569   1.350  6.07534E-01  8.27241E-01 -2.55259E-01
    7726.045     -9.045   1.400  6.23783E-01  8.40562E-01 -2.48184E-01
    7726.588     -8.502   1.450  6.42861E-01  8.52424E-01 -2.36862E-01
    7727.150     -7.940   1.500  6.69327E-01  8.64287E-01 -2.17580E-01
    7727.731     -7.359   1.550  7.05075E-01  8.74602E-01 -1.87178E-01
    7728.331     -6.759   1.600  7.52116E-01  8.84917E-01 -1.45081E-01
    7728.950     -6.140   1.650  8.07507E-01  8.93614E-01 -9.32600E-02
    7729.589     -5.502   1.700  8.68876E-01  9.02312E-01 -3.59044E-02
    7730.246     -4.844   1.750  9.29691E-01  9.09414E-01  2.16286E-02
    7730.922     -4.168   1.800  9.85210E-01  9.16517E-01  7.27901E-02
    7731.617     -3.473   1.850  1.02971E+00  9.22069E-01  1.13512E-01
    7732.332     -2.758   1.900  1.06050E+00  9.27621E-01  1.39452E-01
    7733.065     -2.025   1.950  1.07578E+00  9.31642E-01  1.50790E-01
    7733.818     -1.272   2.000  1.07861E+00  9.35663E-01  1.49067E-01
    7734.589     -0.501   2.050  1.07154E+00  9.37685E-01  1.39455E-01
    7735.380      0.290   2.100  1.05746E+00  9.39707E-01  1.22557E-01
    7736.189      1.099   2.150  1.03971E+00  9.41729E-01  1.01875E-01
    7737.018      1.928   2.200  1.02062E+00  9.43750E-01  7.98477E-02
    7737.866      2.776   2.250  9.97628E-01  9.43663E-01  5.61603E-02
    7738.733      3.642   2.300  9.76429E-01  9.43575E-01  3.42566E-02
    7739.618      4.528   2.350  9.57612E-01  9.43488E-01  1.47555E-02
    7740.523      5.433   2.400  9.41500E-01  9.43400E-01 -1.98930E-03
    7741.447      6.357   2.450  9.34149E-01  9.47985E-01 -1.44731E-02
    7742.390      7.300   2.500  9.28907E-01  9.52570E-01 -2.47339E-02
    7743.352      8.262   2.550  9.26300E-01  9.57154E-01 -3.22296E-02
    7744.333      9.243   2.600  9.26839E-01  9.61739E-01 -3.64303E-02
    7745.333     10.243   2.650  9.26403E-01  9.64325E-01 -3.95026E-02
    7746.353     11.262   2.700  9.29337E-01  9.66910E-01 -3.90586E-02
    7747.391     12.301   2.750  9.35315E-01  9.69496E-01 -3.54583E-02
    7748.448     13.358   2.800  9.43719E-01  9.72082E-01 -2.93622E-02
    7749.524     14.434   2.850  9.50759E-01  9.73664E-01 -2.36578E-02
    7750.620     15.530   2.900  9.58942E-01  9.75246E-01 -1.68023E-02
    7751.734     16.644   2.950  9.67832E-01  9.76829E-01 -9.25041E-03
    7752.868     17.777   3.000  9.77049E-01  9.78411E-01 -1.39650E-03
    7754.020     18.930   3.050  9.84401E-01  9.79826E-01  4.68390E-03
    7755.192     20.102   3.100  9.92180E-01  9.81241E-01  1.11742E-02
    7756.382     21.292   3.150  1.00026E+00  9.82657E-01  1.79436E-02
    7757.592     22.502   3.200  1.00825E+00  9.84072E-01  2.45955E-02
    7758.821     23.731   3.250  1.01458E+00  9.84848E-01  3.01822E-02
    7760.069     24.978   3.300  1.02032E+00  9.85623E-01  3.51382E-02
    7761.335     26.245   3.350  1.02460E+00  9.86398E-01  3.86061E-02
    7762.621     27.531   3.400  1.02683E+00  9.87174E-01  3.99941E-02
    7763.926     28.836   3.450  1.02776E+00  9.88302E-01  3.97112E-02
    7765.250     30.160   3.500  1.02664E+00  9.89431E-01  3.73777E-02
    7766.593     31.503   3.550  1.02375E+00  9.90559E-01  3.32821E-02
    7767.955     32.865   3.600  1.01957E+00  9.91688E-01  2.79115E-02
    7769.336     34.246   3.650  1.01433E+00  9.92473E-01  2.18275E-02
    7770.736     35.646   3.700  1.00877E+00  9.93258E-01  1.54622E-02
    7772.156     37.066   3.750  1.00315E+00  9.94042E-01  9.06083E-03
    7773.594     38.504   3.800  9.97536E-01  9.94827E-01  2.68910E-03
    7775.051     39.961   3.850  9.92131E-01  9.96092E-01 -3.92464E-03
    7776.528     41.437   3.900  9.86510E-01  9.97357E-01 -1.07262E-02
    7778.023     42.933   3.950  9.80741E-01  9.98622E-01 -1.76483E-02
    7779.538     44.447   4.000  9.75123E-01  9.99887E-01 -2.43950E-02
    7781.071     45.981   4.050  9.69838E-01  1.00096E+00 -3.06035E-02
    7782.624     47.533   4.100  9.65946E-01  1.00204E+00 -3.54214E-02
    7784.195     49.105   4.150  9.64061E-01  1.00311E+00 -3.82563E-02
    7785.786     50.696   4.200  9.64501E-01  1.00419E+00 -3.88066E-02
    7787.396     52.305   4.250  9.67560E-01  1.00530E+00 -3.68481E-02
    7789.024     53.934   4.300  9.72483E-01  1.00642E+00 -3.30783E-02
    7790.672     55.582   4.350  9.78341E-01  1.00753E+00 -2.84113E-02
    7792.339     57.249   4.400  9.84121E-01  1.00865E+00 -2.38337E-02
    7794.025     58.935   4.450  9.89344E-01  1.00966E+00 -1.97220E-02
    7795.730     60.640   4.500  9.93320E-01  1.01068E+00 -1.68292E-02
    7797.454     62.364   4.550  9.96270E-01  1.01169E+00 -1.49364E-02
    7799.197     64.107   4.600  9.98965E-01  1.01271E+00 -1.32952E-02
    7800.959     65.869   4.650  1.00205E+00  1.01329E+00 -1.08645E-02
    7802.740     67.650   4.700  1.00667E+00  1.01387E+00 -6.95280E-03
    7804.541     69.450   4.750  1.01337E+00  1.01445E+00 -1.04311E-03
    7806.360     71.270   4.800  1.02206E+00  1.01503E+00  6.77710E-03
    7808.198     73.108   4.850  1.03159E+00  1.01532E+00  1.56975E-02
    7810.056     74.965   4.900  1.04098E+00  1.01560E+00  2.44786E-02
    7811.932     76.842   4.950  1.04885E+00  1.01589E+00  3.17839E-02
    7813.827     78.737   5.000  1.05402E+00  1.01617E+00  3.64892E-02
    7815.742     80.652   5.050  1.05526E+00  1.01605E+00  3.78251E-02
    7817.675     82.585   5.100  1.05325E+00  1.01592E+00  3.60203E-02
    7819.628     84.538   5.150  1.04875E+00  1.01580E+00  3.18046E-02
    7821.600     86.510   5.200  1.04292E+00  1.01567E+00  2.63110E-02
    7823.590     88.500   5.250  1.03651E+00  1.01516E+00  2.06239E-02
    7825.600     90.510   5.300  1.03108E+00  1.01465E+00  1.58873E-02
    7827.629     92.539   5.350  1.02713E+00  1.01414E+00  1.25722E-02
    7829.677     94.587   5.400  1.02455E+00  1.01363E+00  1.05732E-02
    7831.744     96.654   5.450  1.02235E+00  1.01282E+00  9.24394E-03
    7833.830     98.740   5.500  1.02003E+00  1.01200E+00  7.80248E-03
    7835.935    100.845   5.550  1.01677E+00  1.01118E+00  5.43474E-03
    7838.059    102.969   5.600  1.01203E+00  1.01036E+00  1.62451E-03
    7840.202    105.112   5.650  1.00550E+00  1.00930E+00 -3.70217E-03
    7842.364    107.274   5.700  9.97895E-01  1.00824E+00 -1.00892E-02
    7844.545    109.455   5.750  9.89991E-01  1.00718E+00 -1.67860E-02
    7846.746    111.655   5.800  9.82683E-01  1.00612E+00 -2.29165E-02
    7848.965    113.875   5.850  9.76817E-01  1.00501E+00 -2.76067E-02
    7851.203    116.113   5.900  9.72906E-01  1.00390E+00 -3.03925E-02
    7853.461    118.371   5.950  9.71074E-01  1.00279E+00 -3.11448E-02
    7855.737    120.647   6.000  9.71104E-01  1.00168E+00 -3.00687E-02
    7858.033    122.943   6.050  9.72626E-01  1.00062E+00 -2.75640E-02
    7860.347    125.257   6.100  9.74950E-01  9.99564E-01 -2.42627E-02
    7862.681    127.591   6.150  9.77634E-01  9.98503E-01 -2.05977E-02
    7865.034    129.943   6.200  9.80420E-01  9.97443E-01 -1.68231E-02
    7867.405    132.315   6.250  9.83251E-01  9.96382E-01 -1.29937E-02
    7869.796    134.706   6.300  9.86233E-01  9.95322E-01 -9.00526E-03
    7872.206    137.116   6.350  9.89552E-01  9.94261E-01 -4.67182E-03
    7874.635    139.545   6.400  9.93385E-01  9.93201E-01  1.82401E-04
    7877.083    141.992   6.450  9.97811E-01  9.92141E-01  5.63911E-03
    7879.550    144.459   6.500  1.00275E+00  9.91080E-01  1.16243E-02
    7882.036    146.945   6.550  1.00833E+00  9.90298E-01  1.79766E-02
    7884.541    149.451   6.600  1.01373E+00  9.89517E-01  2.41614E-02
    7887.065    151.975   6.650  1.01832E+00  9.88735E-01  2.95494E-02
    7889.608    154.518   6.700  1.02144E+00  9.87953E-01  3.34716E-02
    7892.170    157.080   6.750  1.02248E+00  9.87171E-01  3.53287E-02
    7894.751    159.661   6.800  1.02104E+00  9.86390E-01  3.47010E-02
    7897.352    162.262   6.850  1.01697E+00  9.85608E-01  3.14416E-02
    7899.971    164.881   6.900  1.01047E+00  9.84826E-01  2.57310E-02
    7902.610    167.519   6.950  1.00204E+00  9.84045E-01  1.80793E-02
    7905.267    170.177   7.000  9.92478E-01  9.83263E-01  9.26585E-03
    7907.944    172.853   7.050  9.82863E-01  9.82624E-01  2.40950E-04
    7910.639    175.549   7.100  9.73935E-01  9.81985E-01 -8.10820E-03
    7913.354    178.264   7.150  9.66482E-01  9.81346E-01 -1.49863E-02
    7916.087    180.997   7.200  9.61015E-01  9.80707E-01 -1.98728E-02
    7918.840    183.750   7.250  9.57704E-01  9.80068E-01 -2.25905E-02
    7921.612    186.522   7.300  9.56383E-01  9.79428E-01 -2.33007E-02
    7924.403    189.312   7.350  9.56626E-01  9.78789E-01 -2.24296E-02
    7927.213    192.122   7.400  9.57868E-01  9.78150E-01 -2.05458E-02
    7930.041    194.951   7.450  9.59542E-01  9.77511E-01 -1.82194E-02
    7932.889    197.799   7.500  9.61207E-01  9.76872E-01 -1.58979E-02
    7935.756    200.666   7.550  9.62296E-01  9.76019E-01 -1.39457E-02
    7938.642    203.552   7.600  9.63121E-01  9.75166E-01 -1.22563E-02
    7941.548    206.457   7.650  9.63868E-01  9.74312E-01 -1.06413E-02
    7944.472    209.382   7.700  9.64829E-01  9.73459E-01 -8.80477E-03
    7947.415    212.325   7.750  9.66292E-01  9.72606E-01 -6.44986E-03
    7950.377    215.287   7.800  9.68447E-01  9.71752E-01 -3.38158E-03
    7953.359    218.268   7.850  9.71309E-01  9.70899E-01  4.19626E-04
    7956.359    221.269   7.900  9.74696E-01  9.70046E-01  4.76967E-03
    7959.378    224.288   7.950  9.78252E-01  9.69193E-01  9.30374E-03
    7962.417    227.327   8.000  9.81509E-01  9.68339E-01  1.35436E-02
    7965.474    230.384   8.050  9.83824E-01  9.67225E-01  1.70962E-02
    7968.551    233.461   8.100  9.84980E-01  9.66110E-01  1.94656E-02
    7971.646    236.556   8.150  9.84707E-01  9.64995E-01  2.03655E-02
    7974.761    239.671   8.200  9.82924E-01  9.63881E-01  1.97052E-02
    7977.895    242.805   8.250  9.79744E-01  9.62766E-01  1.75959E-02
    7981.048    245.957   8.300  9.75445E-01  9.61651E-01  1.43177E-02
    7984.219    249.129   8.350  9.70403E-01  9.60537E-01  1.02572E-02
    7987.410    252.320   8.400  9.65026E-01  9.59422E-01  5.83545E-03
    7990.620    255.530   8.450  9.59690E-01  9.58307E-01  1.44187E-03
    7993.849    258.759   8.500  9.54695E-01  9.57193E-01 -2.60926E-03
    7997.097    262.007   8.550  9.50134E-01  9.55990E-01 -6.12559E-03
    8000.364    265.274   8.600  9.46199E-01  9.54788E-01 -8.99695E-03
    8003.650    268.560   8.650  9.42968E-01  9.53586E-01 -1.11377E-02
    8006.955    271.865   8.700  9.40487E-01  9.52384E-01 -1.24970E-02
    8010.280    275.190   8.750  9.38777E-01  9.51181E-01 -1.30488E-02
    8013.623    278.533   8.800  9.37834E-01  9.49979E-01 -1.27943E-02
    8016.985    281.895   8.850  9.37616E-01  9.48777E-01 -1.17745E-02
    8020.367    285.276   8.900  9.38030E-01  9.47575E-01 -1.00840E-02
    8023.767    288.677   8.950  9.38928E-01  9.46372E-01 -7.87614E-03
    8027.186    292.096   9.000  9.40116E-01  9.45170E-01 -5.35487E-03
    8030.625    295.535   9.050  9.41470E-01  9.44088E-01 -2.77674E-03
    8034.083    298.992   9.100  9.42723E-01  9.43006E-01 -3.00530E-04
    8037.559    302.469   9.150  9.43689E-01  9.41924E-01  1.87547E-03
    8041.055    305.965   9.200  9.44236E-01  9.40842E-01  3.61143E-03
    8044.570    309.479   9.250  9.44304E-01  9.39760E-01  4.83985E-03
    8048.103    313.013   9.300  9.43896E-01  9.38678E-01  5.56270E-03
    8051.656    316.566   9.350  9.43063E-01  9.37596E-01  5.83511E-03
    8055.228    320.138   9.400  9.41889E-01  9.36514E-01  5.74204E-03
    8058.819    323.729   9.450  9.40458E-01  9.35432E-01  5.37572E-03
    8062.429    327.339   9.500  9.38852E-01  9.34350E-01  4.81970E-03
    8066.058    330.968   9.550  9.37350E-01  9.33447E-01  4.18193E-03
    8069.706    334.616   9.600  9.35803E-01  9.32544E-01  3.49499E-03
    8073.373    338.283   9.650  9.34243E-01  9.31641E-01  2.79249E-03
    8077.059    341.969   9.700  9.32683E-01  9.30738E-01  2.08893E-03
    8080.764    345.674   9.750  9.31125E-01  9.29835E-01  1.38639E-03
    8084.489    349.398   9.800  9.29566E-01  9.28932E-01  6.82139E-04
    8088.232    353.142   9.850  9.28007E-01  9.28029E-01 -2.38383E-05
    8091.994    356.904   9.900  9.26456E-01  9.27126E-01 -7.22447E-04
    8095.776    360.686   9.950  9.24933E-01  9.26223E-01 -1.39115E-03
    8099.576    364.486  10.000  9.23474E-01  9.25320E-01 -1.99294E-03
    8103.396    368.306  10.050  9.21940E-01  9.24268E-01 -2.51571E-03
    8107.234    372.144  10.100  9.20549E-01  9.23216E-01 -2.88480E-03
    8111.092    376.002  10.150  9.19353E-01  9.22164E-01 -3.04365E-03
    8114.969    379.878  10.200  9.18380E-01  9.21112E-01 -2.96061E-03
    8118.864    383.774  10.250  9.17627E-01  9.20060E-01 -2.63973E-03
    8122.779    387.689  10.300  9.17053E-01  9.19007E-01 -2.12256E-03
    8126.713    391.623  10.350  9.16594E-01  9.17955E-01 -1.48041E-03
    8130.666    395.576  10.400  9.16169E-01  9.16903E-01 -7.99296E-04
    8134.638    399.547  10.450  9.15702E-01  9.15851E-01 -1.61982E-04
    8138.629    403.538  10.500  9.15136E-01  9.14799E-01  3.67511E-04
    8142.639    407.548  10.550  9.14436E-01  9.13747E-01  7.52967E-04
    8146.668    411.577  10.600  9.13597E-01  9.12695E-01  9.86771E-04
    8150.716    415.626  10.650  9.12633E-01  9.11643E-01  1.08353E-03
    8154.783    419.693  10.700  9.11567E-01  9.10591E-01  1.06975E-03
    8158.869    423.779  10.750  9.10426E-01  9.09538E-01  9.73750E-04
    8162.974    427.884  10.800  9.09232E-01  9.08486E-01  8.19006E-04
    8167.099    432.008  10.850  9.08001E-01  9.07434E-01  6.22685E-04
    8171.242    436.152  10.900  9.06744E-01  9.06382E-01  3.98468E-04
    8175.404    440.314  10.950  9.05476E-01  9.05330E-01  1.61397E-04
    8179.586    444.496  11.000  9.04216E-01  9.04278E-01 -6.82503E-05
    8183.786    448.696  11.050  9.02777E-01  9.02989E-01 -2.34901E-04
    8188.006    452.916  11.100  9.01383E-01  9.01701E-01 -3.52046E-04
    8192.245    457.154  11.150  9.00054E-01  9.00413E-01 -3.97528E-04
    8196.502    461.412  11.200  8.98803E-01  8.99124E-01 -3.56353E-04
    8200.779    465.689  11.250  8.97632E-01  8.97836E-01 -2.26535E-04
    8205.075    469.984  11.300  8.96528E-01  8.96548E-01 -2.20578E-05
    8209.389    474.299  11.350  8.95464E-01  8.95259E-01  2.28001E-04
    8213.723    478.633  11.400  8.94405E-01  8.93971E-01  4.83969E-04
    8218.076    482.986  11.450  8.93311E-01  8.92682E-01  7.02542E-04
    8222.448    487.358  11.500  8.92149E-01  8.91394E-01  8.44599E-04
    8226.839    491.749  11.550  8.90893E-01  8.90106E-01  8.82311E-04
    8231.249    496.159  11.600  8.89534E-01  8.88817E-01  8.04289E-04
    8235.678    500.588  11.650  8.88079E-01  8.87529E-01  6.17952E-04
    8240.127    505.036  11.700  8.86551E-01  8.86241E-01  3.48675E-04
    8244.594    509.504  11.750  8.84984E-01  8.84952E-01  3.56978E-05
    8249.080    513.990  11.800  8.83420E-01  8.83664E-01 -2.74801E-04
    8253.585    518.495  11.850  8.81899E-01  8.82376E-01 -5.38435E-04
    8258.110    523.019  11.900  8.80450E-01  8.81087E-01 -7.21516E-04
    8262.653    527.563  11.950  8.79086E-01  8.79799E-01 -8.08078E-04
    8267.215    532.125  12.000  8.77803E-01  8.78510E-01 -8.03006E-04
    8271.797    536.707  12.050  8.76624E-01  8.77288E-01 -7.55073E-04
    8276.398    541.307  12.100  8.75484E-01  8.76066E-01 -6.62222E-04
    8281.017    545.927  12.150  8.74357E-01  8.74844E-01 -5.54593E-04
    8285.656    550.566  12.200  8.73221E-01  8.73622E-01 -4.57568E-04
    8290.314    555.223  12.250  8.72064E-01  8.72400E-01 -3.84247E-04
    8294.990    559.900  12.300  8.70888E-01  8.71178E-01 -3.31757E-04
    8299.686    564.596  12.350  8.69709E-01  8.69956E-01 -2.82854E-04
    8304.401    569.311  12.400  8.68548E-01  8.68733E-01 -2.12598E-04
    8309.135    574.045  12.450  8.67426E-01  8.67511E-01 -9.81348E-05
    8313.888    578.798  12.500  8.66351E-01  8.66289E-01  7.15832E-05
    8318.660    583.570  12.550  8.65318E-01  8.65067E-01  2.89478E-04
    8323.451    588.361  12.600  8.64304E-01  8.63845E-01  5.29749E-04
    8328.261    593.171  12.650  8.63275E-01  8.62623E-01  7.53458E-04
    8333.090    598.000  12.700  8.62195E-01  8.61401E-01  9.18681E-04
    8337.938    602.848  12.750  8.61035E-01  8.60179E-01  9.92024E-04
    8342.806    607.715  12.800  8.59782E-01  8.58956E-01  9.57860E-04
    8347.692    612.602  12.850  8.58442E-01  8.57734E-01  8.22410E-04
    8352.597    617.507  12.900  8.57038E-01  8.56512E-01  6.11553E-04
    8357.522    622.431  12.950  8.55602E-01  8.55290E-01  3.63325E-04
    8362.465    627.375  13.000  8.54169E-01  8.54068E-01  1.17723E-04
    8367.428    632.337  13.050  8.52649E-01  8.52730E-01 -9.51130E-05
    8372.409    637.319  13.100  8.51167E-01  8.51392E-01 -2.63351E-04
    8377.410    642.320  13.150  8.49728E-01  8.50054E-01 -3.82238E-04
    8382.429    647.339  13.200  8.48326E-01  8.48716E-01 -4.58479E-04
    8387.468    652.378  13.250  8.46949E-01  8.47378E-01 -5.04795E-04
    8392.526    657.436  13.300  8.45587E-01  8.46040E-01 -5.33636E-04
    8397.603    662.513  13.350  8.44234E-01  8.44702E-01 -5.52222E-04
    8402.699    667.608  13.400  8.42890E-01  8.43364E-01 -5.60422E-04
    8407.813    672.723  13.450  8.41560E-01  8.42026E-01 -5.51804E-04
    8412.947    677.857  13.500  8.40252E-01  8.40689E-01 -5.17104E-04
    8418.100    683.010  13.550  8.38973E-01  8.39351E-01 -4.48624E-04
    8423.272    688.182  13.600  8.37723E-01  8.38013E-01 -3.43946E-04
    8428.464    693.373  13.650  8.36500E-01  8.36675E-01 -2.07793E-04
    8433.674    698.584  13.700  8.35294E-01  8.35337E-01 -5.16249E-05
    8438.903    703.813  13.750  8.34090E-01  8.33999E-01  1.08658E-04
    8444.151    709.061  13.800  8.32875E-01  8.32661E-01  2.56014E-04
    8449.418    714.328  13.850  8.31636E-01  8.31323E-01  3.75517E-04
    8454.705    719.615  13.900  8.30365E-01  8.29985E-01  4.56754E-04
    8460.010    724.920  13.950  8.29058E-01  8.28647E-01  4.94961E-04
    8465.335    730.245  14.000  8.27716E-01  8.27309E-01  4.90934E-04
    8470.678    735.588  14.050  8.26295E-01  8.25913E-01  4.60715E-04
    8476.041    740.951  14.100  8.24848E-01  8.24518E-01  3.99199E-04
    8481.422    746.332  14.150  8.23382E-01  8.23122E-01  3.15155E-04
    8486.823    751.733  14.200  8.21906E-01  8.21726E-01  2.18015E-04
    8492.243    757.153  14.250  8.20427E-01  8.20331E-01  1.16669E-04
    8497.681    762.591  14.300  8.18950E-01  8.18935E-01  1.86203E-05
    8503.139    768.049  14.350  8.17482E-01  8.17539E-01 -7.04471E-05
    8508.616    773.526  14.400  8.16024E-01  8.16144E-01 -1.46715E-04
    8514.112    779.022  14.450  8.14578E-01  8.14748E-01 -2.07951E-04
    8519.627    784.537  14.500  8.13146E-01  8.13352E-01 -2.53022E-04
    8525.161    790.071  14.550  8.11728E-01  8.11957E-01 -2.81396E-04
    8530.714    795.624  14.600  8.10323E-01  8.10561E-01 -2.92791E-04
    8536.286    801.196  14.650  8.08932E-01  8.09165E-01 -2.87122E-04
    8541.877    806.787  14.700  8.07555E-01  8.07770E-01 -2.64767E-04
    8547.487    812.397  14.750  8.06190E-01  8.06374E-01 -2.27026E-04
    8553.117    818.027  14.800  8.04836E-01  8.04978E-01 -1.76558E-04
    8558.765    823.675  14.850  8.03488E-01  8.03583E-01 -1.17535E-04
    8564.432    829.342  14.900  8.02142E-01  8.02187E-01 -5.53446E-05
    8570.119    835.029  14.950  8.00795E-01  8.00791E-01  4.17208E-06
    8575.824    840.734  15.000  7.99440E-01  7.99396E-01  5.57432E-05
    8581.549    846.459  15.050  7.98099E-01  7.98020E-01  9.84754E-05
    8587.292    852.202  15.100  7.96749E-01  7.96645E-01  1.30304E-04
    8593.055    857.965  15.150  7.95390E-01  7.95270E-01  1.50694E-04
    8598.837    863.746  15.200  7.94023E-01  7.93895E-01  1.60591E-04
    8604.637    869.547  15.250  7.92649E-01  7.92520E-01  1.61728E-04
    8610.457    875.367  15.300  7.91269E-01  7.91145E-01  1.55797E-04
    8616.296    881.206  15.350  7.89884E-01  7.89770E-01  1.43814E-04
    8622.154    887.063  15.400  7.88494E-01  7.88395E-01  1.25906E-04
    8628.031    892.940  15.450  7.87100E-01  7.87020E-01  1.01636E-04
    8633.926    898.836  15.500  7.85700E-01  7.85645E-01  7.07136E-05
    8639.841    904.751  15.550  7.84296E-01  7.84270E-01  3.38071E-05
    8645.776    910.685  15.600  7.82889E-01  7.82894E-01 -6.88984E-06
    8651.729    916.638  15.650  7.81482E-01  7.81519E-01 -4.76161E-05
    8657.701    922.611  15.700  7.80079E-01  7.80144E-01 -8.36069E-05
    8663.692    928.602  15.750  7.78683E-01  7.78769E-01 -1.10124E-04
    8669.702    934.612  15.800  7.77298E-01  7.77394E-01 -1.23638E-04
    8675.732    940.641  15.850  7.75923E-01  7.76019E-01 -1.22764E-04
    8681.780    946.690  15.900  7.74559E-01  7.74644E-01 -1.08665E-04
    8687.847    952.757  15.950  7.73203E-01  7.73269E-01 -8.47632E-05
    8693.934    958.844  16.000  7.71850E-01  7.71894E-01 -5.58784E-05
    8700.039    964.949  16.050  7.70419E-01  7.70441E-01 -2.82342E-05
    8706.164    971.074  16.100  7.68985E-01  7.68987E-01 -3.34912E-06
    8712.307    977.217  16.150  7.67546E-01  7.67534E-01  1.59380E-05
    8718.470    983.380  16.200  7.66103E-01  7.66081E-01  2.84910E-05
    8724.652    989.562  16.250  7.64655E-01  7.64628E-01  3.48222E-05
    8730.852    995.762  16.300  7.63203E-01  7.63175E-01  3.66166E-05
    8737.072   1001.982  16.350  7.61749E-01  7.61722E-01  3.60198E-05
    8743.311   1008.221  16.400  7.60295E-01  7.60269E-01  3.49189E-05
    8749.569   1014.479  16.450  7.58842E-01  7.58815E-01  3.44221E-05
    8755.846   1020.756  16.500  7.57389E-01  7.57362E-01  3.46582E-05
    8762.142   1027.052  16.550  7.55935E-01  7.55909E-01  3.49070E-05
    8768.457   1033.367  16.600  7.54482E-01  7.54456E-01  3.39790E-05
    8774.791   1039.701  16.650  7.53026E-01  7.53003E-01  3.07005E-05
    8781.144   1046.054  16.700  7.51568E-01  7.51550E-01  2.43548E-05
    8787.516   1052.426  16.750  7.50108E-01  7.50096E-01  1.49600E-05
    8793.908   1058.818  16.800  7.48646E-01  7.48643E-01  3.32698E-06
    8800.318   1065.228  16.850  7.47183E-01  7.47190E-01 -9.10059E-06
    8806.747   1071.657  16.900  7.45722E-01  7.45737E-01 -2.05637E-05
    8813.196   1078.106  16.950  7.44262E-01  7.44284E-01 -2.93768E-05
    8819.663   1084.573  17.000  7.42805E-01  7.42831E-01 -3.42906E-05
    8826.150   1091.060  17.050  7.41379E-01  7.41406E-01 -3.57937E-05
    8832.655   1097.565  17.100  7.39956E-01  7.39981E-01 -3.30489E-05
    8839.180   1104.090  17.150  7.38536E-01  7.38555E-01 -2.66323E-05
    8845.723   1110.633  17.200  7.37117E-01  7.37130E-01 -1.76941E-05
    8852.286   1117.196  17.250  7.35699E-01  7.35705E-01 -7.71204E-06
    8858.868   1123.778  17.300  7.34281E-01  7.34280E-01  1.80965E-06
    8865.469   1130.379  17.350  7.32862E-01  7.32855E-01  9.62836E-06
    8872.089   1136.998  17.400  7.31441E-01  7.31430E-01  1.49714E-05
    8878.727   1143.637  17.450  7.30018E-01  7.30005E-01  1.76213E-05
    8885.385   1150.295  17.500  7.28593E-01  7.28580E-01  1.78663E-05
    8892.062   1156.972  17.550  7.27166E-01  7.27154E-01  1.63406E-05
    8898.758   1163.668  17.600  7.25739E-01  7.25729E-01  1.38073E-05
    8905.474   1170.383  17.650  7.24312E-01  7.24304E-01  1.09477E-05
    8912.208   1177.118  17.700  7.22885E-01  7.22879E-01  8.21672E-06
    8918.961   1183.871  17.750  7.21458E-01  7.21454E-01  5.79485E-06
    8925.733   1190.643  17.800  7.20031E-01  7.20029E-01  3.63719E-06
    8932.524   1197.434  17.850  7.18605E-01  7.18604E-01  1.58695E-06
    8939.335   1204.245  17.900  7.17178E-01  7.17179E-01 -4.95731E-07
    8946.164   1211.074  17.950  7.15752E-01  7.15753E-01 -2.63836E-06
    8953.013   1217.922  18.000  7.14325E-01  7.14328E-01 -4.72442E-06
    8959.880   1224.790  18.050  7.12875E-01  7.12880E-01 -6.71358E-06
    8966.767   1231.677  18.100  7.11426E-01  7.11432E-01 -8.29337E-06
    8973.672   1238.582  18.150  7.09977E-01  7.09983E-01 -9.20582E-06
    8980.597   1245.507  18.200  7.08528E-01  7.08535E-01 -9.28408E-06
    8987.541   1252.450  18.250  7.07080E-01  7.07086E-01 -8.49878E-06
    8994.503   1259.413  18.300  7.05633E-01  7.05638E-01 -6.96106E-06
    9001.485   1266.395  18.350  7.04186E-01  7.04190E-01 -4.88597E-06
    9008.486   1273.396  18.400  7.02740E-01  7.02741E-01 -2.53391E-06
    9015.506   1280.416  18.450  7.01293E-01  7.01293E-01 -1.52682E-07
    9022.545   1287.455  18.500  6.99846E-01  6.99845E-01  2.06093E-06
    9029.603   1294.513  18.550  6.98399E-01  6.98396E-01  3.97182E-06
    9036.680   1301.590  18.600  6.96952E-01  6.96948E-01  5.49371E-06
    9043.776   1308.686  18.650  6.95504E-01  6.95500E-01  6.56590E-06
    9050.891   1315.801  18.700  6.94056E-01  6.94051E-01  7.13551E-06
    9058.025   1322.935  18.750  6.92608E-01  6.92603E-01  7.15579E-06
    9065.179   1330.088  18.800  6.91159E-01  6.91155E-01  6.60212E-06
    9072.351   1337.261  18.850  6.89710E-01  6.89706E-01  5.49776E-06
    9079.542   1344.452  18.900  6.88261E-01  6.88258E-01  3.93564E-06
    9086.753   1351.662  18.950  6.86811E-01  6.86809E-01  2.08335E-06
    9093.982   1358.892  19.000  6.85361E-01  6.85361E-01  1.64736E-07
    9101.231   1366.140  19.050  6.83918E-01  6.83919E-01 -1.67151E-06
    9108.498   1373.408  19.100  6.82474E-01  6.82477E-01 -3.25977E-06
    9115.785   1380.695  19.150  6.81031E-01  6.81034E-01 -4.41368E-06
    9123.090   1388.000  19.200  6.79589E-01  6.79592E-01 -5.01869E-06
    9130.415   1395.325  19.250  6.78146E-01  6.78150E-01 -5.05244E-06
    9137.759   1402.669  19.300  6.76704E-01  6.76708E-01 -4.58365E-06
    9145.122   1410.031  19.350  6.75263E-01  6.75265E-01 -3.75041E-06
    9152.503   1417.413  19.400  6.73821E-01  6.73823E-01 -2.72468E-06
    9159.904   1424.814  19.450  6.72380E-01  6.72381E-01 -1.67295E-06
    9167.324   1432.234  19.500  6.70938E-01  6.70938E-01 -7.23462E-07
    9174.763   1439.673  19.550  6.69496E-01  6.69496E-01  5.24605E-08
    9182.221   1447.131  19.600  6.68054E-01  6.68054E-01  6.41892E-07
    9189.698   1454.608  19.650  6.66612E-01  6.66612E-01  1.07646E-06
    9197.195   1462.104  19.700  6.65170E-01  6.65169E-01  1.40902E-06
    9204.710   1469.620  19.750  6.63728E-01  6.63727E-01  1.68843E-06
    9212.244   1477.154  19.800  6.62286E-01  6.62285E-01  1.93999E-06
    9219.797   1484.707  19.850  6.60844E-01  6.60843E-01  2.15653E-06
    9227.370   1492.279  19.900  6.59402E-01  6.59400E-01  2.30198E-06
    9234.961   1499.871  19.950  6.57960E-01  6.57958E-01  2.32557E-06
    9242.571   1507.481  20.000  6.56517E-01  6.56516E-01  2.18194E-06
