# # Once                                                         FEFF 9.6.4  
# # POT  SCF 100  6.0000   0, core-hole, AFOLP (folp(0)= 1.150)
# # Abs   Z=57 Rmt= 1.825 Rnm= 1.825 L3 shell
# # Pot 1 Z=26 Rmt= 1.373 Rnm= 1.429
# # Pot 2 Z=14 Rmt= 1.361 Rnm= 1.415
# # Pot 3 Z=57 Rmt= 1.895 Rnm= 1.895
# # Gam_ch=3.160E+00 H-L exch Vi= 0.000E+00 Vr= 0.000E+00
# # Mu=-1.680E+01 kf=2.064E+00 Vint=-2.527E+01 Rs_int= 1.757
# # PATH  Rmax= 6.000,  Keep_limit= 0.00, Heap_limit 0.00  Pwcrit= 2.50%
#  S02=1.000  Temp=   0.00  Debye_temp=   0.00  Global_sig2= 0.00000
#  Energy zero shift, vr, vi    0.00000E+00   0.00000E+00
#  Curved wave amplitude ratio filter   4.000%
#     file         sig2 tot  cw amp ratio   deg  nlegs   reff  inp sig2
#           1       0.00000    100.00     22.00     2   3.3344
#           2       0.00000      9.66      2.00     2   3.3344
#           3       0.00000      5.03     40.00     3   4.5286
#           5       0.00000     13.29      8.00     2   4.9796
#           6       0.00000     31.87     22.00     2   5.2204
#           7       0.00000      5.82     44.00     3   5.3978
#           8       0.00000      5.78     40.00     3   5.5593
#           9       0.00000      5.78     42.00     3   5.5696
#          11       0.00000      8.93      6.00     2   5.7500
#          12       0.00000     21.08     21.00     2   5.8871
#          13       0.00000     45.90     38.00     3   5.8927
#          14       0.00000      4.95      6.00     3   5.8927
#          15       0.00000      5.75      4.00     3   5.8927
#          16       0.00000     32.48     19.00     4   5.8982
#          18       0.00000      4.13      2.00     4   5.8982
#    15/  18 paths used
#  xsedge+50, used to normalize mu           8.5164E-04
#  -----------------------------------------------------------------------
#  omega    e    k    mu    mu0     chi     @#
    5487.891    -16.801   0.000  8.12387E-01  1.23528E+00 -1.66507E-01
    5487.900    -16.791   0.050  8.25981E-01  1.24546E+00 -1.63334E-01
    5487.929    -16.763   0.100  8.39804E-01  1.25563E+00 -1.60142E-01
    5487.977    -16.715   0.150  8.81888E-01  1.28670E+00 -1.50805E-01
    5488.043    -16.648   0.200  9.25863E-01  1.31777E+00 -1.41377E-01
    5488.129    -16.563   0.250  9.99397E-01  1.36963E+00 -1.26653E-01
    5488.234    -16.458   0.300  1.07710E+00  1.42150E+00 -1.12022E-01
    5488.358    -16.334   0.350  1.18269E+00  1.49198E+00 -9.40954E-02
    5488.501    -16.191   0.400  1.29301E+00  1.56246E+00 -7.69964E-02
    5488.662    -16.029   0.450  1.42288E+00  1.64542E+00 -5.94838E-02
    5488.843    -15.848   0.500  1.55388E+00  1.72839E+00 -4.38105E-02
    5489.043    -15.648   0.550  1.68831E+00  1.81344E+00 -3.00498E-02
    5489.263    -15.429   0.600  1.81741E+00  1.89850E+00 -1.86602E-02
    5489.501    -15.191   0.650  1.93091E+00  1.97307E+00 -9.67698E-03
    5489.758    -14.934   0.700  2.03588E+00  2.04765E+00 -2.69398E-03
    5490.034    -14.658   0.750  2.11233E+00  2.09967E+00  3.01280E-03
    5490.329    -14.362   0.800  2.18519E+00  2.15169E+00  8.30257E-03
    5490.644    -14.048   0.850  2.23191E+00  2.17250E+00  1.56913E-02
    5490.977    -13.715   0.900  2.28576E+00  2.19331E+00  2.61375E-02
    5491.329    -13.362   0.950  2.32532E+00  2.18046E+00  4.40819E-02
    5491.701    -12.991   1.000  2.37491E+00  2.16760E+00  6.82919E-02
    5492.091    -12.600   1.050  2.40939E+00  2.12561E+00  1.00760E-01
    5492.501    -12.191   1.100  2.43784E+00  2.08361E+00  1.36395E-01
    5492.930    -11.762   1.150  2.43541E+00  2.02191E+00  1.71182E-01
    5493.377    -11.314   1.200  2.40538E+00  1.96021E+00  1.99268E-01
    5493.844    -10.848   1.250  2.33545E+00  1.88942E+00  2.13694E-01
    5494.330    -10.362   1.300  2.23092E+00  1.81863E+00  2.12467E-01
    5494.835     -9.857   1.350  2.09683E+00  1.74728E+00  1.91704E-01
    5495.359     -9.333   1.400  1.94056E+00  1.67593E+00  1.55093E-01
    5495.901     -8.790   1.450  1.77830E+00  1.60963E+00  1.04530E-01
    5496.463     -8.228   1.500  1.61442E+00  1.54333E+00  4.67378E-02
    5497.044     -7.647   1.550  1.46582E+00  1.48492E+00 -1.31797E-02
    5497.645     -7.047   1.600  1.33134E+00  1.42650E+00 -6.91569E-02
    5498.264     -6.428   1.650  1.22282E+00  1.37692E+00 -1.16747E-01
    5498.902     -5.790   1.700  1.13465E+00  1.32733E+00 -1.52454E-01
    5499.559     -5.133   1.750  1.07366E+00  1.28651E+00 -1.74252E-01
    5500.235     -4.456   1.800  1.03102E+00  1.24569E+00 -1.82056E-01
    5500.931     -3.761   1.850  1.01161E+00  1.21474E+00 -1.76548E-01
    5501.645     -3.047   1.900  1.00368E+00  1.18378E+00 -1.60523E-01
    5502.378     -2.313   1.950  1.01546E+00  1.16397E+00 -1.35064E-01
    5503.131     -1.561   2.000  1.03013E+00  1.14416E+00 -1.05865E-01
    5503.902     -0.789   2.050  1.04773E+00  1.12831E+00 -7.63222E-02
    5504.693      0.001   2.100  1.06037E+00  1.11245E+00 -5.03544E-02
    5505.503      0.811   2.150  1.06661E+00  1.09660E+00 -2.96068E-02
    5506.331      1.640   2.200  1.06661E+00  1.08075E+00 -1.42559E-02
    5507.179      2.487   2.250  1.06356E+00  1.06638E+00 -2.89369E-03
    5508.046      3.354   2.300  1.05827E+00  1.05201E+00  6.53456E-03
    5508.932      4.240   2.350  1.05289E+00  1.03764E+00  1.61908E-02
    5509.836      5.145   2.400  1.04843E+00  1.02328E+00  2.72074E-02
    5510.760      6.069   2.450  1.04871E+00  1.01203E+00  4.00838E-02
    5511.703      7.012   2.500  1.04732E+00  1.00079E+00  5.13870E-02
    5512.665      7.974   2.550  1.04197E+00  9.89543E-01  5.85025E-02
    5513.646      8.955   2.600  1.03091E+00  9.78298E-01  5.93337E-02
    5514.647      9.955   2.650  1.02273E+00  9.72735E-01  5.64081E-02
    5515.666     10.974   2.700  1.01019E+00  9.67171E-01  4.85682E-02
    5516.704     12.012   2.750  9.94493E-01  9.61608E-01  3.71411E-02
    5517.761     13.069   2.800  9.77150E-01  9.56045E-01  2.38483E-02
    5518.838     14.146   2.850  9.62208E-01  9.56851E-01  6.01803E-03
    5519.933     15.241   2.900  9.49522E-01  9.57658E-01 -9.08823E-03
    5521.047     16.356   2.950  9.41354E-01  9.58465E-01 -1.90030E-02
    5522.181     17.489   3.000  9.38162E-01  9.59272E-01 -2.33106E-02
    5523.333     18.642   3.050  9.36315E-01  9.62371E-01 -2.85338E-02
    5524.505     19.813   3.100  9.40530E-01  9.65470E-01 -2.70872E-02
    5525.696     21.004   3.150  9.51159E-01  9.68569E-01 -1.87550E-02
    5526.905     22.213   3.200  9.66700E-01  9.71669E-01 -5.30905E-03
    5528.134     23.442   3.250  9.83991E-01  9.76356E-01  8.08442E-03
    5529.382     24.690   3.300  1.00199E+00  9.81044E-01  2.19778E-02
    5530.648     25.957   3.350  1.01816E+00  9.85732E-01  3.37315E-02
    5531.934     27.243   3.400  1.03024E+00  9.90419E-01  4.10528E-02
    5533.239     28.548   3.450  1.03580E+00  9.94072E-01  4.27150E-02
    5534.563     29.872   3.500  1.03549E+00  9.97724E-01  3.83727E-02
    5535.906     31.215   3.550  1.02968E+00  1.00138E+00  2.85554E-02
    5537.268     32.577   3.600  1.01971E+00  1.00503E+00  1.47059E-02
    5538.649     33.958   3.650  1.00558E+00  1.00678E+00 -1.19862E-03
    5540.050     35.358   3.700  9.91467E-01  1.00853E+00 -1.69597E-02
    5541.469     36.777   3.750  9.79194E-01  1.01028E+00 -3.07770E-02
    5542.907     38.215   3.800  9.70000E-01  1.01203E+00 -4.14515E-02
    5544.364     39.673   3.850  9.62196E-01  1.01135E+00 -4.84648E-02
    5545.841     41.149   3.900  9.57964E-01  1.01066E+00 -5.19549E-02
    5547.336     42.644   3.950  9.56836E-01  1.00997E+00 -5.23842E-02
    5548.851     44.159   4.000  9.58296E-01  1.00929E+00 -5.02628E-02
    5550.384     45.692   4.050  9.60438E-01  1.00648E+00 -4.55114E-02
    5551.937     47.245   4.100  9.65069E-01  1.00367E+00 -3.82653E-02
    5553.508     48.817   4.150  9.72388E-01  1.00086E+00 -2.83047E-02
    5555.099     50.407   4.200  9.82596E-01  9.98048E-01 -1.54069E-02
    5556.709     52.017   4.250  9.94976E-01  9.94363E-01  6.13487E-04
    5558.338     53.646   4.300  1.00922E+00  9.90679E-01  1.86604E-02
    5559.985     55.294   4.350  1.02404E+00  9.86994E-01  3.74512E-02
    5561.652     56.960   4.400  1.03768E+00  9.83310E-01  5.52186E-02
    5563.338     58.646   4.450  1.04775E+00  9.79681E-01  6.94433E-02
    5565.043     60.351   4.500  1.05262E+00  9.76053E-01  7.84679E-02
    5566.767     62.075   4.550  1.05111E+00  9.72424E-01  8.09970E-02
    5568.510     63.818   4.600  1.04273E+00  9.68796E-01  7.64609E-02
    5570.272     65.581   4.650  1.02867E+00  9.66130E-01  6.48933E-02
    5572.053     67.362   4.700  1.00931E+00  9.63464E-01  4.77331E-02
    5573.854     69.162   4.750  9.86200E-01  9.60799E-01  2.65340E-02
    5575.673     70.981   4.800  9.61052E-01  9.58133E-01  3.05927E-03
    5577.511     72.820   4.850  9.36831E-01  9.56742E-01 -2.09046E-02
    5579.369     74.677   4.900  9.13841E-01  9.55350E-01 -4.36547E-02
    5581.245     76.553   4.950  8.93316E-01  9.53958E-01 -6.38866E-02
    5583.141     78.449   5.000  8.76346E-01  9.52566E-01 -8.04347E-02
    5585.055     80.363   5.050  8.65306E-01  9.52432E-01 -9.19358E-02
    5586.989     82.297   5.100  8.59983E-01  9.52298E-01 -9.74025E-02
    5588.941     84.249   5.150  8.61426E-01  9.52164E-01 -9.57301E-02
    5590.913     86.221   5.200  8.70468E-01  9.52030E-01 -8.60414E-02
    5592.904     88.212   5.250  8.88601E-01  9.52827E-01 -6.76596E-02
    5594.913     90.222   5.300  9.14122E-01  9.53623E-01 -4.15562E-02
    5596.942     92.250   5.350  9.45330E-01  9.54420E-01 -9.55012E-03
    5598.990     94.298   5.400  9.79392E-01  9.55217E-01  2.53640E-02
    5601.057     96.365   5.450  1.01246E+00  9.55667E-01  5.95010E-02
    5603.143     98.451   5.500  1.04028E+00  9.56118E-01  8.80429E-02
    5605.248    100.556   5.550  1.05919E+00  9.56569E-01  1.07192E-01
    5607.372    102.680   5.600  1.06674E+00  9.57020E-01  1.14441E-01
    5609.515    104.823   5.650  1.06220E+00  9.57740E-01  1.08773E-01
    5611.677    106.986   5.700  1.04688E+00  9.58460E-01  9.19200E-02
    5613.859    109.167   5.750  1.02378E+00  9.59180E-01  6.70447E-02
    5616.059    111.367   5.800  9.96836E-01  9.59900E-01  3.82705E-02
    5618.278    113.586   5.850  9.70574E-01  9.61106E-01  9.78387E-03
    5620.516    115.825   5.900  9.47762E-01  9.62313E-01 -1.49972E-02
    5622.774    118.082   5.950  9.30014E-01  9.63520E-01 -3.44409E-02
    5625.050    120.359   6.000  9.17315E-01  9.64727E-01 -4.86068E-02
    5627.346    122.654   6.050  9.05695E-01  9.62974E-01 -5.87997E-02
    5629.660    124.969   6.100  8.96224E-01  9.61221E-01 -6.68104E-02
    5631.994    127.302   6.150  8.87499E-01  9.59468E-01 -7.40753E-02
    5634.347    129.655   6.200  8.79365E-01  9.57715E-01 -8.07498E-02
    5636.718    132.027   6.250  8.73216E-01  9.55961E-01 -8.53943E-02
    5639.109    134.417   6.300  8.71697E-01  9.54208E-01 -8.52660E-02
    5641.519    136.827   6.350  8.77883E-01  9.52455E-01 -7.71638E-02
    5643.948    139.256   6.400  8.94148E-01  9.50702E-01 -5.85983E-02
    5646.396    141.704   6.450  9.21061E-01  9.48949E-01 -2.89347E-02
    5648.863    144.171   6.500  9.56684E-01  9.47196E-01  9.85687E-03
    5651.349    146.657   6.550  9.96313E-01  9.45392E-01  5.30237E-02
    5653.854    149.162   6.600  1.03349E+00  9.43588E-01  9.38261E-02
    5656.378    151.686   6.650  1.06128E+00  9.41784E-01  1.24999E-01
    5658.921    154.229   6.700  1.07385E+00  9.39979E-01  1.40369E-01
    5661.483    156.792   6.750  1.06797E+00  9.38175E-01  1.36407E-01
    5664.065    159.373   6.800  1.04385E+00  9.36371E-01  1.13214E-01
    5666.665    161.973   6.850  1.00528E+00  9.34566E-01  7.46621E-02
    5669.284    164.593   6.900  9.58846E-01  9.32762E-01  2.76040E-02
    5671.923    167.231   6.950  9.12431E-01  9.30958E-01 -1.96530E-02
    5674.580    169.888   7.000  8.73439E-01  9.29154E-01 -5.92379E-02
    5677.257    172.565   7.050  8.47900E-01  9.28063E-01 -8.53686E-02
    5679.952    175.260   7.100  8.37197E-01  9.26972E-01 -9.57593E-02
    5682.667    177.975   7.150  8.39941E-01  9.25881E-01 -9.18158E-02
    5685.401    180.709   7.200  8.52038E-01  9.24789E-01 -7.78512E-02
    5688.153    183.461   7.250  8.68066E-01  9.23698E-01 -5.96287E-02
    5690.925    186.233   7.300  8.82922E-01  9.22607E-01 -4.26053E-02
    5693.716    189.024   7.350  8.93264E-01  9.21516E-01 -3.03802E-02
    5696.526    191.834   7.400  8.98335E-01  9.20425E-01 -2.37920E-02
    5699.355    194.663   7.450  8.99952E-01  9.19334E-01 -2.09097E-02
    5702.203    197.511   7.500  9.01671E-01  9.18243E-01 -1.79076E-02
    5705.070    200.378   7.550  9.07851E-01  9.17389E-01 -1.03151E-02
    5707.956    203.264   7.600  9.20874E-01  9.16535E-01  4.69706E-03
    5710.861    206.169   7.650  9.41045E-01  9.15681E-01  2.74783E-02
    5713.785    209.093   7.700  9.65832E-01  9.14827E-01  5.53035E-02
    5716.728    212.036   7.750  9.90313E-01  9.13973E-01  8.28446E-02
    5719.690    214.999   7.800  1.00840E+00  9.13119E-01  1.03489E-01
    5722.672    217.980   7.850  1.01450E+00  9.12265E-01  1.11139E-01
    5725.672    220.980   7.900  1.00515E+00  9.11411E-01  1.01989E-01
    5728.691    224.000   7.950  9.80130E-01  9.10557E-01  7.57612E-02
    5731.730    227.038   8.000  9.42765E-01  9.09702E-01  3.60340E-02
    5734.787    230.096   8.050  8.98585E-01  9.08257E-01 -1.05575E-02
    5737.864    233.172   8.100  8.56267E-01  9.06812E-01 -5.52560E-02
    5740.960    236.268   8.150  8.23126E-01  9.05367E-01 -9.00448E-02
    5744.074    239.383   8.200  8.04356E-01  9.03921E-01 -1.09180E-01
    5747.208    242.516   8.250  8.01925E-01  9.02476E-01 -1.10431E-01
    5750.361    245.669   8.300  8.14295E-01  9.01031E-01 -9.54044E-02
    5753.533    248.841   8.350  8.37047E-01  8.99585E-01 -6.88952E-02
    5756.723    252.032   8.400  8.64172E-01  8.98140E-01 -3.74780E-02
    5759.933    255.242   8.450  8.89687E-01  8.96695E-01 -7.74444E-03
    5763.162    258.471   8.500  9.09089E-01  8.95249E-01  1.53170E-02
    5766.410    261.719   8.550  9.19882E-01  8.93474E-01  2.92933E-02
    5769.677    264.986   8.600  9.23083E-01  8.91699E-01  3.48928E-02
    5772.963    268.272   8.650  9.21250E-01  8.89923E-01  3.49087E-02
    5776.269    271.577   8.700  9.17789E-01  8.88148E-01  3.31059E-02
    5779.593    274.901   8.750  9.15682E-01  8.86373E-01  3.28105E-02
    5782.936    278.244   8.800  9.16465E-01  8.84598E-01  3.57561E-02
    5786.298    281.607   8.850  9.19749E-01  8.82822E-01  4.15288E-02
    5789.680    284.988   8.900  9.23414E-01  8.81047E-01  4.77572E-02
    5793.080    288.388   8.950  9.24378E-01  8.79272E-01  5.09632E-02
    5796.500    291.808   9.000  9.19699E-01  8.77496E-01  4.77925E-02
    5799.938    295.246   9.050  9.07816E-01  8.75966E-01  3.61466E-02
    5803.396    298.704   9.100  8.88682E-01  8.74436E-01  1.62028E-02
    5806.872    302.181   9.150  8.64593E-01  8.72906E-01 -9.47497E-03
    5810.368    305.676   9.200  8.39409E-01  8.71376E-01 -3.65136E-02
    5813.883    309.191   9.250  8.17590E-01  8.69845E-01 -5.98177E-02
    5817.416    312.725   9.300  8.03048E-01  8.68315E-01 -7.48740E-02
    5820.969    316.278   9.350  7.98163E-01  8.66785E-01 -7.88941E-02
    5824.541    319.849   9.400  8.03224E-01  8.65255E-01 -7.14724E-02
    5828.132    323.440   9.450  8.16450E-01  8.63725E-01 -5.45889E-02
    5831.742    327.050   9.500  8.34558E-01  8.62195E-01 -3.19826E-02
    5835.371    330.679   9.550  8.53937E-01  8.60910E-01 -8.08266E-03
    5839.019    334.327   9.600  8.70869E-01  8.59625E-01  1.30555E-02
    5842.686    337.994   9.650  8.83112E-01  8.58341E-01  2.88101E-02
    5846.372    341.681   9.700  8.89980E-01  8.57056E-01  3.83575E-02
    5850.078    345.386   9.750  8.92195E-01  8.55771E-01  4.25051E-02
    5853.802    349.110   9.800  8.91315E-01  8.54486E-01  4.30506E-02
    5857.545    352.853   9.850  8.88997E-01  8.53202E-01  4.19138E-02
    5861.307    356.616   9.900  8.86316E-01  8.51917E-01  4.03462E-02
    5865.089    360.397   9.950  8.83386E-01  8.50632E-01  3.84814E-02
    5868.889    364.198  10.000  8.79399E-01  8.49347E-01  3.53669E-02
    5872.709    368.017  10.050  8.72750E-01  8.47733E-01  2.94969E-02
    5876.547    371.856  10.100  8.62488E-01  8.46119E-01  1.93368E-02
    5880.405    375.713  10.150  8.48247E-01  8.44505E-01  4.42959E-03
    5884.282    379.590  10.200  8.30935E-01  8.42890E-01 -1.41760E-02
    5888.177    383.486  10.250  8.12744E-01  8.41276E-01 -3.38957E-02
    5892.092    387.400  10.300  7.96713E-01  8.39662E-01 -5.11195E-02
    5896.026    391.334  10.350  7.85948E-01  8.38048E-01 -6.21289E-02
    5899.979    395.287  10.400  7.82739E-01  8.36433E-01 -6.41520E-02
    5903.951    399.259  10.450  7.87845E-01  8.34819E-01 -5.62302E-02
    5907.942    403.250  10.500  8.00172E-01  8.33205E-01 -3.96171E-02
    5911.952    407.260  10.550  8.16972E-01  8.31591E-01 -1.75666E-02
    5915.981    411.289  10.600  8.34505E-01  8.29976E-01  5.45220E-03
    5920.029    415.337  10.650  8.49002E-01  8.28362E-01  2.48970E-02
    5924.096    419.404  10.700  8.57632E-01  8.26748E-01  3.73244E-02
    5928.182    423.490  10.750  8.59201E-01  8.25134E-01  4.12514E-02
    5932.287    427.596  10.800  8.54389E-01  8.23520E-01  3.74519E-02
    5936.412    431.720  10.850  8.45436E-01  8.21905E-01  2.86036E-02
    5940.555    435.863  10.900  8.35392E-01  8.20291E-01  1.83921E-02
    5944.718    440.026  10.950  8.27152E-01  8.18677E-01  1.03424E-02
    5948.899    444.207  11.000  8.22569E-01  8.17063E-01  6.73255E-03
    5953.100    448.408  11.050  8.22069E-01  8.15562E-01  7.97054E-03
    5957.319    452.627  11.100  8.24156E-01  8.14062E-01  1.23860E-02
    5961.558    456.866  11.150  8.26298E-01  8.12562E-01  1.68867E-02
    5965.815    461.124  11.200  8.25659E-01  8.11062E-01  1.79795E-02
    5970.092    465.400  11.250  8.20089E-01  8.09561E-01  1.29900E-02
    5974.388    469.696  11.300  8.08927E-01  8.08061E-01  1.07074E-03
    5978.703    474.011  11.350  7.93383E-01  8.06561E-01 -1.63204E-02
    5983.036    478.345  11.400  7.76339E-01  8.05061E-01 -3.56374E-02
    5987.389    482.698  11.450  7.61633E-01  8.03561E-01 -5.21203E-02
    5991.761    487.070  11.500  7.53008E-01  8.02060E-01 -6.10905E-02
    5996.152    491.461  11.550  7.53034E-01  8.00560E-01 -5.92997E-02
    6000.562    495.871  11.600  7.62308E-01  7.99060E-01 -4.59424E-02
    6004.992    500.300  11.650  7.79172E-01  7.97560E-01 -2.30292E-02
    6009.440    504.748  11.700  8.00045E-01  7.96059E-01  5.00037E-03
    6013.907    509.215  11.750  8.20282E-01  7.94559E-01  3.23369E-02
    6018.393    513.701  11.800  8.35335E-01  7.93059E-01  5.32459E-02
    6022.898    518.207  11.850  8.41887E-01  7.91559E-01  6.35069E-02
    6027.423    522.731  11.900  8.38668E-01  7.90059E-01  6.14543E-02
    6031.966    527.274  11.950  8.26720E-01  7.88558E-01  4.83371E-02
    6036.529    531.837  12.000  8.09051E-01  7.87058E-01  2.79096E-02
    6041.110    536.418  12.050  7.89573E-01  7.85378E-01  5.33458E-03
    6045.711    541.019  12.100  7.72556E-01  7.83699E-01 -1.41986E-02
    6050.330    545.639  12.150  7.61132E-01  7.82019E-01 -2.66722E-02
    6054.969    550.277  12.200  7.56646E-01  7.80339E-01 -3.03185E-02
    6059.627    554.935  12.250  7.58440E-01  7.78659E-01 -2.59282E-02
    6064.303    559.612  12.300  7.64192E-01  7.76980E-01 -1.64321E-02
    6068.999    564.308  12.350  7.70716E-01  7.75300E-01 -5.90257E-03
    6073.714    569.022  12.400  7.74955E-01  7.73620E-01  1.72244E-03
    6078.448    573.756  12.450  7.74892E-01  7.71941E-01  3.81664E-03
    6083.201    578.509  12.500  7.70113E-01  7.70261E-01 -1.91095E-04
    6087.973    583.281  12.550  7.61875E-01  7.68581E-01 -8.70906E-03
    6092.764    588.072  12.600  7.52667E-01  7.66901E-01 -1.85242E-02
    6097.574    592.882  12.650  7.45425E-01  7.65222E-01 -2.58186E-02
    6102.403    597.712  12.700  7.42612E-01  7.63542E-01 -2.73541E-02
    6107.251    602.560  12.750  7.45464E-01  7.61862E-01 -2.14774E-02
    6112.119    607.427  12.800  7.53587E-01  7.60182E-01 -8.65709E-03
    6117.005    612.313  12.850  7.65036E-01  7.58503E-01  8.59393E-03
    6121.910    617.219  12.900  7.76835E-01  7.56823E-01  2.63803E-02
    6126.835    622.143  12.950  7.85779E-01  7.55143E-01  4.04716E-02
    6131.778    627.087  13.000  7.89293E-01  7.53464E-01  4.74346E-02
    6136.741    632.049  13.050  7.86198E-01  7.51825E-01  4.56059E-02
    6141.722    637.031  13.100  7.76679E-01  7.50186E-01  3.52260E-02
    6146.723    642.031  13.150  7.62539E-01  7.48547E-01  1.86438E-02
    6151.743    647.051  13.200  7.46565E-01  7.46908E-01 -4.58124E-04
    6156.781    652.090  13.250  7.31787E-01  7.45270E-01 -1.80443E-02
    6161.839    657.147  13.300  7.20710E-01  7.43631E-01 -3.07434E-02
    6166.916    662.224  13.350  7.14747E-01  7.41992E-01 -3.66228E-02
    6172.012    667.320  13.400  7.13982E-01  7.40353E-01 -3.55253E-02
    6177.127    672.435  13.450  7.17304E-01  7.38715E-01 -2.89069E-02
    6182.261    677.569  13.500  7.22842E-01  7.37076E-01 -1.92589E-02
    6187.414    682.722  13.550  7.28571E-01  7.35437E-01 -9.31122E-03
    6192.586    687.894  13.600  7.32871E-01  7.33798E-01 -1.26029E-03
    6197.777    693.085  13.650  7.34918E-01  7.32159E-01  3.75701E-03
    6202.987    698.295  13.700  7.34779E-01  7.30521E-01  5.81335E-03
    6208.216    703.524  13.750  7.33234E-01  7.28882E-01  5.95403E-03
    6213.464    708.773  13.800  7.31386E-01  7.27243E-01  5.68022E-03
    6218.732    714.040  13.850  7.30216E-01  7.25604E-01  6.33728E-03
    6224.018    719.326  13.900  7.30216E-01  7.23966E-01  8.60954E-03
    6229.323    724.632  13.950  7.31221E-01  7.22327E-01  1.22777E-02
    6234.648    729.956  14.000  7.32472E-01  7.20688E-01  1.63034E-02
    6239.991    735.300  14.050  7.32876E-01  7.19000E-01  1.92445E-02
    6245.354    740.662  14.100  7.31405E-01  7.17311E-01  1.95923E-02
    6250.735    746.044  14.150  7.27464E-01  7.15623E-01  1.65002E-02
    6256.136    751.444  14.200  7.21121E-01  7.13934E-01  1.00388E-02
    6261.556    756.864  14.250  7.13125E-01  7.12246E-01  1.23045E-03
    6266.995    762.303  14.300  7.04705E-01  7.10558E-01 -8.21424E-03
    6272.452    767.761  14.350  6.97233E-01  7.08869E-01 -1.63710E-02
    6277.929    773.238  14.400  6.91839E-01  7.07181E-01 -2.16368E-02
    6283.425    778.733  14.450  6.89112E-01  7.05492E-01 -2.31584E-02
    6288.940    784.248  14.500  6.88968E-01  7.03804E-01 -2.10252E-02
    6294.474    789.782  14.550  6.90730E-01  7.02116E-01 -1.61755E-02
    6300.027    795.335  14.600  6.93366E-01  7.00427E-01 -1.00566E-02
    6305.599    800.908  14.650  6.95828E-01  6.98739E-01 -4.15524E-03
    6311.190    806.499  14.700  6.97363E-01  6.97051E-01  4.47462E-04
    6316.801    812.109  14.750  6.97701E-01  6.95362E-01  3.35478E-03
    6322.430    817.738  14.800  6.97069E-01  6.93674E-01  4.88363E-03
    6328.078    823.386  14.850  6.96039E-01  6.91985E-01  5.84404E-03
    6333.746    829.054  14.900  6.95245E-01  6.90297E-01  7.15135E-03
    6339.432    834.740  14.950  6.95102E-01  6.88609E-01  9.40812E-03
    6345.137    840.446  15.000  6.95596E-01  6.86920E-01  1.26026E-02
