# # Once                                                         FEFF 9.6.4  
# # POT  SCF 100  5.0000   0, core-hole, AFOLP (folp(0)= 1.150)
# # Abs   Z=26 Rmt= 1.355 Rnm= 1.398 K  shell
# # Pot 1 Z=57 Rmt= 1.836 Rnm= 1.836
# # Pot 2 Z=14 Rmt= 1.356 Rnm= 1.400
# # Pot 3 Z=26 Rmt= 1.304 Rnm= 1.348
# # Gam_ch=1.309E+00 H-L exch Vi= 0.000E+00 Vr= 0.000E+00
# # Mu=-1.757E+01 kf=2.222E+00 Vint=-2.864E+01 Rs_int= 1.632
# # PATH  Rmax= 8.000,  Keep_limit= 0.00, Heap_limit 0.00  Pwcrit= 2.50%
#  S02=1.000  Temp=   0.00  Debye_temp=   0.00  Global_sig2= 0.00000
#  Energy zero shift, vr, vi    0.00000E+00   0.00000E+00
#  Curved wave amplitude ratio filter   4.000%
#     file         sig2 tot  cw amp ratio   deg  nlegs   reff  inp sig2
#           1       0.00000    100.00      1.00     2   2.4052
#           2       0.00000     98.66      1.00     2   2.4217
#           3       0.00000     95.60      1.00     2   2.4606
#           4       0.00000     95.17      1.00     2   2.4663
#           5       0.00000     94.88      1.00     2   2.4700
#           6       0.00000     85.09      1.00     2   2.5128
#           7       0.00000     84.16      1.00     2   2.5230
#           8       0.00000     89.60      1.00     2   2.5414
#           9       0.00000     89.53      1.00     2   2.5425
#          10       0.00000     85.61      1.00     2   2.5990
#          11       0.00000     74.23      1.00     2   3.3540
#          12       0.00000     72.37      1.00     2   3.3937
#          13       0.00000     32.52      1.00     2   3.5580
#          14       0.00000      6.46      2.00     3   3.6630
#          15       0.00000      6.46      2.00     3   3.6681
#          16       0.00000      8.56      2.00     3   3.7050
#          17       0.00000      6.04      2.00     3   3.7058
#          18       0.00000      8.49      2.00     3   3.7077
#          19       0.00000      7.08      2.00     3   3.7253
#          20       0.00000      8.85      2.00     3   3.7274
#          21       0.00000      8.57      2.00     3   3.7337
#          22       0.00000      8.35      2.00     3   3.7463
#          23       0.00000      8.64      2.00     3   3.7633
#          24       0.00000      8.49      2.00     3   3.7653
#          25       0.00000     35.26      1.00     2   3.8718
#          26       0.00000     30.92      1.00     2   4.0902
#          27       0.00000     61.61      2.00     2   4.0964
#          28       0.00000     30.59      1.00     2   4.1084
#          29       0.00000     30.31      1.00     2   4.1239
#          30       0.00000     29.90      1.00     2   4.1470
#          31       0.00000     29.71      1.00     2   4.1579
#          32       0.00000     29.60      1.00     2   4.1646
#          33       0.00000     29.22      1.00     2   4.1866
#          34       0.00000      8.94      2.00     3   4.2090
#          35       0.00000     28.74      1.00     2   4.2149
#          36       0.00000     28.71      1.00     2   4.2171
#          37       0.00000      8.88      2.00     3   4.2209
#          38       0.00000     28.57      1.00     2   4.2254
#          39       0.00000     28.35      1.00     2   4.2390
#          40       0.00000      9.30      2.00     3   4.3886
#          41       0.00000     22.25      4.00     3   4.4534
#          42       0.00000     24.59      1.00     2   4.4902
#          43       0.00000     10.33      2.00     3   4.4984
#          44       0.00000     10.55      2.00     3   4.5077
#          45       0.00000     10.56      2.00     3   4.5153
#          46       0.00000     24.09      1.00     2   4.5271
#          47       0.00000      9.79      2.00     3   4.5425
#          48       0.00000      9.12      2.00     3   4.5494
#          49       0.00000     47.57      2.00     2   4.5503
#          50       0.00000      5.50      2.00     3   4.5525
#          51       0.00000     10.68      2.00     3   4.5656
#          52       0.00000      8.62      2.00     3   4.5661
#          53       0.00000      8.62      2.00     3   4.5661
#          54       0.00000     23.57      1.00     2   4.5667
#          55       0.00000      6.12      2.00     3   4.5743
#          56       0.00000     11.10      2.00     3   4.5738
#          57       0.00000     12.04      2.00     3   4.5758
#          58       0.00000      9.25      2.00     3   4.5760
#          59       0.00000      4.47      2.00     3   4.5772
#          60       0.00000      5.76      2.00     3   4.5816
#          61       0.00000      5.80      2.00     3   4.5896
#          62       0.00000      4.02      2.00     3   4.5956
#          63       0.00000      5.76      2.00     3   4.5982
#          64       0.00000      9.99      2.00     3   4.5983
#          65       0.00000      9.04      2.00     3   4.5995
#          66       0.00000      8.23      2.00     3   4.6011
#          67       0.00000     23.09      1.00     2   4.6044
#          68       0.00000      8.95      2.00     3   4.6189
#          69       0.00000      9.02      2.00     3   4.6220
#          70       0.00000      8.85      2.00     3   4.6239
#          71       0.00000      8.92      2.00     3   4.6257
#          72       0.00000     22.81      1.00     2   4.6268
#          73       0.00000      5.31      2.00     3   4.6373
#          74       0.00000      8.61      2.00     3   4.6383
#          75       0.00000      7.81      2.00     3   4.6434
#          76       0.00000      8.65      2.00     3   4.6494
#          77       0.00000     22.47      1.00     2   4.6540
#          78       0.00000     14.96      2.00     3   4.7042
#          79       0.00000     15.53      2.00     3   4.7083
#          80       0.00000     14.98      2.00     3   4.7163
#          81       0.00000     15.10      2.00     3   4.7163
#          82       0.00000      6.55      2.00     3   4.7170
#          83       0.00000      9.68      2.00     3   4.7224
#          84       0.00000      9.44      2.00     3   4.7219
#          85       0.00000     14.87      2.00     3   4.7297
#          86       0.00000      8.85      2.00     3   4.7353
#          87       0.00000     13.40      2.00     3   4.7977
#          88       0.00000      5.60      1.00     4   4.8105
#          89       0.00000     13.35      1.00     2   4.8131
#          90       0.00000     22.66      2.00     3   4.8129
#          91       0.00000     38.80      2.00     3   4.8132
#          92       0.00000     30.58      1.00     4   4.8132
#          93       0.00000     13.06      2.00     3   4.8167
#          94       0.00000     21.64      2.00     4   4.8270
#          95       0.00000     12.75      2.00     3   4.8435
#          96       0.00000      5.44      1.00     4   4.8434
#         101       0.00000     19.64      1.00     2   4.9072
#         102       0.00000      5.09      1.00     4   4.9212
#         105       0.00000      5.04      1.00     4   4.9325
#         107       0.00000      5.01      1.00     4   4.9399
#         108       0.00000     19.29      1.00     2   4.9409
#         109       0.00000     31.69      2.00     3   4.9411
#         110       0.00000     19.27      1.00     2   4.9435
#         112       0.00000     19.21      1.00     2   4.9491
#         113       0.00000     12.41      2.00     3   4.9614
#         115       0.00000     40.34      2.00     3   4.9655
#         116       0.00000     32.13      2.00     3   4.9718
#         117       0.00000     13.11      1.00     4   4.9750
#         118       0.00000     18.89      1.00     2   4.9819
#         119       0.00000     11.33      2.00     4   4.9835
#         120       0.00000     29.72      2.00     3   4.9861
#         121       0.00000     21.73      1.00     4   4.9874
#         122       0.00000     19.61      2.00     3   4.9897
#         124       0.00000     18.72      1.00     2   4.9990
#         125       0.00000     13.95      1.00     4   5.0027
#         127       0.00000     17.49      2.00     4   5.0088
#         128       0.00000     30.69      2.00     3   5.0140
#         129       0.00000     11.64      1.00     4   5.0231
#         130       0.00000     32.62      2.00     3   5.0275
#         132       0.00000     13.03      1.00     4   5.0460
#         133       0.00000     18.74      2.00     3   5.0484
#         134       0.00000     14.71      1.00     4   5.0560
#         135       0.00000     18.10      1.00     2   5.0647
#         136       0.00000     16.38      2.00     4   5.0689
#         137       0.00000     27.58      1.00     2   5.0823
#         138       0.00000      4.45      1.00     4   5.0828
#         139       0.00000      4.44      1.00     4   5.0850
#         140       0.00000     27.39      1.00     2   5.0963
#         141       0.00000     27.45      2.00     3   5.1036
#         142       0.00000     10.43      1.00     4   5.1424
#         143       0.00000      4.05      1.00     4   5.1980
#         144       0.00000      4.63      2.00     3   5.3539
#         145       0.00000     15.45      1.00     2   5.3791
#         146       0.00000      4.47      2.00     3   5.3790
#         147       0.00000     15.17      1.00     2   5.4158
#         148       0.00000      8.39      2.00     3   5.4236
#         149       0.00000      8.21      2.00     3   5.4451
#         150       0.00000     29.53      2.00     2   5.4715
#         151       0.00000      8.51      2.00     3   5.4774
#         152       0.00000      5.01      2.00     3   5.4801
#         153       0.00000      7.56      2.00     3   5.4912
#         154       0.00000      7.25      2.00     3   5.5020
#         155       0.00000      5.01      2.00     3   5.5187
#         156       0.00000      7.13      2.00     3   5.5200
#         157       0.00000      4.16      2.00     3   5.5355
#         160       0.00000      8.35      4.00     3   5.6291
#         161       0.00000      5.47      2.00     3   5.6775
#         162       0.00000      6.07      2.00     3   5.7645
#         163       0.00000     12.82      1.00     2   5.7667
#         164       0.00000      6.05      2.00     3   5.7762
#         165       0.00000      6.70      2.00     3   5.7762
#         166       0.00000     12.72      1.00     2   5.7827
#         167       0.00000     12.68      1.00     2   5.7893
#         168       0.00000     12.59      1.00     2   5.8048
#         169       0.00000      7.45      1.00     2   5.8053
#         170       0.00000      7.42      1.00     2   5.8136
#         171       0.00000     12.37      1.00     2   5.8423
#         172       0.00000     19.13      1.00     2   5.8578
#         173       0.00000      4.74      2.00     3   5.8604
#         174       0.00000     40.26      2.00     3   5.8636
#         175       0.00000     10.89      2.00     3   5.8663
#         176       0.00000     24.61      1.00     4   5.8694
#         177       0.00000     12.18      1.00     2   5.8759
#         178       0.00000     16.70      2.00     3   5.8945
#         179       0.00000     14.09      2.00     4   5.8954
#         180       0.00000     12.07      1.00     2   5.8961
#         181       0.00000     18.78      1.00     2   5.8986
#         182       0.00000     42.83      2.00     3   5.9019
#         183       0.00000     10.32      2.00     3   5.9035
#         184       0.00000     25.66      1.00     4   5.9052
#         185       0.00000      9.49      2.00     4   5.9065
#         186       0.00000     10.54      2.00     3   5.9542
#         188       0.00000     11.66      1.00     2   5.9700
#         189       0.00000     11.65      1.00     2   5.9718
#         190       0.00000     11.56      1.00     2   5.9888
#         191       0.00000     11.56      1.00     2   5.9899
#         192       0.00000      4.02      2.00     3   5.9910
#         194       0.00000     11.47      1.00     2   6.0056
#         195       0.00000     11.46      1.00     2   6.0080
#         196       0.00000     11.40      1.00     2   6.0191
#         198       0.00000      4.70      2.00     3   6.0417
#         199       0.00000     11.28      1.00     2   6.0435
#         200       0.00000     11.17      1.00     2   6.0643
#         201       0.00000      4.41      2.00     3   6.0674
#         202       0.00000     11.15      1.00     2   6.0678
#         203       0.00000     10.28      2.00     3   6.0820
#         204       0.00000     10.89      1.00     2   6.1201
#         205       0.00000     10.87      1.00     2   6.1235
#         206       0.00000      5.99      2.00     3   6.1255
#         207       0.00000     12.33      4.00     3   6.1294
#         208       0.00000      5.89      2.00     3   6.1445
#         209       0.00000      5.88      2.00     3   6.1600
#         210       0.00000      5.98      2.00     3   6.1702
#         212       0.00000     10.58      1.00     2   6.1845
#         214       0.00000     10.52      1.00     2   6.1962
#         215       0.00000     10.47      1.00     2   6.2077
#         216       0.00000     10.46      1.00     2   6.2106
#         217       0.00000      5.63      2.00     3   6.2102
#         218       0.00000      5.68      2.00     3   6.2206
#         219       0.00000      8.00      2.00     3   6.2322
#         220       0.00000      7.89      2.00     3   6.2440
#         221       0.00000      4.18      2.00     3   6.2621
#         222       0.00000      7.78      2.00     3   6.2627
#         223       0.00000      4.61      2.00     3   6.2718
#         225       0.00000      4.74      2.00     3   6.2729
#         226       0.00000     10.15      1.00     2   6.2778
#         227       0.00000      4.12      2.00     3   6.2818
#         228       0.00000      8.47      2.00     3   6.2825
#         230       0.00000      4.72      2.00     3   6.2859
#         231       0.00000      7.80      2.00     3   6.2877
#         232       0.00000     10.05      1.00     2   6.3005
#         233       0.00000      6.37      2.00     3   6.3022
#         234       0.00000     10.03      1.00     2   6.3047
#         235       0.00000      7.16      2.00     3   6.3102
#         236       0.00000      8.38      2.00     3   6.3109
#         239       0.00000      5.70      1.00     2   6.3133
#         240       0.00000      4.09      2.00     3   6.3134
#         242       0.00000      4.61      2.00     3   6.3191
#         243       0.00000      5.34      2.00     3   6.3191
#         244       0.00000      5.68      1.00     2   6.3198
#         247       0.00000      8.91      2.00     3   6.3394
#         249       0.00000      8.32      2.00     3   6.3453
#         250       0.00000      5.14      2.00     3   6.3482
#         251       0.00000      4.34      2.00     3   6.3574
#         252       0.00000      5.14      2.00     3   6.3602
#         255       0.00000      4.07      2.00     3   6.3729
#         257       0.00000      9.69      1.00     2   6.3828
#         259       0.00000      8.62      2.00     3   6.4004
#         260       0.00000      5.00      2.00     3   6.4052
#         261       0.00000      4.06      2.00     3   6.4076
#         262       0.00000      5.55      2.00     3   6.4079
#         263       0.00000      6.13      2.00     3   6.4093
#         264       0.00000      6.10      2.00     3   6.4093
#         265       0.00000      9.56      1.00     2   6.4128
#         267       0.00000      6.09      2.00     3   6.4248
#         268       0.00000      4.29      2.00     3   6.4253
#         269       0.00000      4.56      2.00     3   6.4253
#         271       0.00000      9.49      1.00     2   6.4296
#         272       0.00000      4.19      2.00     3   6.4315
#         273       0.00000      4.51      2.00     3   6.4326
#         275       0.00000      5.35      1.00     2   6.4357
#         276       0.00000      5.54      2.00     3   6.4365
#         278       0.00000      4.72      2.00     3   6.4390
#         279       0.00000      5.55      2.00     3   6.4438
#         280       0.00000      9.41      1.00     2   6.4502
#         282       0.00000      4.47      2.00     3   6.4610
#         283       0.00000      4.34      2.00     3   6.4617
#         284       0.00000      4.51      2.00     3   6.4654
#         287       0.00000      4.99      2.00     3   6.4744
#         288       0.00000      9.31      1.00     2   6.4746
#         291       0.00000      6.14      2.00     3   6.4805
#         292       0.00000      9.27      1.00     2   6.4836
#         293       0.00000      5.91      2.00     3   6.4896
#         294       0.00000      4.80      2.00     3   6.4964
#         296       0.00000      7.37      2.00     3   6.4978
#         298       0.00000      5.13      2.00     3   6.5025
#         299       0.00000      9.19      1.00     2   6.5041
#         300       0.00000     12.90      2.00     3   6.5068
#         301       0.00000      5.16      1.00     2   6.5074
#         302       0.00000      7.30      2.00     3   6.5127
#         303       0.00000     18.29      2.00     2   6.5153
#         305       0.00000     12.07      2.00     3   6.5207
#         306       0.00000      9.06      1.00     2   6.5358
#         307       0.00000      9.05      1.00     2   6.5386
#         308       0.00000      4.88      1.00     4   6.5390
#         310       0.00000      4.49      2.00     4   6.5456
#         311       0.00000      6.45      2.00     3   6.5530
#         312       0.00000     12.56      2.00     3   6.5556
#         313       0.00000     12.00      2.00     3   6.5554
#         314       0.00000      4.25      1.00     4   6.5578
#         315       0.00000     15.68      2.00     3   6.5594
#         316       0.00000      4.48      2.00     4   6.5601
#         317       0.00000     15.45      2.00     3   6.5628
#         321       0.00000      7.40      1.00     4   6.5830
#         322       0.00000      7.19      1.00     4   6.5869
#         324       0.00000     13.18      2.00     3   6.6014
#         325       0.00000      8.79      1.00     2   6.6075
#         326       0.00000      8.78      1.00     2   6.6098
#         327       0.00000     12.96      2.00     3   6.6158
#         329       0.00000      8.73      1.00     2   6.6230
#         331       0.00000      5.89      2.00     3   6.6259
#         332       0.00000     15.89      2.00     3   6.6268
#         334       0.00000      8.65      1.00     2   6.6439
#         335       0.00000      7.95      1.00     4   6.6461
#         336       0.00000      7.31      2.00     3   6.6465
#         338       0.00000     17.24      2.00     2   6.6520
#         339       0.00000     17.18      2.00     3   6.6539
#         340       0.00000      8.61      1.00     2   6.6541
#         341       0.00000     13.04      2.00     3   6.6674
#         342       0.00000      8.55      1.00     2   6.6716
#         343       0.00000      7.13      2.00     3   6.6732
#         344       0.00000     13.75      2.00     3   6.6745
#         345       0.00000      5.08      2.00     4   6.6754
#         346       0.00000     14.19      2.00     3   6.6787
#         347       0.00000     12.70      2.00     3   6.6787
#         348       0.00000      5.87      1.00     4   6.6816
#         350       0.00000     17.62      2.00     3   6.6844
#         352       0.00000      6.09      1.00     4   6.6949
#         353       0.00000      8.46      1.00     2   6.6961
#         354       0.00000      9.01      1.00     4   6.6979
#         355       0.00000      5.42      1.00     4   6.6981
#         356       0.00000      6.44      1.00     4   6.6988
#   302/ 342 paths used
#  xsedge+50, used to normalize mu           3.2635E-04
#  -----------------------------------------------------------------------
#  omega    e    k    mu    mu0     chi     @#
    7120.384    -17.569   0.000  1.91865E-01  2.71828E-01 -1.63831E-01
    7120.394    -17.560   0.050  1.95871E-01  2.76685E-01 -1.65326E-01
    7120.422    -17.531   0.100  1.99897E-01  2.81543E-01 -1.66775E-01
    7120.470    -17.484   0.150  2.11627E-01  2.95822E-01 -1.71205E-01
    7120.537    -17.417   0.200  2.23496E-01  3.10102E-01 -1.75316E-01
    7120.622    -17.331   0.250  2.40914E-01  3.31781E-01 -1.82580E-01
    7120.727    -17.227   0.300  2.58507E-01  3.53459E-01 -1.89391E-01
    7120.851    -17.103   0.350  2.76088E-01  3.77414E-01 -2.00073E-01
    7120.994    -16.960   0.400  2.93650E-01  4.01369E-01 -2.10582E-01
    7121.156    -16.798   0.450  3.06026E-01  4.22987E-01 -2.25794E-01
    7121.337    -16.617   0.500  3.18103E-01  4.44604E-01 -2.41203E-01
    7121.537    -16.417   0.550  3.23843E-01  4.62860E-01 -2.61205E-01
    7121.756    -16.198   0.600  3.29249E-01  4.81115E-01 -2.81250E-01
    7121.994    -15.960   0.650  3.29856E-01  4.96940E-01 -3.04373E-01
    7122.251    -15.703   0.700  3.30554E-01  5.12765E-01 -3.26588E-01
    7122.527    -15.426   0.750  3.28775E-01  5.27254E-01 -3.49433E-01
    7122.823    -15.131   0.800  3.27767E-01  5.41743E-01 -3.70148E-01
    7123.137    -14.817   0.850  3.26167E-01  5.55646E-01 -3.89491E-01
    7123.470    -14.483   0.900  3.25613E-01  5.69548E-01 -4.06378E-01
    7123.823    -14.131   0.950  3.24857E-01  5.83265E-01 -4.22063E-01
    7124.194    -13.759   1.000  3.24352E-01  5.96981E-01 -4.36746E-01
    7124.585    -13.369   1.050  3.24839E-01  6.10717E-01 -4.48847E-01
    7124.994    -12.959   1.100  3.27698E-01  6.24453E-01 -4.56826E-01
    7125.423    -12.531   1.150  3.34592E-01  6.38258E-01 -4.58109E-01
    7125.871    -12.083   1.200  3.48446E-01  6.52063E-01 -4.49047E-01
    7126.337    -11.616   1.250  3.69858E-01  6.65913E-01 -4.29188E-01
    7126.823    -11.131   1.300  4.01070E-01  6.79764E-01 -3.96171E-01
    7127.328    -10.626   1.350  4.42402E-01  6.93561E-01 -3.50128E-01
    7127.852    -10.102   1.400  4.93525E-01  7.07358E-01 -2.92441E-01
    7128.395     -9.559   1.450  5.52783E-01  7.20995E-01 -2.25768E-01
    7128.957     -8.997   1.500  6.16923E-01  7.34631E-01 -1.55097E-01
    7129.538     -8.416   1.550  6.82305E-01  7.47945E-01 -8.49630E-02
    7130.138     -7.816   1.600  7.44537E-01  7.61259E-01 -2.12695E-02
    7130.757     -7.197   1.650  8.00014E-01  7.74091E-01  3.24270E-02
    7131.395     -6.559   1.700  8.45475E-01  7.86924E-01  7.20519E-02
    7132.052     -5.901   1.750  8.79188E-01  7.99111E-01  9.70483E-02
    7132.729     -5.225   1.800  9.00850E-01  8.11297E-01  1.06910E-01
    7133.424     -4.530   1.850  9.11223E-01  8.22673E-01  1.04264E-01
    7134.138     -3.815   1.900  9.13251E-01  8.34050E-01  9.19975E-02
    7134.872     -3.082   1.950  9.11348E-01  8.44443E-01  7.67765E-02
    7135.624     -2.330   2.000  9.08557E-01  8.54836E-01  6.09107E-02
    7136.396     -1.558   2.050  9.08791E-01  8.63496E-01  5.08685E-02
    7137.186     -0.767   2.100  9.12655E-01  8.72156E-01  4.50547E-02
    7137.996      0.042   2.150  9.20726E-01  8.80815E-01  4.39852E-02
    7138.825      0.871   2.200  9.32360E-01  8.89475E-01  4.68255E-02
    7139.672      1.719   2.250  9.45231E-01  8.94606E-01  5.50147E-02
    7140.539      2.585   2.300  9.57383E-01  8.99738E-01  6.23493E-02
    7141.425      3.471   2.350  9.67452E-01  9.04869E-01  6.73720E-02
    7142.330      4.376   2.400  9.74893E-01  9.10000E-01  6.95324E-02
    7143.254      5.300   2.450  9.74185E-01  9.12820E-01  6.54901E-02
    7144.197      6.243   2.500  9.70322E-01  9.15640E-01  5.81273E-02
    7145.159      7.205   2.550  9.64956E-01  9.18461E-01  4.92299E-02
    7146.140      8.186   2.600  9.59218E-01  9.21281E-01  4.00112E-02
    7147.140      9.186   2.650  9.57173E-01  9.29719E-01  2.87482E-02
    7148.159     10.205   2.700  9.54827E-01  9.38158E-01  1.73318E-02
    7149.197     11.244   2.750  9.51878E-01  9.46597E-01  5.45324E-03
    7150.254     12.301   2.800  9.48113E-01  9.55035E-01 -7.09732E-03
    7151.331     13.377   2.850  9.40737E-01  9.59992E-01 -1.96566E-02
    7152.426     14.473   2.900  9.33706E-01  9.64949E-01 -3.17549E-02
    7153.541     15.587   2.950  9.28241E-01  9.69905E-01 -4.21654E-02
    7154.674     16.720   3.000  9.25743E-01  9.74862E-01 -4.94956E-02
    7155.827     17.873   3.050  9.23242E-01  9.77457E-01 -5.45265E-02
    7156.998     19.044   3.100  9.25311E-01  9.80052E-01 -5.49506E-02
    7158.189     20.235   3.150  9.32671E-01  9.82647E-01 -5.00714E-02
    7159.398     21.445   3.200  9.45423E-01  9.85242E-01 -3.98194E-02
    7160.627     22.673   3.250  9.59448E-01  9.85804E-01 -2.63382E-02
    7161.875     23.921   3.300  9.76870E-01  9.86366E-01 -9.48245E-03
    7163.142     25.188   3.350  9.96123E-01  9.86928E-01  9.17591E-03
    7164.428     26.474   3.400  1.01536E+00  9.87490E-01  2.77954E-02
    7165.733     27.779   3.450  1.03166E+00  9.87354E-01  4.42095E-02
    7167.057     29.103   3.500  1.04492E+00  9.87218E-01  5.76054E-02
    7168.400     30.446   3.550  1.05416E+00  9.87082E-01  6.70061E-02
    7169.762     31.808   3.600  1.05882E+00  9.86946E-01  7.18487E-02
    7171.143     33.189   3.650  1.05768E+00  9.85771E-01  7.19490E-02
    7172.543     34.589   3.700  1.05210E+00  9.84596E-01  6.76031E-02
    7173.962     36.008   3.750  1.04256E+00  9.83421E-01  5.92823E-02
    7175.400     37.447   3.800  1.02961E+00  9.82246E-01  4.75256E-02
    7176.858     38.904   3.850  1.01371E+00  9.81272E-01  3.25818E-02
    7178.334     40.380   3.900  9.95507E-01  9.80298E-01  1.52964E-02
    7179.829     41.876   3.950  9.75827E-01  9.79324E-01 -3.52104E-03
    7181.344     43.390   4.000  9.55662E-01  9.78350E-01 -2.28733E-02
    7182.877     44.924   4.050  9.35893E-01  9.77249E-01 -4.17339E-02
    7184.430     46.476   4.100  9.18588E-01  9.76149E-01 -5.81436E-02
    7186.002     48.048   4.150  9.05203E-01  9.75048E-01 -7.06223E-02
    7187.592     49.639   4.200  8.96911E-01  9.73947E-01 -7.79708E-02
    7189.202     51.248   4.250  8.95112E-01  9.73150E-01 -7.90421E-02
    7190.831     52.877   4.300  8.99159E-01  9.72352E-01 -7.41890E-02
    7192.479     54.525   4.350  9.07918E-01  9.71555E-01 -6.45486E-02
    7194.146     56.192   4.400  9.19522E-01  9.70758E-01 -5.20078E-02
    7195.831     57.878   4.450  9.32700E-01  9.70389E-01 -3.82730E-02
    7197.536     59.583   4.500  9.44239E-01  9.70021E-01 -2.61916E-02
    7199.260     61.307   4.550  9.52553E-01  9.69653E-01 -1.73780E-02
    7201.003     63.050   4.600  9.57135E-01  9.69284E-01 -1.23520E-02
    7202.766     64.812   4.650  9.58892E-01  9.69078E-01 -1.03575E-02
    7204.547     66.593   4.700  9.59153E-01  9.68872E-01 -9.88333E-03
    7206.347     68.393   4.750  9.60247E-01  9.68666E-01 -8.56213E-03
    7208.166     70.213   4.800  9.64377E-01  9.68460E-01 -4.15252E-03
    7210.005     72.051   4.850  9.73311E-01  9.68556E-01  4.83586E-03
    7211.862     73.908   4.900  9.87015E-01  9.68652E-01  1.86710E-02
    7213.738     75.785   4.950  1.00433E+00  9.68748E-01  3.61757E-02
    7215.634     77.680   5.000  1.02301E+00  9.68844E-01  5.50592E-02
    7217.548     79.595   5.050  1.04046E+00  9.69049E-01  7.25644E-02
    7219.482     81.528   5.100  1.05371E+00  9.69255E-01  8.57859E-02
    7221.435     83.481   5.150  1.06078E+00  9.69461E-01  9.27313E-02
    7223.406     85.453   5.200  1.06082E+00  9.69667E-01  9.25275E-02
    7225.397     87.443   5.250  1.05376E+00  9.69857E-01  8.51475E-02
    7227.407     89.453   5.300  1.04091E+00  9.70047E-01  7.18894E-02
    7229.435     91.482   5.350  1.02379E+00  9.70237E-01  5.43212E-02
    7231.483     93.530   5.400  1.00396E+00  9.70427E-01  3.40067E-02
    7233.550     95.597   5.450  9.82425E-01  9.70502E-01  1.20890E-02
    7235.636     97.683   5.500  9.60501E-01  9.70577E-01 -1.02147E-02
    7237.741     99.788   5.550  9.39061E-01  9.70652E-01 -3.20219E-02
    7239.865    101.912   5.600  9.19077E-01  9.70727E-01 -5.23482E-02
    7242.008    104.055   5.650  9.01672E-01  9.70553E-01 -6.98200E-02
    7244.171    106.217   5.700  8.88486E-01  9.70379E-01 -8.30177E-02
    7246.352    108.398   5.750  8.80986E-01  9.70205E-01 -9.04551E-02
    7248.552    110.598   5.800  8.80253E-01  9.70031E-01 -9.10316E-02
    7250.771    112.818   5.850  8.86516E-01  9.69584E-01 -8.42710E-02
    7253.010    115.056   5.900  8.99099E-01  9.69137E-01 -7.10892E-02
    7255.267    117.314   5.950  9.16236E-01  9.68690E-01 -5.32682E-02
    7257.544    119.590   6.000  9.35459E-01  9.68243E-01 -3.33097E-02
    7259.839    121.885   6.050  9.53631E-01  9.67316E-01 -1.39210E-02
    7262.154    124.200   6.100  9.68838E-01  9.66390E-01  2.49271E-03
    7264.487    126.534   6.150  9.79647E-01  9.65464E-01  1.44613E-02
    7266.840    128.886   6.200  9.85646E-01  9.64537E-01  2.15482E-02
    7269.212    131.258   6.250  9.87384E-01  9.63611E-01  2.42966E-02
    7271.602    133.649   6.300  9.86090E-01  9.62684E-01  2.39488E-02
    7274.012    136.059   6.350  9.83281E-01  9.61758E-01  2.20488E-02
    7276.441    138.487   6.400  9.80389E-01  9.60831E-01  2.00590E-02
    7278.889    140.935   6.450  9.78501E-01  9.59905E-01  1.90952E-02
    7281.356    143.402   6.500  9.78258E-01  9.58979E-01  1.98203E-02
    7283.842    145.888   6.550  9.79202E-01  9.57651E-01  2.21964E-02
    7286.347    148.393   6.600  9.81969E-01  9.56323E-01  2.64617E-02
    7288.871    150.918   6.650  9.86287E-01  9.54996E-01  3.23456E-02
    7291.414    153.461   6.700  9.91608E-01  9.53668E-01  3.92904E-02
    7293.977    156.023   6.750  9.97044E-01  9.52340E-01  4.63794E-02
    7296.558    158.604   6.800  1.00133E+00  9.51013E-01  5.22990E-02
    7299.158    161.205   6.850  1.00291E+00  9.49685E-01  5.54195E-02
    7301.778    163.824   6.900  1.00016E+00  9.48357E-01  5.40419E-02
    7304.416    166.462   6.950  9.91798E-01  9.47029E-01  4.67899E-02
    7307.073    169.120   7.000  9.77271E-01  9.45702E-01  3.30554E-02
    7309.750    171.796   7.050  9.57315E-01  9.44449E-01  1.34975E-02
    7312.446    174.492   7.100  9.33299E-01  9.43196E-01 -1.04019E-02
    7315.160    177.206   7.150  9.07920E-01  9.41943E-01 -3.58251E-02
    7317.894    179.940   7.200  8.84474E-01  9.40690E-01 -5.93033E-02
    7320.647    182.693   7.250  8.66181E-01  9.39437E-01 -7.74255E-02
    7323.418    185.465   7.300  8.55476E-01  9.38184E-01 -8.75789E-02
    7326.209    188.255   7.350  8.53500E-01  9.36931E-01 -8.85116E-02
    7329.019    191.065   7.400  8.59890E-01  9.35678E-01 -8.05547E-02
    7331.848    193.894   7.450  8.72962E-01  9.34425E-01 -6.54523E-02
    7334.696    196.742   7.500  8.90184E-01  9.33172E-01 -4.58644E-02
    7337.563    199.609   7.550  9.09185E-01  9.32203E-01 -2.45939E-02
    7340.449    202.495   7.600  9.27156E-01  9.31234E-01 -4.36365E-03
    7343.354    205.400   7.650  9.42389E-01  9.30266E-01  1.29905E-02
    7346.278    208.324   7.700  9.54021E-01  9.29297E-01  2.65303E-02
    7349.221    211.268   7.750  9.61896E-01  9.28329E-01  3.60723E-02
    7352.184    214.230   7.800  9.66280E-01  9.27360E-01  4.18848E-02
    7355.165    217.211   7.850  9.67563E-01  9.26391E-01  4.43722E-02
    7358.165    220.212   7.900  9.66076E-01  9.25423E-01  4.38764E-02
    7361.185    223.231   7.950  9.62069E-01  9.24454E-01  4.06559E-02
    7364.223    226.270   8.000  9.55834E-01  9.23486E-01  3.50151E-02
    7367.281    229.327   8.050  9.48048E-01  9.22671E-01  2.74978E-02
    7370.357    232.404   8.100  9.39392E-01  9.21856E-01  1.90213E-02
    7373.453    235.499   8.150  9.30962E-01  9.21041E-01  1.07726E-02
    7376.568    238.614   8.200  9.23919E-01  9.20226E-01  4.01422E-03
    7379.701    241.748   8.250  9.19177E-01  9.19411E-01 -2.55144E-04
    7382.854    244.900   8.300  9.17101E-01  9.18596E-01 -1.62835E-03
    7386.026    248.072   8.350  9.17348E-01  9.17781E-01 -4.71995E-04
    7389.217    251.263   8.400  9.18915E-01  9.16966E-01  2.12689E-03
    7392.427    254.473   8.450  9.20412E-01  9.16151E-01  4.65564E-03
    7395.656    257.702   8.500  9.20481E-01  9.15336E-01  5.62751E-03
    7398.904    260.950   8.550  9.18040E-01  9.14463E-01  3.91692E-03
    7402.171    264.217   8.600  9.13128E-01  9.13589E-01 -5.05214E-04
    7405.457    267.503   8.650  9.06384E-01  9.12715E-01 -6.94385E-03
    7408.762    270.808   8.700  8.99010E-01  9.11842E-01 -1.40841E-02
    7412.086    274.132   8.750  8.92392E-01  9.10968E-01 -2.04068E-02
    7415.429    277.476   8.800  8.87673E-01  9.10094E-01 -2.46515E-02
    7418.792    280.838   8.850  8.85439E-01  9.09221E-01 -2.61695E-02
    7422.173    284.219   8.900  8.85598E-01  9.08347E-01 -2.50543E-02
    7425.573    287.620   8.950  8.87498E-01  9.07473E-01 -2.20181E-02
    7428.993    291.039   9.000  8.90217E-01  9.06600E-01 -1.80725E-02
    7432.431    294.478   9.050  8.92636E-01  9.05535E-01 -1.42439E-02
    7435.889    297.935   9.100  8.94548E-01  9.04471E-01 -1.09685E-02
    7439.366    301.412   9.150  8.96050E-01  9.03406E-01 -8.13899E-03
    7442.861    304.908   9.200  8.97644E-01  9.02341E-01 -5.20257E-03
    7446.376    308.422   9.250  8.99948E-01  9.01277E-01 -1.47269E-03
    7449.910    311.956   9.300  9.03365E-01  9.00212E-01  3.49915E-03
    7453.463    315.509   9.350  9.07821E-01  8.99148E-01  9.63572E-03
    7457.034    319.081   9.400  9.12690E-01  8.98083E-01  1.62437E-02
    7460.625    322.672   9.450  9.16926E-01  8.97019E-01  2.21601E-02
    7464.235    326.282   9.500  9.19368E-01  8.95954E-01  2.60896E-02
    7467.864    329.911   9.550  9.19109E-01  8.94760E-01  2.71647E-02
    7471.512    333.559   9.600  9.15744E-01  8.93566E-01  2.47724E-02
    7475.179    337.226   9.650  9.09629E-01  8.92372E-01  1.93003E-02
    7478.866    340.912   9.700  9.01795E-01  8.91178E-01  1.18879E-02
    7482.571    344.617   9.750  8.93665E-01  8.89985E-01  4.12678E-03
    7486.295    348.341   9.800  8.86680E-01  8.88791E-01 -2.36922E-03
    7490.038    352.085   9.850  8.81912E-01  8.87597E-01 -6.39008E-03
    7493.801    355.847   9.900  8.79802E-01  8.86403E-01 -7.42828E-03
    7497.582    359.628   9.950  8.80086E-01  8.85209E-01 -5.77268E-03
    7501.383    363.429  10.000  8.81900E-01  8.84015E-01 -2.38679E-03
    7505.202    367.248  10.050  8.84078E-01  8.82863E-01  1.37234E-03
    7509.041    371.087  10.100  8.85340E-01  8.81712E-01  4.10360E-03
    7512.898    374.945  10.150  8.84735E-01  8.80560E-01  4.72824E-03
    7516.775    378.821  10.200  8.81820E-01  8.79409E-01  2.73474E-03
    7520.671    382.717  10.250  8.76730E-01  8.78257E-01 -1.73338E-03
    7524.585    386.632  10.300  8.70121E-01  8.77105E-01 -7.94115E-03
    7528.519    390.566  10.350  8.63006E-01  8.75954E-01 -1.47405E-02
    7532.472    394.518  10.400  8.56546E-01  8.74802E-01 -2.08109E-02
    7536.444    398.490  10.450  8.51826E-01  8.73650E-01 -2.49098E-02
    7540.435    402.481  10.500  8.49665E-01  8.72499E-01 -2.60962E-02
    7544.445    406.491  10.550  8.50465E-01  8.71347E-01 -2.38965E-02
    7548.474    410.520  10.600  8.54138E-01  8.70196E-01 -1.83996E-02
    7552.522    414.568  10.650  8.60098E-01  8.69044E-01 -1.02646E-02
    7556.589    418.636  10.700  8.67340E-01  8.67892E-01 -6.34159E-04
    7560.676    422.722  10.750  8.74605E-01  8.66741E-01  9.04704E-03
    7564.781    426.827  10.800  8.80599E-01  8.65589E-01  1.72892E-02
    7568.905    430.951  10.850  8.84248E-01  8.64438E-01  2.28492E-02
    7573.048    435.095  10.900  8.84927E-01  8.63286E-01  2.49936E-02
    7577.211    439.257  10.950  8.82598E-01  8.62134E-01  2.36651E-02
    7581.392    443.439  11.000  8.77819E-01  8.60983E-01  1.94951E-02
    7585.593    447.639  11.050  8.71606E-01  8.59785E-01  1.37065E-02
    7589.812    451.859  11.100  8.65157E-01  8.58587E-01  7.62841E-03
    7594.051    456.097  11.150  8.59530E-01  8.57389E-01  2.48843E-03
    7598.309    460.355  11.200  8.55392E-01  8.56192E-01 -9.31152E-04
    7602.585    464.632  11.250  8.52874E-01  8.54994E-01 -2.47186E-03
    7606.881    468.927  11.300  8.51582E-01  8.53796E-01 -2.58483E-03
    7611.196    473.242  11.350  8.50781E-01  8.52598E-01 -2.12476E-03
    7615.530    477.576  11.400  8.49678E-01  8.51400E-01 -2.01632E-03
    7619.883    481.929  11.450  8.47726E-01  8.50203E-01 -2.90352E-03
    7624.255    486.301  11.500  8.44829E-01  8.49005E-01 -4.90212E-03
    7628.646    490.692  11.550  8.41389E-01  8.47807E-01 -7.54388E-03
    7633.056    495.102  11.600  8.38168E-01  8.46609E-01 -9.93661E-03
    7637.485    499.531  11.650  8.36004E-01  8.45412E-01 -1.10886E-02
    7641.933    503.979  11.700  8.35500E-01  8.44214E-01 -1.02853E-02
    7646.400    508.446  11.750  8.36768E-01  8.43016E-01 -7.38547E-03
    7650.886    512.933  11.800  8.39347E-01  8.41818E-01 -2.92566E-03
    7655.392    517.438  11.850  8.42315E-01  8.40620E-01  2.00871E-03
    7659.916    521.962  11.900  8.44570E-01  8.39423E-01  6.10987E-03
    7664.459    526.506  11.950  8.45176E-01  8.38225E-01  8.26230E-03
    7669.022    531.068  12.000  8.43668E-01  8.37027E-01  7.90415E-03
    7673.603    535.650  12.050  8.40042E-01  8.35673E-01  5.20843E-03
    7678.204    540.250  12.100  8.35177E-01  8.34320E-01  1.02330E-03
    7682.824    544.870  12.150  8.30125E-01  8.32966E-01 -3.39736E-03
    7687.462    549.509  12.200  8.25936E-01  8.31612E-01 -6.79964E-03
    7692.120    554.166  12.250  8.23324E-01  8.30258E-01 -8.32133E-03
    7696.797    558.843  12.300  8.22467E-01  8.28905E-01 -7.73719E-03
    7701.493    563.539  12.350  8.23001E-01  8.27551E-01 -5.47784E-03
    7706.207    568.254  12.400  8.24187E-01  8.26197E-01 -2.42361E-03
    7710.941    572.988  12.450  8.25212E-01  8.24843E-01  4.45129E-04
    7715.694    577.741  12.500  8.25482E-01  8.23490E-01  2.41048E-03
    7720.466    582.513  12.550  8.24826E-01  8.22136E-01  3.25937E-03
    7725.257    587.304  12.600  8.23517E-01  8.20782E-01  3.31942E-03
    7730.067    592.114  12.650  8.22125E-01  8.19428E-01  3.27910E-03
    7734.897    596.943  12.700  8.21247E-01  8.18075E-01  3.86317E-03
    7739.745    601.791  12.750  8.21220E-01  8.16721E-01  5.48830E-03
    7744.612    606.658  12.800  8.21941E-01  8.15367E-01  8.03209E-03
    7749.498    611.545  12.850  8.22844E-01  8.14013E-01  1.08079E-02
    7754.404    616.450  12.900  8.23071E-01  8.12660E-01  1.27634E-02
    7759.328    621.374  12.950  8.21761E-01  8.11306E-01  1.28389E-02
    7764.272    626.318  13.000  8.18376E-01  8.09952E-01  1.03615E-02
    7769.234    631.280  13.050  8.12907E-01  8.08622E-01  5.27934E-03
    7774.216    636.262  13.100  8.05979E-01  8.07293E-01 -1.62175E-03
    7779.216    641.263  13.150  7.98719E-01  8.05963E-01 -8.95546E-03
    7784.236    646.282  13.200  7.92434E-01  8.04633E-01 -1.51067E-02
    7789.275    651.321  13.250  7.88235E-01  8.03304E-01 -1.86911E-02
    7794.332    656.379  13.300  7.86722E-01  8.01974E-01 -1.89511E-02
    7799.409    661.455  13.350  7.87817E-01  8.00644E-01 -1.59648E-02
    7804.505    666.551  13.400  7.90808E-01  7.99315E-01 -1.06055E-02
    7809.620    671.666  13.450  7.94565E-01  7.97985E-01 -4.27073E-03
    7814.754    676.800  13.500  7.97877E-01  7.96655E-01  1.52815E-03
    7819.907    681.953  13.550  7.99782E-01  7.95326E-01  5.58449E-03
    7825.079    687.125  13.600  7.99810E-01  7.93996E-01  7.29773E-03
    7830.270    692.316  13.650  7.98055E-01  7.92666E-01  6.77540E-03
    7835.480    697.526  13.700  7.95085E-01  7.91337E-01  4.72127E-03
    7840.709    702.756  13.750  7.91721E-01  7.90007E-01  2.16188E-03
    7845.958    708.004  13.800  7.88763E-01  7.88678E-01  1.08483E-04
    7851.225    713.271  13.850  7.86765E-01  7.87348E-01 -7.38029E-04
    7856.511    718.558  13.900  7.85895E-01  7.86018E-01 -1.56214E-04
    7861.817    723.863  13.950  7.85939E-01  7.84689E-01  1.58844E-03
    7867.141    729.187  14.000  7.86408E-01  7.83359E-01  3.87984E-03
    7872.485    734.531  14.050  7.86666E-01  7.81958E-01  6.00202E-03
    7877.847    739.893  14.100  7.86273E-01  7.80557E-01  7.30041E-03
    7883.229    745.275  14.150  7.84922E-01  7.79156E-01  7.37693E-03
    7888.629    750.676  14.200  7.82570E-01  7.77755E-01  6.17137E-03
    7894.049    756.095  14.250  7.79422E-01  7.76355E-01  3.93892E-03
    7899.488    761.534  14.300  7.75847E-01  7.74954E-01  1.14902E-03
    7904.946    766.992  14.350  7.72270E-01  7.73553E-01 -1.65335E-03
    7910.423    772.469  14.400  7.69069E-01  7.72152E-01 -3.98111E-03
    7915.918    777.965  14.450  7.66499E-01  7.70751E-01 -5.50084E-03
    7921.433    783.480  14.500  7.64662E-01  7.69350E-01 -6.07646E-03
    7926.967    789.014  14.550  7.63511E-01  7.67949E-01 -5.76258E-03
    7932.520    794.567  14.600  7.62888E-01  7.66549E-01 -4.76151E-03
    7938.093    800.139  14.650  7.62569E-01  7.65148E-01 -3.36118E-03
    7943.684    805.730  14.700  7.62315E-01  7.63747E-01 -1.87015E-03
    7949.294    811.340  14.750  7.61918E-01  7.62346E-01 -5.60521E-04
    7954.923    816.969  14.800  7.61231E-01  7.60945E-01  3.74676E-04
    7960.571    822.618  14.850  7.60189E-01  7.59544E-01  8.46052E-04
    7966.239    828.285  14.900  7.58807E-01  7.58143E-01  8.72435E-04
    7971.925    833.972  14.950  7.57171E-01  7.56743E-01  5.64757E-04
    7977.631    839.677  15.000  7.55411E-01  7.55342E-01  9.13466E-05
    7983.355    845.401  15.050  7.53621E-01  7.53902E-01 -3.71701E-04
    7989.099    851.145  15.100  7.51937E-01  7.52463E-01 -6.96973E-04
    7994.861    856.908  15.150  7.50420E-01  7.51023E-01 -8.01179E-04
    8000.643    862.689  15.200  7.49067E-01  7.49584E-01 -6.87154E-04
    8006.444    868.490  15.250  7.47819E-01  7.48144E-01 -4.33354E-04
    8012.263    874.310  15.300  7.46590E-01  7.46705E-01 -1.53637E-04
    8018.102    880.149  15.350  7.45309E-01  7.45265E-01  5.82516E-05
    8023.960    886.006  15.400  7.43958E-01  7.43826E-01  1.76993E-04
    8029.837    891.883  15.450  7.42584E-01  7.42387E-01  2.65014E-04
    8035.733    897.779  15.500  7.41282E-01  7.40947E-01  4.51154E-04
    8041.648    903.694  15.550  7.40155E-01  7.39508E-01  8.73304E-04
    8047.582    909.628  15.600  7.39256E-01  7.38068E-01  1.60570E-03
    8053.535    915.581  15.650  7.38548E-01  7.36629E-01  2.60058E-03
    8059.507    921.554  15.700  7.37894E-01  7.35189E-01  3.67141E-03
    8065.498    927.545  15.750  7.37081E-01  7.33750E-01  4.53074E-03
    8071.509    933.555  15.800  7.35887E-01  7.32310E-01  4.87496E-03
    8077.538    939.584  15.850  7.34158E-01  7.30871E-01  4.48856E-03
    8083.586    945.633  15.900  7.31865E-01  7.29431E-01  3.33005E-03
    8089.654    951.700  15.950  7.29133E-01  7.27992E-01  1.56527E-03
    8095.740    957.786  16.000  7.26211E-01  7.26552E-01 -4.68609E-04
    8101.846    963.892  16.050  7.23388E-01  7.25118E-01 -2.38180E-03
    8107.970    970.017  16.100  7.20955E-01  7.23684E-01 -3.76545E-03
    8114.114    976.160  16.150  7.19050E-01  7.22250E-01 -4.42369E-03
    8120.276    982.323  16.200  7.17643E-01  7.20816E-01 -4.39516E-03
    8126.458    988.504  16.250  7.16551E-01  7.19382E-01 -3.92937E-03
    8132.659    994.705  16.300  7.15514E-01  7.17948E-01 -3.38588E-03
    8138.879   1000.925  16.350  7.14296E-01  7.16514E-01 -3.09114E-03
    8145.118   1007.164  16.400  7.12785E-01  7.15080E-01 -3.20483E-03
    8151.375   1013.422  16.450  7.11040E-01  7.13646E-01 -3.64642E-03
    8157.652   1019.699  16.500  7.09279E-01  7.12212E-01 -4.11247E-03
    8163.948   1025.995  16.550  7.07801E-01  7.10778E-01 -4.18246E-03
    8170.263   1032.310  16.600  7.06874E-01  7.09344E-01 -3.47830E-03
    8176.598   1038.644  16.650  7.06619E-01  7.07910E-01 -1.82125E-03
    8182.951   1044.997  16.700  7.06951E-01  7.06476E-01  6.71322E-04
    8189.323   1051.369  16.750  7.07574E-01  7.05042E-01  3.58739E-03
    8195.714   1057.760  16.800  7.08062E-01  7.03608E-01  6.32401E-03
    8202.124   1064.171  16.850  7.07981E-01  7.02174E-01  8.26153E-03
    8208.554   1070.600  16.900  7.07018E-01  7.00740E-01  8.95083E-03
    8215.002   1077.049  16.950  7.05081E-01  6.99306E-01  8.25089E-03
    8221.470   1083.516  17.000  7.02321E-01  6.97871E-01  6.37034E-03
    8227.956   1090.002  17.050  6.99066E-01  6.96418E-01  3.79934E-03
    8234.462   1096.508  17.100  6.95753E-01  6.94964E-01  1.13366E-03
    8240.986   1103.033  17.150  6.92772E-01  6.93511E-01 -1.06434E-03
    8247.530   1109.576  17.200  6.90363E-01  6.92057E-01 -2.44533E-03
    8254.093   1116.139  17.250  6.88562E-01  6.90603E-01 -2.95376E-03
    8260.674   1122.721  17.300  6.87213E-01  6.89150E-01 -2.80768E-03
    8267.275   1129.321  17.350  6.86051E-01  6.87696E-01 -2.39017E-03
    8273.895   1135.941  17.400  6.84804E-01  6.86242E-01 -2.09419E-03
    8280.534   1142.580  17.450  6.83297E-01  6.84789E-01 -2.17704E-03
    8287.192   1149.238  17.500  6.81507E-01  6.83335E-01 -2.67386E-03
    8293.869   1155.915  17.550  6.79564E-01  6.81881E-01 -3.39711E-03
    8300.565   1162.611  17.600  6.77693E-01  6.80428E-01 -4.01743E-03
    8307.280   1169.326  17.650  6.76126E-01  6.78974E-01 -4.19316E-03
    8314.014   1176.060  17.700  6.75012E-01  6.77520E-01 -3.70074E-03
    8320.767   1182.814  17.750  6.74362E-01  6.76067E-01 -2.52014E-03
    8327.540   1189.586  17.800  6.74041E-01  6.74613E-01 -8.47961E-04
    8334.331   1196.377  17.850  6.73808E-01  6.73159E-01  9.63113E-04
    8341.141   1203.188  17.900  6.73395E-01  6.71706E-01  2.51428E-03
    8347.971   1210.017  17.950  6.72585E-01  6.70252E-01  3.48075E-03
    8354.819   1216.865  18.000  6.71275E-01  6.68798E-01  3.70230E-03
    8361.687   1223.733  18.050  6.69499E-01  6.67348E-01  3.22339E-03
    8368.573   1230.619  18.100  6.67396E-01  6.65898E-01  2.24953E-03
    8375.479   1237.525  18.150  6.65169E-01  6.64447E-01  1.08668E-03
    8382.403   1244.450  18.200  6.63028E-01  6.62997E-01  4.61417E-05
    8389.347   1251.393  18.250  6.61126E-01  6.61547E-01 -6.35803E-04
    8396.310   1258.356  18.300  6.59538E-01  6.60096E-01 -8.45585E-04
    8403.292   1265.338  18.350  6.58251E-01  6.58646E-01 -5.99770E-04
    8410.292   1272.339  18.400  6.57183E-01  6.57196E-01 -1.85252E-05
    8417.312   1279.359  18.450  6.56217E-01  6.55745E-01  7.19821E-04
    8424.351   1286.398  18.500  6.55228E-01  6.54295E-01  1.42638E-03
    8431.409   1293.456  18.550  6.54110E-01  6.52844E-01  1.93928E-03
    8438.486   1300.533  18.600  6.52792E-01  6.51394E-01  2.14634E-03
    8445.582   1307.629  18.650  6.51240E-01  6.49944E-01  1.99479E-03
    8452.698   1314.744  18.700  6.49461E-01  6.48493E-01  1.49273E-03
    8459.832   1321.878  18.750  6.47500E-01  6.47043E-01  7.06046E-04
    8466.985   1329.031  18.800  6.45432E-01  6.45593E-01 -2.48756E-04
    8474.157   1336.204  18.850  6.43358E-01  6.44142E-01 -1.21870E-03
    8481.349   1343.395  18.900  6.41383E-01  6.42692E-01 -2.03843E-03
    8488.559   1350.605  18.950  6.39599E-01  6.41241E-01 -2.56369E-03
    8495.788   1357.835  19.000  6.38060E-01  6.39791E-01 -2.70824E-03
    8503.037   1365.083  19.050  6.36779E-01  6.38362E-01 -2.48099E-03
    8510.305   1372.351  19.100  6.35677E-01  6.36933E-01 -1.97263E-03
    8517.591   1379.637  19.150  6.34645E-01  6.35503E-01 -1.35200E-03
    8524.897   1386.943  19.200  6.33558E-01  6.34074E-01 -8.14818E-04
    8532.221   1394.268  19.250  6.32316E-01  6.32645E-01 -5.20232E-04
    8539.565   1401.612  19.300  6.30880E-01  6.31216E-01 -5.32464E-04
    8546.928   1408.974  19.350  6.29289E-01  6.29786E-01 -7.89795E-04
    8554.310   1416.356  19.400  6.27656E-01  6.28357E-01 -1.11592E-03
    8561.711   1423.757  19.450  6.26130E-01  6.26928E-01 -1.27455E-03
    8569.131   1431.177  19.500  6.24841E-01  6.25498E-01 -1.05180E-03
    8576.570   1438.616  19.550  6.23858E-01  6.24069E-01 -3.39166E-04
    8584.028   1446.074  19.600  6.23146E-01  6.22640E-01  8.13270E-04
    8591.505   1453.551  19.650  6.22573E-01  6.21211E-01  2.19491E-03
    8599.001   1461.047  19.700  6.21941E-01  6.19781E-01  3.48858E-03
    8606.516   1468.562  19.750  6.21048E-01  6.18352E-01  4.36479E-03
    8614.050   1476.097  19.800  6.19748E-01  6.16923E-01  4.58545E-03
    8621.604   1483.650  19.850  6.18002E-01  6.15494E-01  4.08131E-03
    8629.176   1491.222  19.900  6.15889E-01  6.14064E-01  2.97547E-03
    8636.767   1498.814  19.950  6.13580E-01  6.12635E-01  1.54392E-03
    8644.378   1506.424  20.000  6.11283E-01  6.11206E-01  1.25949E-04
