# # Once                                                         FEFF 9.6.4  
# # POT  SCF 100  5.0000   0, core-hole, AFOLP (folp(0)= 1.150)
# # Abs   Z=57 Rmt= 1.828 Rnm= 1.828 L3 shell
# # Pot 1 Z=57 Rmt= 1.840 Rnm= 1.840
# # Pot 2 Z=14 Rmt= 1.347 Rnm= 1.399
# # Pot 3 Z=26 Rmt= 1.368 Rnm= 1.420
# # Gam_ch=3.160E+00 H-L exch Vi= 0.000E+00 Vr= 0.000E+00
# # Mu=-1.683E+01 kf=2.092E+00 Vint=-2.565E+01 Rs_int= 1.734
# # PATH  Rmax= 8.000,  Keep_limit= 0.00, Heap_limit 0.00  Pwcrit= 2.50%
#  S02=1.000  Temp=   0.00  Debye_temp=   0.00  Global_sig2= 0.00000
#  Energy zero shift, vr, vi    0.00000E+00   0.00000E+00
#  Curved wave amplitude ratio filter   4.000%
#     file         sig2 tot  cw amp ratio   deg  nlegs   reff  inp sig2
#           1       0.00000    100.00      3.00     2   3.3096
#           2       0.00000     99.66      3.00     2   3.3148
#           3       0.00000     99.53      3.00     2   3.3168
#           4       0.00000     98.83      3.00     2   3.3276
#           5       0.00000     97.79      3.00     2   3.3440
#           6       0.00000     97.73      3.00     2   3.3448
#           7       0.00000     97.15      3.00     2   3.3540
#           8       0.00000     96.55      3.00     2   3.3822
#           9       0.00000      4.87      6.00     3   4.5288
#          10       0.00000      4.81      6.00     3   4.5427
#          11       0.00000      4.57      6.00     3   4.5519
#          12       0.00000      4.23      6.00     3   4.5559
#          13       0.00000      5.03      6.00     3   4.5564
#          14       0.00000      4.56      6.00     3   4.5597
#          15       0.00000      4.42      6.00     3   4.5621
#          16       0.00000      4.87      6.00     3   4.5650
#          17       0.00000      4.42      6.00     3   4.5669
#          18       0.00000      4.54      6.00     3   4.5691
#          19       0.00000      4.34      6.00     3   4.5704
#          20       0.00000      4.66      6.00     3   4.5900
#          26       0.00000      4.28      6.00     3   4.6245
#          27       0.00000      4.17      6.00     3   4.6262
#          29       0.00000     12.34      1.00     2   4.9292
#          30       0.00000     36.61      3.00     2   4.9486
#          31       0.00000     12.18      1.00     2   4.9522
#          32       0.00000     36.45      3.00     2   4.9563
#          33       0.00000     25.41      3.00     2   5.0878
#          34       0.00000     33.64      3.00     2   5.0963
#          35       0.00000     33.30      3.00     2   5.1141
#          36       0.00000     33.14      3.00     2   5.1227
#          37       0.00000     65.65      6.00     2   5.1395
#          38       0.00000     32.15      3.00     2   5.1761
#          39       0.00000     32.12      3.00     2   5.1781
#          40       0.00000      6.01      6.00     3   5.3539
#          41       0.00000      5.88      6.00     3   5.3641
#          42       0.00000      5.75      6.00     3   5.3655
#          43       0.00000     10.66      6.00     3   5.3694
#          44       0.00000      5.72      6.00     3   5.3749
#          45       0.00000      5.60      6.00     3   5.3801
#          46       0.00000      5.47      6.00     3   5.3891
#          47       0.00000      7.35      6.00     3   5.4384
#          48       0.00000      5.09      6.00     3   5.4396
#          49       0.00000      6.54      6.00     3   5.4451
#          50       0.00000      7.11      6.00     3   5.4517
#          51       0.00000      7.17      6.00     3   5.4657
#          52       0.00000      6.65      6.00     3   5.4801
#          53       0.00000      4.66      6.00     3   5.4823
#          54       0.00000      5.40      6.00     3   5.4912
#          55       0.00000      7.23      6.00     3   5.4960
#          56       0.00000      5.54      6.00     3   5.4971
#          57       0.00000      5.81      6.00     3   5.5061
#          58       0.00000      4.42      6.00     3   5.5093
#          59       0.00000     12.87      6.00     3   5.5175
#          60       0.00000     10.39      6.00     3   5.5194
#          61       0.00000      4.94      6.00     3   5.5200
#          62       0.00000      6.08      6.00     3   5.5290
#          63       0.00000      5.24      6.00     3   5.5315
#          64       0.00000      4.96      6.00     3   5.5378
#          65       0.00000      5.22      6.00     3   5.5622
#          66       0.00000      4.50      6.00     3   5.5662
#          67       0.00000      8.90      6.00     3   5.5689
#          68       0.00000      4.47      6.00     3   5.5851
#          69       0.00000      4.45      6.00     3   5.6122
#          70       0.00000      4.48      6.00     3   5.6118
#          71       0.00000     36.66      3.00     2   5.7005
#          72       0.00000     36.13      3.00     2   5.7300
#          73       0.00000     15.29      3.00     2   5.8696
#          74       0.00000     22.00      3.00     2   5.8696
#          75       0.00000     37.22      6.00     3   5.8741
#          76       0.00000     54.89      6.00     3   5.8747
#          77       0.00000     25.15      3.00     4   5.8786
#          78       0.00000     39.50      3.00     4   5.8799
#          79       0.00000     21.81      3.00     2   5.8864
#          80       0.00000     56.85      6.00     3   5.8883
#          81       0.00000     21.76      3.00     2   5.8906
#          82       0.00000     43.50      3.00     4   5.8902
#          83       0.00000     21.72      3.00     2   5.8936
#          84       0.00000     55.96      6.00     3   5.8935
#          85       0.00000     57.45      6.00     3   5.8945
#          86       0.00000     44.88      3.00     4   5.8954
#          87       0.00000     42.06      3.00     4   5.8964
#          88       0.00000     21.66      3.00     2   5.8986
#          89       0.00000     21.63      3.00     2   5.9014
#          90       0.00000     63.59      6.00     3   5.9019
#          91       0.00000     47.24      3.00     4   5.9052
#          92       0.00000     52.82      6.00     3   5.9077
#          93       0.00000     37.00      3.00     4   5.9140
#          94       0.00000     21.45      3.00     2   5.9171
#          95       0.00000     54.68      6.00     3   5.9203
#          96       0.00000     40.61      3.00     4   5.9234
#          97       0.00000      4.35      6.00     3   6.1720
#         101       0.00000      4.19      6.00     3   6.1844
#         105       0.00000      6.91      6.00     3   6.2359
#         115       0.00000      5.18      6.00     3   6.5107
#         116       0.00000      5.51      6.00     3   6.5279
#         117       0.00000      6.68      6.00     3   6.5414
#         118       0.00000      5.58      6.00     3   6.5556
#         120       0.00000      6.59      6.00     3   6.5647
#         121       0.00000      9.07      6.00     3   6.5933
#         122       0.00000      4.50      6.00     3   6.6004
#         123       0.00000      6.41      6.00     3   6.6014
#         124       0.00000      8.93      6.00     3   6.6157
#         127       0.00000     11.51      6.00     4   6.6317
#         129       0.00000      4.95      6.00     4   6.6373
#         132       0.00000      8.46      6.00     3   6.6539
#         134       0.00000     11.26      6.00     4   6.6544
#         139       0.00000      4.88      6.00     4   6.6608
#         141       0.00000      5.91      6.00     3   6.6691
#         146       0.00000      4.06      6.00     4   6.6971
#         147       0.00000      9.84      6.00     4   6.6979
#         148       0.00000      4.73      6.00     4   6.6988
#         151       0.00000      8.45      6.00     4   6.7098
#         152       0.00000     12.40      3.00     2   7.0076
#         153       0.00000      7.79      3.00     2   7.0296
#         154       0.00000     12.13      3.00     2   7.0538
#         155       0.00000     12.13      3.00     2   7.0543
#         156       0.00000     12.04      3.00     2   7.0692
#         157       0.00000     12.01      3.00     2   7.0749
#         158       0.00000     11.83      3.00     2   7.1062
#         159       0.00000     11.80      3.00     2   7.1130
#         160       0.00000      4.46      6.00     3   7.1807
#         162       0.00000      4.25      6.00     3   7.2275
#         164       0.00000      4.21      6.00     3   7.2298
#         166       0.00000      4.19      6.00     3   7.2434
#         167       0.00000     11.09      3.00     2   7.2442
#         168       0.00000      4.14      6.00     3   7.2445
#         169       0.00000     11.03      3.00     2   7.2555
#         170       0.00000     11.01      3.00     2   7.2597
#         172       0.00000     10.99      3.00     2   7.2634
#         173       0.00000      4.06      6.00     3   7.2702
#         174       0.00000      7.29      2.00     2   7.2737
#         176       0.00000      4.09      6.00     3   7.2765
#         180       0.00000     10.88      3.00     2   7.2840
#         182       0.00000      6.75      3.00     2   7.2963
#         184       0.00000      4.94      6.00     3   7.3024
#         187       0.00000      5.33      6.00     3   7.3041
#         188       0.00000     10.75      3.00     2   7.3104
#         193       0.00000      4.14      6.00     3   7.3827
#         194       0.00000      6.99      6.00     3   7.3851
#         200       0.00000      4.02      6.00     3   7.4092
#         203       0.00000      6.36      6.00     3   7.4207
#   141/ 184 paths used
#  xsedge+50, used to normalize mu           8.5442E-04
#  -----------------------------------------------------------------------
#  omega    e    k    mu    mu0     chi     @#
    5487.828    -16.825   0.000  8.65040E-01  1.24909E+00 -1.44487E-01
    5487.838    -16.816   0.050  8.77614E-01  1.25934E+00 -1.42105E-01
    5487.866    -16.787   0.100  8.90384E-01  1.26959E+00 -1.39699E-01
    5487.914    -16.740   0.150  9.29538E-01  1.30095E+00 -1.32601E-01
    5487.981    -16.673   0.200  9.70321E-01  1.33230E+00 -1.25364E-01
    5488.066    -16.587   0.250  1.03860E+00  1.38451E+00 -1.13982E-01
    5488.171    -16.482   0.300  1.11044E+00  1.43672E+00 -1.02533E-01
    5488.295    -16.359   0.350  1.20800E+00  1.50745E+00 -8.84686E-02
    5488.438    -16.216   0.400  1.30954E+00  1.57818E+00 -7.48812E-02
    5488.600    -16.054   0.450  1.42852E+00  1.66096E+00 -6.10023E-02
    5488.781    -15.873   0.500  1.54880E+00  1.74374E+00 -4.83328E-02
    5488.981    -15.673   0.550  1.67251E+00  1.82789E+00 -3.70841E-02
    5489.200    -15.454   0.600  1.79408E+00  1.91204E+00 -2.71385E-02
    5489.438    -15.216   0.650  1.90522E+00  1.98495E+00 -1.83603E-02
    5489.695    -14.959   0.700  2.01536E+00  2.05785E+00 -9.79341E-03
    5489.971    -14.682   0.750  2.10863E+00  2.10771E+00  2.19910E-04
    5490.267    -14.387   0.800  2.20599E+00  2.15757E+00  1.20927E-02
    5490.581    -14.073   0.850  2.28555E+00  2.17621E+00  2.90856E-02
    5490.914    -13.739   0.900  2.36915E+00  2.19485E+00  4.95871E-02
    5491.267    -13.387   0.950  2.43027E+00  2.18022E+00  7.65083E-02
    5491.638    -13.015   1.000  2.48360E+00  2.16558E+00  1.05245E-01
    5492.029    -12.625   1.050  2.50056E+00  2.12245E+00  1.34827E-01
    5492.438    -12.215   1.100  2.49328E+00  2.07931E+00  1.60011E-01
    5492.867    -11.787   1.150  2.44135E+00  2.01699E+00  1.76359E-01
    5493.315    -11.339   1.200  2.36149E+00  1.95467E+00  1.82812E-01
    5493.781    -10.872   1.250  2.24880E+00  1.88354E+00  1.75729E-01
    5494.267    -10.387   1.300  2.12017E+00  1.81241E+00  1.59321E-01
    5494.772     -9.882   1.350  1.98183E+00  1.74090E+00  1.32792E-01
    5495.296     -9.358   1.400  1.84023E+00  1.66940E+00  1.00669E-01
    5495.839     -8.815   1.450  1.70632E+00  1.60296E+00  6.44394E-02
    5496.401     -8.253   1.500  1.57555E+00  1.53652E+00  2.58349E-02
    5496.982     -7.672   1.550  1.45808E+00  1.47797E+00 -1.38246E-02
    5497.582     -7.072   1.600  1.34515E+00  1.41942E+00 -5.43920E-02
    5498.201     -6.453   1.650  1.24633E+00  1.36972E+00 -9.42471E-02
    5498.839     -5.815   1.700  1.15542E+00  1.32003E+00 -1.31371E-01
    5499.496     -5.157   1.750  1.08218E+00  1.27914E+00 -1.62687E-01
    5500.173     -4.481   1.800  1.02321E+00  1.23824E+00 -1.84064E-01
    5500.868     -3.786   1.850  9.88422E-01  1.20762E+00 -1.92284E-01
    5501.582     -3.071   1.900  9.72188E-01  1.17701E+00 -1.84234E-01
    5502.316     -2.338   1.950  9.85559E-01  1.15816E+00 -1.58644E-01
    5503.068     -1.585   2.000  1.01167E+00  1.13931E+00 -1.19941E-01
    5503.840     -0.814   2.050  1.04566E+00  1.12265E+00 -7.38609E-02
    5504.630     -0.023   2.100  1.07642E+00  1.10599E+00 -2.89759E-02
    5505.440      0.786   2.150  1.09697E+00  1.08934E+00  7.64248E-03
    5506.269      1.615   2.200  1.10364E+00  1.07268E+00  3.16868E-02
    5507.116      2.463   2.250  1.09876E+00  1.05800E+00  4.24231E-02
    5507.983      3.329   2.300  1.08200E+00  1.04332E+00  4.09462E-02
    5508.869      4.215   2.350  1.05960E+00  1.02864E+00  3.33475E-02
    5509.774      5.120   2.400  1.03753E+00  1.01397E+00  2.58374E-02
    5510.698      6.044   2.450  1.02569E+00  1.00303E+00  2.51086E-02
    5511.641      6.987   2.500  1.01868E+00  9.92098E-01  2.97788E-02
    5512.603      7.949   2.550  1.01280E+00  9.81164E-01  3.58157E-02
    5513.584      8.930   2.600  1.00417E+00  9.70231E-01  3.88477E-02
    5514.584      9.930   2.650  9.99344E-01  9.64832E-01  3.95176E-02
    5515.603     10.949   2.700  9.91192E-01  9.59434E-01  3.63782E-02
    5516.641     11.988   2.750  9.80305E-01  9.54035E-01  3.01016E-02
    5517.699     13.045   2.800  9.67748E-01  9.48636E-01  2.19062E-02
    5518.775     14.121   2.850  9.57146E-01  9.49728E-01  8.44659E-03
    5519.870     15.217   2.900  9.48025E-01  9.50820E-01 -3.16082E-03
    5520.985     16.331   2.950  9.42331E-01  9.51912E-01 -1.07659E-02
    5522.118     17.464   3.000  9.40290E-01  9.53004E-01 -1.41933E-02
    5523.271     18.617   3.050  9.38991E-01  9.56558E-01 -1.94297E-02
    5524.442     19.789   3.100  9.42180E-01  9.60113E-01 -1.96531E-02
    5525.633     20.979   3.150  9.49945E-01  9.63667E-01 -1.49016E-02
    5526.843     22.189   3.200  9.61119E-01  9.67221E-01 -6.56756E-03
    5528.071     23.418   3.250  9.73859E-01  9.72361E-01  1.59569E-03
    5529.319     24.665   3.300  9.87494E-01  9.77502E-01  1.05413E-02
    5530.586     25.932   3.350  1.00061E+00  9.82642E-01  1.87711E-02
    5531.872     27.218   3.400  1.01203E+00  9.87782E-01  2.50792E-02
    5533.177     28.523   3.450  1.01982E+00  9.91849E-01  2.87035E-02
    5534.501     29.847   3.500  1.02479E+00  9.95916E-01  2.93926E-02
    5535.844     31.190   3.550  1.02651E+00  9.99983E-01  2.67934E-02
    5537.206     32.552   3.600  1.02483E+00  1.00405E+00  2.08167E-02
    5538.587     33.933   3.650  1.01787E+00  1.00601E+00  1.18339E-02
    5539.987     35.333   3.700  1.00826E+00  1.00796E+00  2.98013E-04
    5541.406     36.753   3.750  9.96848E-01  1.00992E+00 -1.29221E-02
    5542.845     38.191   3.800  9.84925E-01  1.01187E+00 -2.65311E-02
    5544.302     39.648   3.850  9.71722E-01  1.01117E+00 -3.88315E-02
    5545.778     41.124   3.900  9.61297E-01  1.01046E+00 -4.83940E-02
    5547.274     42.620   3.950  9.55076E-01  1.00976E+00 -5.38176E-02
    5548.788     44.134   4.000  9.53914E-01  1.00905E+00 -5.42606E-02
    5550.322     45.668   4.050  9.55974E-01  1.00602E+00 -4.94071E-02
    5551.874     47.220   4.100  9.62623E-01  1.00299E+00 -3.99775E-02
    5553.446     48.792   4.150  9.72587E-01  9.99960E-01 -2.71950E-02
    5555.036     50.383   4.200  9.84373E-01  9.96929E-01 -1.25142E-02
    5556.646     51.992   4.250  9.95877E-01  9.92934E-01  2.94804E-03
    5558.275     53.621   4.300  1.00663E+00  9.88940E-01  1.78105E-02
    5559.923     55.269   4.350  1.01601E+00  9.84945E-01  3.14403E-02
    5561.590     56.936   4.400  1.02373E+00  9.80951E-01  4.35115E-02
    5563.276     58.622   4.450  1.02911E+00  9.77029E-01  5.32434E-02
    5564.981     60.327   4.500  1.03187E+00  9.73106E-01  6.03802E-02
    5566.705     62.051   4.550  1.03141E+00  9.69184E-01  6.42566E-02
    5568.448     63.794   4.600  1.02695E+00  9.65262E-01  6.40256E-02
    5570.210     65.556   4.650  1.01881E+00  9.62393E-01  5.87694E-02
    5571.991     67.337   4.700  1.00608E+00  9.59524E-01  4.86768E-02
    5573.791     69.137   4.750  9.89177E-01  9.56655E-01  3.41343E-02
    5575.610     70.957   4.800  9.69131E-01  9.53785E-01  1.61662E-02
    5577.449     72.795   4.850  9.48863E-01  9.52308E-01 -3.63581E-03
    5579.306     74.652   4.900  9.28420E-01  9.50830E-01 -2.36982E-02
    5581.182     76.529   4.950  9.09032E-01  9.49353E-01 -4.27181E-02
    5583.078     78.424   5.000  8.91602E-01  9.47876E-01 -5.97309E-02
    5584.992     80.339   5.050  8.78150E-01  9.47775E-01 -7.38948E-02
    5586.926     82.272   5.100  8.67973E-01  9.47674E-01 -8.45782E-02
    5588.879     84.225   5.150  8.62122E-01  9.47574E-01 -9.06705E-02
    5590.850     86.197   5.200  8.62087E-01  9.47473E-01 -9.05897E-02
    5592.841     88.187   5.250  8.70773E-01  9.48399E-01 -8.22278E-02
    5594.851     90.197   5.300  8.88460E-01  9.49324E-01 -6.43729E-02
    5596.880     92.226   5.350  9.15398E-01  9.50250E-01 -3.68030E-02
    5598.927     94.274   5.400  9.50044E-01  9.51175E-01 -1.19229E-03
    5600.994     96.341   5.450  9.88779E-01  9.51752E-01  3.89746E-02
    5603.080     98.427   5.500  1.02595E+00  9.52329E-01  7.73698E-02
    5605.185    100.532   5.550  1.05545E+00  9.52906E-01  1.07580E-01
    5607.309    102.656   5.600  1.07197E+00  9.53483E-01  1.24102E-01
    5609.453    104.799   5.650  1.07253E+00  9.54360E-01  1.23530E-01
    5611.615    106.961   5.700  1.05725E+00  9.55238E-01  1.06439E-01
    5613.796    109.142   5.750  1.02968E+00  9.56115E-01  7.66069E-02
    5615.996    111.342   5.800  9.95735E-01  9.56992E-01  4.02706E-02
    5618.216    113.562   5.850  9.62817E-01  9.58422E-01  4.55449E-03
    5620.454    115.800   5.900  9.36137E-01  9.59852E-01 -2.45003E-02
    5622.711    118.058   5.950  9.18930E-01  9.61282E-01 -4.36214E-02
    5624.988    120.334   6.000  9.11315E-01  9.62712E-01 -5.27769E-02
    5627.283    122.630   6.050  9.07789E-01  9.60883E-01 -5.45954E-02
    5629.598    124.944   6.100  9.06994E-01  9.59054E-01 -5.36074E-02
    5631.931    127.278   6.150  9.04831E-01  9.57225E-01 -5.40267E-02
    5634.284    129.630   6.200  8.99131E-01  9.55396E-01 -5.80999E-02
    5636.656    132.002   6.250  8.90485E-01  9.53567E-01 -6.52304E-02
    5639.047    134.393   6.300  8.82069E-01  9.51738E-01 -7.21432E-02
    5641.456    136.803   6.350  8.78530E-01  9.49909E-01 -7.40178E-02
    5643.885    139.232   6.400  8.84328E-01  9.48080E-01 -6.62024E-02
    5646.333    141.679   6.450  9.02065E-01  9.46251E-01 -4.59490E-02
    5648.800    144.146   6.500  9.31345E-01  9.44422E-01 -1.36182E-02
    5651.286    146.632   6.550  9.68405E-01  9.42537E-01  2.70034E-02
    5653.791    149.138   6.600  1.00681E+00  9.40652E-01  6.92310E-02
    5656.315    151.662   6.650  1.03912E+00  9.38767E-01  1.05269E-01
    5658.859    154.205   6.700  1.05862E+00  9.36882E-01  1.28016E-01
    5661.421    156.767   6.750  1.06096E+00  9.34997E-01  1.32784E-01
    5664.002    159.348   6.800  1.04516E+00  9.33112E-01  1.18406E-01
    5666.602    161.949   6.850  1.01381E+00  9.31227E-01  8.74860E-02
    5669.222    164.568   6.900  9.72418E-01  9.29342E-01  4.57481E-02
    5671.860    167.206   6.950  9.28112E-01  9.27457E-01  6.97951E-04
    5674.518    169.864   7.000  8.88030E-01  9.25572E-01 -4.00688E-02
    5677.194    172.540   7.050  8.58630E-01  9.24482E-01 -7.03991E-02
    5679.890    175.236   7.100  8.42186E-01  9.23393E-01 -8.69567E-02
    5682.604    177.951   7.150  8.38672E-01  9.22304E-01 -8.96996E-02
    5685.338    180.684   7.200  8.45428E-01  9.21215E-01 -8.14190E-02
    5688.091    183.437   7.250  8.58152E-01  9.20126E-01 -6.66888E-02
    5690.862    186.209   7.300  8.72243E-01  9.19037E-01 -5.04368E-02
    5693.653    188.999   7.350  8.84112E-01  9.17948E-01 -3.65294E-02
    5696.463    191.809   7.400  8.92116E-01  9.16859E-01 -2.67569E-02
    5699.292    194.638   7.450  8.96838E-01  9.15770E-01 -2.05067E-02
    5702.140    197.486   7.500  9.00651E-01  9.14680E-01 -1.52212E-02
    5705.007    200.353   7.550  9.07168E-01  9.13887E-01 -7.29507E-03
    5707.893    203.239   7.600  9.18483E-01  9.13093E-01  5.85679E-03
    5710.798    206.144   7.650  9.35324E-01  9.12299E-01  2.50388E-02
    5713.722    209.069   7.700  9.56043E-01  9.11505E-01  4.84699E-02
    5716.666    212.012   7.750  9.76791E-01  9.10712E-01  7.19684E-02
    5719.628    214.974   7.800  9.92472E-01  9.09918E-01  8.99807E-02
    5722.609    217.955   7.850  9.98204E-01  9.09124E-01  9.71677E-02
    5725.609    220.956   7.900  9.90841E-01  9.08330E-01  9.00706E-02
    5728.629    223.975   7.950  9.70080E-01  9.07537E-01  6.83266E-02
    5731.667    227.014   8.000  9.38784E-01  9.06743E-01  3.50305E-02
    5734.725    230.071   8.050  9.01687E-01  9.05308E-01 -3.96485E-03
    5737.801    233.148   8.100  8.66342E-01  9.03874E-01 -4.11570E-02
    5740.897    236.243   8.150  8.38861E-01  9.02439E-01 -6.98239E-02
    5744.012    239.358   8.200  8.23287E-01  9.01005E-01 -8.54813E-02
    5747.145    242.492   8.250  8.20702E-01  8.99570E-01 -8.68765E-02
    5750.298    245.644   8.300  8.29215E-01  8.98135E-01 -7.60336E-02
    5753.470    248.816   8.350  8.44763E-01  8.96701E-01 -5.73849E-02
    5756.661    252.007   8.400  8.62466E-01  8.95266E-01 -3.62957E-02
    5759.871    255.217   8.450  8.78073E-01  8.93832E-01 -1.74642E-02
    5763.100    258.446   8.500  8.89074E-01  8.92397E-01 -3.68857E-03
    5766.348    261.694   8.550  8.94713E-01  8.90587E-01  4.59021E-03
    5769.615    264.961   8.600  8.97087E-01  8.88777E-01  9.26703E-03
    5772.901    268.247   8.650  8.98824E-01  8.86966E-01  1.32536E-02
    5776.206    271.552   8.700  9.02380E-01  8.85156E-01  1.92969E-02
    5779.530    274.877   8.750  9.09011E-01  8.83346E-01  2.88221E-02
    5782.874    278.220   8.800  9.18199E-01  8.81535E-01  4.12708E-02
    5786.236    281.582   8.850  9.27700E-01  8.79725E-01  5.41320E-02
    5789.617    284.963   8.900  9.34188E-01  8.77915E-01  6.36454E-02
    5793.018    288.364   8.950  9.34284E-01  8.76104E-01  6.59584E-02
    5796.437    291.783   9.000  9.25672E-01  8.74294E-01  5.83859E-02
    5799.876    295.222   9.050  9.08223E-01  8.72763E-01  4.03838E-02
    5803.333    298.679   9.100  8.83449E-01  8.71233E-01  1.39431E-02
    5806.810    302.156   9.150  8.55207E-01  8.69702E-01 -1.65808E-02
    5810.305    305.652   9.200  8.28465E-01  8.68172E-01 -4.55174E-02
    5813.820    309.166   9.250  8.08087E-01  8.66641E-01 -6.72688E-02
    5817.354    312.700   9.300  7.97604E-01  8.65111E-01 -7.77247E-02
    5820.907    316.253   9.350  7.98311E-01  8.63580E-01 -7.53127E-02
    5824.479    319.825   9.400  8.08973E-01  8.62049E-01 -6.13788E-02
    5828.069    323.416   9.450  8.26195E-01  8.60519E-01 -3.97812E-02
    5831.679    327.026   9.500  8.45383E-01  8.58988E-01 -1.58033E-02
    5835.308    330.655   9.550  8.62334E-01  8.57735E-01  5.35117E-03
    5838.956    334.303   9.600  8.73466E-01  8.56482E-01  1.97924E-02
    5842.624    337.970   9.650  8.77610E-01  8.55228E-01  2.61244E-02
    5846.310    341.656   9.700  8.75861E-01  8.53975E-01  2.55878E-02
    5850.015    345.361   9.750  8.71004E-01  8.52722E-01  2.14098E-02
    5853.739    349.085   9.800  8.66417E-01  8.51469E-01  1.75341E-02
    5857.483    352.829   9.850  8.64816E-01  8.50215E-01  1.71541E-02
    5861.245    356.591   9.900  8.67266E-01  8.48962E-01  2.15409E-02
    5865.026    360.373   9.950  8.72785E-01  8.47709E-01  2.95589E-02
    5868.827    364.173  10.000  8.78666E-01  8.46456E-01  3.80313E-02
    5872.646    367.993  10.050  8.81099E-01  8.44838E-01  4.28942E-02
    5876.485    371.831  10.100  8.77337E-01  8.43221E-01  4.04337E-02
    5880.342    375.689  10.150  8.65851E-01  8.41604E-01  2.87915E-02
    5884.219    379.565  10.200  8.47320E-01  8.39987E-01  8.72443E-03
    5888.115    383.461  10.250  8.24593E-01  8.38369E-01 -1.64205E-02
    5892.030    387.376  10.300  8.01966E-01  8.36752E-01 -4.15412E-02
    5895.963    391.310  10.350  7.84024E-01  8.35135E-01 -6.11527E-02
    5899.916    395.262  10.400  7.74400E-01  8.33518E-01 -7.08677E-02
    5903.888    399.234  10.450  7.74833E-01  8.31900E-01 -6.85405E-02
    5907.879    403.225  10.500  7.84772E-01  8.30283E-01 -5.47652E-02
    5911.889    407.235  10.550  8.01602E-01  8.28666E-01 -3.26290E-02
    5915.918    411.264  10.600  8.21380E-01  8.27049E-01 -6.84698E-03
    5919.966    415.313  10.650  8.39841E-01  8.25431E-01  1.74403E-02
    5924.033    419.380  10.700  8.53391E-01  8.23814E-01  3.58660E-02
    5928.120    423.466  10.750  8.59845E-01  8.22197E-01  4.57420E-02
    5932.225    427.571  10.800  8.58769E-01  8.20580E-01  4.64894E-02
    5936.349    431.695  10.850  8.51391E-01  8.18962E-01  3.95527E-02
    5940.493    435.839  10.900  8.40151E-01  8.17345E-01  2.78698E-02
    5944.655    440.001  10.950  8.28022E-01  8.15728E-01  1.50533E-02
    5948.836    444.183  11.000  8.17754E-01  8.14111E-01  4.47042E-03
    5953.037    448.383  11.050  8.11356E-01  8.12620E-01 -1.55451E-03
    5957.257    452.603  11.100  8.09164E-01  8.11130E-01 -2.42166E-03
    5961.495    456.841  11.150  8.10313E-01  8.09640E-01  8.30238E-04
    5965.753    461.099  11.200  8.12795E-01  8.08150E-01  5.74106E-03
    5970.029    465.376  11.250  8.14057E-01  8.06660E-01  9.15822E-03
    5974.325    469.671  11.300  8.11801E-01  8.05170E-01  8.22538E-03
    5978.640    473.986  11.350  8.04784E-01  8.03679E-01  1.37263E-03
    5982.974    478.320  11.400  7.93357E-01  8.02189E-01 -1.09958E-02
    5987.327    482.673  11.450  7.79554E-01  8.00699E-01 -2.63740E-02
    5991.699    487.045  11.500  7.66638E-01  7.99209E-01 -4.07006E-02
    5996.090    491.436  11.550  7.58194E-01  7.97719E-01 -4.94819E-02
    6000.500    495.846  11.600  7.57015E-01  7.96229E-01 -4.91835E-02
    6004.929    500.275  11.650  7.64136E-01  7.94738E-01 -3.84542E-02
    6009.377    504.723  11.700  7.78350E-01  7.93248E-01 -1.87558E-02
    6013.844    509.191  11.750  7.96404E-01  7.91758E-01  5.85932E-03
    6018.331    513.677  11.800  8.13855E-01  7.90268E-01  2.98055E-02
    6022.836    518.182  11.850  8.26335E-01  7.88778E-01  4.75491E-02
    6027.360    522.706  11.900  8.30820E-01  7.87288E-01  5.52165E-02
    6031.904    527.250  11.950  8.26476E-01  7.85797E-01  5.16949E-02
    6036.466    531.812  12.000  8.14828E-01  7.84307E-01  3.88596E-02
    6041.048    536.394  12.050  7.98989E-01  7.82626E-01  2.08763E-02
    6045.648    540.994  12.100  7.83056E-01  7.80946E-01  2.69746E-03
    6050.268    545.614  12.150  7.70440E-01  7.79265E-01 -1.13065E-02
    6054.906    550.253  12.200  7.63007E-01  7.77584E-01 -1.87154E-02
    6059.564    554.910  12.250  7.60695E-01  7.75904E-01 -1.95666E-02
    6064.241    559.587  12.300  7.61825E-01  7.74223E-01 -1.59846E-02
    6068.937    564.283  12.350  7.63924E-01  7.72542E-01 -1.11341E-02
    6073.652    568.998  12.400  7.64741E-01  7.70861E-01 -7.92470E-03
    6078.385    573.732  12.450  7.63049E-01  7.69181E-01 -7.95612E-03
    6083.138    578.485  12.500  7.58991E-01  7.67500E-01 -1.10632E-02
    6087.910    583.257  12.550  7.53872E-01  7.65819E-01 -1.55674E-02
    6092.701    588.048  12.600  7.49534E-01  7.64138E-01 -1.90703E-02
    6097.512    592.858  12.650  7.47602E-01  7.62458E-01 -1.94394E-02
    6102.341    597.687  12.700  7.48879E-01  7.60777E-01 -1.56019E-02
    6107.189    602.535  12.750  7.53101E-01  7.59096E-01 -7.87843E-03
    6112.056    607.402  12.800  7.59092E-01  7.57416E-01  2.20740E-03
    6116.942    612.289  12.850  7.65208E-01  7.55735E-01  1.25035E-02
    6121.848    617.194  12.900  7.69877E-01  7.54054E-01  2.09279E-02
    6126.772    622.118  12.950  7.72010E-01  7.52373E-01  2.60287E-02
    6131.716    627.062  13.000  7.71200E-01  7.50693E-01  2.72420E-02
    6136.678    632.024  13.050  7.67744E-01  7.49059E-01  2.48741E-02
    6141.660    637.006  13.100  7.62155E-01  7.47426E-01  1.96513E-02
    6146.660    642.007  13.150  7.55256E-01  7.45792E-01  1.26526E-02
    6151.680    647.026  13.200  7.47867E-01  7.44159E-01  4.96802E-03
    6156.719    652.065  13.250  7.40707E-01  7.42526E-01 -2.44165E-03
    6161.776    657.123  13.300  7.34355E-01  7.40892E-01 -8.79693E-03
    6166.853    662.200  13.350  7.29229E-01  7.39259E-01 -1.35265E-02
    6171.949    667.295  13.400  7.25554E-01  7.37625E-01 -1.63155E-02
    6177.064    672.410  13.450  7.23317E-01  7.35992E-01 -1.71693E-02
    6182.198    677.544  13.500  7.22251E-01  7.34358E-01 -1.64372E-02
    6187.351    682.697  13.550  7.21897E-01  7.32725E-01 -1.47324E-02
    6192.523    687.869  13.600  7.21758E-01  7.31091E-01 -1.27271E-02
    6197.714    693.060  13.650  7.21500E-01  7.29458E-01 -1.08757E-02
    6202.924    698.271  13.700  7.21119E-01  7.27825E-01 -9.18416E-03
    6208.153    703.500  13.750  7.20976E-01  7.26191E-01 -7.15831E-03
    6213.402    708.748  13.800  7.21648E-01  7.24558E-01 -4.00329E-03
    6218.669    714.015  13.850  7.23623E-01  7.22924E-01  9.63301E-04
    6223.955    719.302  13.900  7.26963E-01  7.21291E-01  7.83855E-03
    6229.261    724.607  13.950  7.31078E-01  7.19657E-01  1.58176E-02
    6234.585    729.931  14.000  7.34750E-01  7.18024E-01  2.32173E-02
    6239.929    735.275  14.050  7.36442E-01  7.16314E-01  2.80062E-02
    6245.291    740.638  14.100  7.34795E-01  7.14604E-01  2.81617E-02
    6250.673    746.019  14.150  7.29175E-01  7.12893E-01  2.27634E-02
    6256.074    751.420  14.200  7.20045E-01  7.11183E-01  1.24193E-02
    6261.493    756.840  14.250  7.08958E-01  7.09473E-01 -7.22706E-04
    6266.932    762.278  14.300  6.98156E-01  7.07763E-01 -1.35283E-02
    6272.390    767.736  14.350  6.89880E-01  7.06053E-01 -2.28300E-02
    6277.867    773.213  14.400  6.85649E-01  7.04342E-01 -2.64517E-02
    6283.363    778.709  14.450  6.85765E-01  7.02632E-01 -2.39259E-02
    6288.878    784.224  14.500  6.89226E-01  7.00922E-01 -1.66310E-02
    6294.412    789.758  14.550  6.94099E-01  6.99212E-01 -7.28746E-03
    6299.965    795.311  14.600  6.98205E-01  6.97502E-01  1.00458E-03
    6305.537    800.883  14.650  6.99863E-01  6.95791E-01  5.83302E-03
    6311.128    806.474  14.700  6.98439E-01  6.94081E-01  6.25750E-03
    6316.738    812.084  14.750  6.94479E-01  6.92371E-01  3.03473E-03
    6322.367    817.714  14.800  6.89432E-01  6.90661E-01 -1.77265E-03
    6328.016    823.362  14.850  6.85058E-01  6.88951E-01 -5.63142E-03
    6333.683    829.029  14.900  6.82765E-01  6.87240E-01 -6.49045E-03
    6339.369    834.716  14.950  6.83122E-01  6.85530E-01 -3.50115E-03
    6345.075    840.421  15.000  6.85696E-01  6.83820E-01  2.73363E-03
    6350.799    846.146  15.050  6.89285E-01  6.82132E-01  1.04502E-02
    6356.543    851.889  15.100  6.92266E-01  6.80444E-01  1.73148E-02
    6362.305    857.652  15.150  6.93230E-01  6.78756E-01  2.12524E-02
    6368.087    863.433  15.200  6.91355E-01  6.77069E-01  2.10299E-02
    6373.888    869.234  15.250  6.86586E-01  6.75381E-01  1.65362E-02
    6379.708    875.054  15.300  6.79573E-01  6.73693E-01  8.69960E-03
    6385.546    880.893  15.350  6.71423E-01  6.72005E-01 -8.63785E-04
    6391.404    886.750  15.400  6.63385E-01  6.70317E-01 -1.03073E-02
    6397.281    892.627  15.450  6.56577E-01  6.68629E-01 -1.79653E-02
    6403.177    898.523  15.500  6.51800E-01  6.66942E-01 -2.26281E-02
    6409.092    904.438  15.550  6.49454E-01  6.65254E-01 -2.36705E-02
    6415.026    910.372  15.600  6.49537E-01  6.63566E-01 -2.10717E-02
    6420.979    916.325  15.650  6.51667E-01  6.61878E-01 -1.53759E-02
    6426.951    922.298  15.700  6.55148E-01  6.60190E-01 -7.61277E-03
    6432.943    928.289  15.750  6.59055E-01  6.58503E-01  8.35756E-04
    6438.953    934.299  15.800  6.62383E-01  6.56815E-01  8.44900E-03
    6444.982    940.328  15.850  6.64237E-01  6.55127E-01  1.38607E-02
    6451.030    946.377  15.900  6.64048E-01  6.53439E-01  1.61824E-02
    6457.098    952.444  15.950  6.61729E-01  6.51751E-01  1.52581E-02
    6463.184    958.531  16.000  6.57722E-01  6.50063E-01  1.17422E-02
    6469.290    964.636  16.050  6.52905E-01  6.48368E-01  6.97480E-03
    6475.414    970.761  16.100  6.48267E-01  6.46672E-01  2.45884E-03
    6481.558    976.904  16.150  6.44639E-01  6.44977E-01 -5.22071E-04
    6487.721    983.067  16.200  6.42398E-01  6.43281E-01 -1.36825E-03
    6493.902    989.249  16.250  6.41353E-01  6.41585E-01 -3.60673E-04
    6500.103    995.449  16.300  6.40831E-01  6.39890E-01  1.46656E-03
    6506.323   1001.669  16.350  6.39951E-01  6.38194E-01  2.74373E-03
    6512.562   1007.908  16.400  6.37980E-01  6.36499E-01  2.32084E-03
    6518.820   1014.166  16.450  6.34641E-01  6.34803E-01 -2.53713E-04
    6525.097   1020.443  16.500  6.30236E-01  6.33107E-01 -4.52127E-03
    6531.393   1026.739  16.550  6.25549E-01  6.31412E-01 -9.25572E-03
    6537.708   1033.054  16.600  6.21563E-01  6.29716E-01 -1.29079E-02
    6544.042   1039.388  16.650  6.19089E-01  6.28020E-01 -1.41781E-02
    6550.395   1045.741  16.700  6.18476E-01  6.26325E-01 -1.24928E-02
    6556.767   1052.113  16.750  6.19490E-01  6.24629E-01 -8.20295E-03
    6563.158   1058.505  16.800  6.21411E-01  6.22934E-01 -2.43628E-03
    6569.569   1064.915  16.850  6.23311E-01  6.21238E-01  3.32689E-03
    6575.998   1071.344  16.900  6.24374E-01  6.19542E-01  7.77623E-03
    6582.446   1077.793  16.950  6.24159E-01  6.17847E-01  1.01860E-02
    6588.914   1084.260  17.000  6.22683E-01  6.16151E-01  1.05699E-02
    6595.400   1090.747  17.050  6.20370E-01  6.14497E-01  9.53018E-03
    6601.906   1097.252  17.100  6.17712E-01  6.12842E-01  7.92248E-03
    6608.430   1103.777  17.150  6.15155E-01  6.11188E-01  6.47120E-03
    6614.974   1110.320  17.200  6.12871E-01  6.09534E-01  5.45926E-03
    6621.537   1116.883  17.250  6.10725E-01  6.07879E-01  4.66791E-03
    6628.119   1123.465  17.300  6.08387E-01  6.06225E-01  3.55646E-03
    6634.719   1130.066  17.350  6.05533E-01  6.04571E-01  1.58694E-03
    6641.339   1136.685  17.400  6.02036E-01  6.02916E-01 -1.45648E-03
    6647.978   1143.324  17.450  5.98071E-01  6.01262E-01 -5.29284E-03
    6654.636   1149.982  17.500  5.94085E-01  5.99608E-01 -9.18530E-03
    6661.313   1156.659  17.550  5.90654E-01  5.97953E-01 -1.21755E-02
    6668.009   1163.355  17.600  5.88281E-01  5.96299E-01 -1.34116E-02
    6674.724   1170.070  17.650  5.87228E-01  5.94645E-01 -1.24405E-02
    6681.458   1176.805  17.700  5.87427E-01  5.92990E-01 -9.35720E-03
    6688.211   1183.558  17.750  5.88509E-01  5.91336E-01 -4.76875E-03
    6694.984   1190.330  17.800  5.89917E-01  5.89682E-01  3.97017E-04
    6701.775   1197.121  17.850  5.91067E-01  5.88027E-01  5.15623E-03
    6708.585   1203.932  17.900  5.91495E-01  5.86373E-01  8.71256E-03
    6715.415   1210.761  17.950  5.90938E-01  5.84719E-01  1.06098E-02
    6722.263   1217.609  18.000  5.89359E-01  5.83064E-01  1.07695E-02
    6729.131   1224.477  18.050  5.86930E-01  5.81420E-01  9.45358E-03
    6736.017   1231.364  18.100  5.83884E-01  5.79776E-01  7.07027E-03
    6742.923   1238.269  18.150  5.80547E-01  5.78131E-01  4.16994E-03
    6749.848   1245.194  18.200  5.77242E-01  5.76487E-01  1.30761E-03
    6756.791   1252.137  18.250  5.74240E-01  5.74842E-01 -1.04455E-03
    6763.754   1259.100  18.300  5.71720E-01  5.73198E-01 -2.57285E-03
    6770.736   1266.082  18.350  5.69730E-01  5.71553E-01 -3.18225E-03
    6777.737   1273.083  18.400  5.68181E-01  5.69909E-01 -3.02438E-03
    6784.756   1280.103  18.450  5.66858E-01  5.68264E-01 -2.46972E-03
    6791.795   1287.142  18.500  5.65479E-01  5.66620E-01 -2.00853E-03
    6798.853   1294.200  18.550  5.63791E-01  5.64975E-01 -2.09126E-03
    6805.930   1301.277  18.600  5.61665E-01  5.63331E-01 -2.95109E-03
    6813.027   1308.373  18.650  5.59169E-01  5.61686E-01 -4.47378E-03
    6820.142   1315.488  18.700  5.56576E-01  5.60042E-01 -6.17756E-03
    6827.276   1322.622  18.750  5.54295E-01  5.58397E-01 -7.33312E-03
    6834.429   1329.775  18.800  5.52736E-01  5.56753E-01 -7.20158E-03
    6841.601   1336.948  18.850  5.52152E-01  5.55108E-01 -5.31603E-03
    6848.793   1344.139  18.900  5.52519E-01  5.53464E-01 -1.70402E-03
    6856.003   1351.349  18.950  5.53500E-01  5.51819E-01  3.04092E-03
    6863.233   1358.579  19.000  5.54518E-01  5.50175E-01  7.88148E-03
    6870.481   1365.827  19.050  5.54971E-01  5.48574E-01  1.16449E-02
    6877.749   1373.095  19.100  5.54276E-01  5.46973E-01  1.33333E-02
    6885.035   1380.382  19.150  5.52178E-01  5.45372E-01  1.24633E-02
    6892.341   1387.687  19.200  5.48790E-01  5.43770E-01  9.22033E-03
    6899.666   1395.012  19.250  5.44559E-01  5.42169E-01  4.40249E-03
    6907.009   1402.356  19.300  5.40120E-01  5.40568E-01 -8.27767E-04
    6914.372   1409.718  19.350  5.36109E-01  5.38967E-01 -5.29751E-03
    6921.754   1417.100  19.400  5.32977E-01  5.37366E-01 -8.15948E-03
    6929.155   1424.501  19.450  5.30886E-01  5.35765E-01 -9.09944E-03
    6936.575   1431.921  19.500  5.29697E-01  5.34164E-01 -8.35505E-03
    6944.014   1439.360  19.550  5.29068E-01  5.32563E-01 -6.55677E-03
    6951.472   1446.818  19.600  5.28591E-01  5.30961E-01 -4.46288E-03
    6958.949   1454.295  19.650  5.27935E-01  5.29360E-01 -2.69117E-03
    6966.445   1461.791  19.700  5.26946E-01  5.27759E-01 -1.54063E-03
    6973.960   1469.307  19.750  5.25656E-01  5.26158E-01 -9.54016E-04
    6981.495   1476.841  19.800  5.24234E-01  5.24557E-01 -6.15645E-04
    6989.048   1484.394  19.850  5.22887E-01  5.22956E-01 -1.31170E-04
    6996.620   1491.966  19.900  5.21765E-01  5.21355E-01  7.86796E-04
    7004.212   1499.558  19.950  5.20895E-01  5.19754E-01  2.19539E-03
    7011.822   1507.168  20.000  5.20172E-01  5.18153E-01  3.89735E-03
