# # Once                                                         FEFF 9.6.4  
# # POT  SCF 100  5.0000   0, core-hole, AFOLP (folp(0)= 1.150)
# # Abs   Z=25 Rmt= 1.265 Rnm= 1.346 K  shell
# # Pot 1 Z= 6 Rmt= 1.006 Rnm= 1.098
# # Pot 2 Z=31 Rmt= 1.481 Rnm= 1.501
# # Pot 3 Z=25 Rmt= 1.271 Rnm= 1.355
# # Gam_ch=1.193E+00 H-L exch Vi= 0.000E+00 Vr= 0.000E+00
# # Mu=-1.412E+01 kf=2.284E+00 Vint=-2.515E+01 Rs_int= 1.588
# # PATH  Rmax= 6.000,  Keep_limit= 0.00, Heap_limit 0.00  Pwcrit= 2.50%
#  S02=0.900  Temp=  20.00  Debye_temp= 600.00  Global_sig2= 0.00500
#  Energy zero shift, vr, vi    0.00000E+00   0.00000E+00
#  Curved wave amplitude ratio filter   4.000%
#     file         sig2 tot  cw amp ratio   deg  nlegs   reff  inp sig2
#           1       0.00969    100.00      1.00     2   1.9523
#           2       0.00969     23.23      1.00     2   1.9523
#           3       0.00969     79.24      1.00     2   1.9523
#           4       0.00701    116.10      1.00     2   2.6145
#           5       0.00701      7.03      1.00     2   2.6145
#           6       0.00701      7.30      1.00     2   2.6145
#           8       0.00684     47.06      1.00     2   2.7120
#           9       0.00684     40.70      1.00     2   2.7120
#          10       0.00712      9.93      2.00     2   2.9000
#          11       0.00712     91.18      2.00     2   2.9000
#          12       0.00712     78.11      2.00     2   2.9000
#          13       0.00871     29.27      2.00     3   3.2595
#          14       0.00871      6.18      2.00     3   3.2595
#          15       0.00871      5.15      2.00     3   3.2595
#          16       0.00871     26.84      2.00     3   3.2595
#          17       0.00871     10.45      2.00     3   3.2595
#          18       0.00871      7.88      2.00     3   3.2595
#          19       0.01339     40.06      2.00     3   3.4023
#          20       0.01339     17.18      2.00     3   3.4023
#          21       0.01339     15.62      2.00     3   3.4023
#          22       0.00848      5.79      2.00     3   3.4023
#          23       0.00848      4.14      2.00     3   3.4023
#          24       0.00848     25.18      2.00     3   3.4023
#          25       0.00848     20.85      2.00     3   3.4023
#          26       0.00848     14.57      2.00     3   3.4023
#          27       0.00848     12.96      2.00     3   3.4023
#          28       0.01116     47.58      1.00     2   3.4959
#          31       0.00718     21.32      1.00     2   3.9045
#          32       0.00718      4.99      1.00     2   3.9045
#          33       0.00718     16.93      1.00     2   3.9045
#          34       0.00718     66.68      2.00     3   3.9045
#          35       0.00718     19.62      2.00     3   3.9045
#          36       0.00718     54.01      2.00     3   3.9045
#          37       0.02375     13.31      1.00     4   3.9045
#          39       0.02375     10.73      1.00     4   3.9045
#          40       0.01363      6.48      1.00     4   3.9045
#          41       0.01363      8.46      1.00     4   3.9045
#          42       0.01363      5.42      1.00     4   3.9045
#          43       0.00718     51.54      1.00     4   3.9045
#          44       0.01363      4.12      1.00     4   3.9045
#          45       0.01363      6.93      1.00     4   3.9045
#          47       0.00718     15.23      1.00     4   3.9045
#          48       0.00718     41.78      1.00     4   3.9045
#          49       0.00695     32.45      1.00     2   3.9705
#          52       0.01041      4.01      2.00     3   4.0313
#          53       0.01041     28.10      2.00     3   4.0313
#          54       0.01041      5.32      2.00     3   4.0313
#          55       0.01041      5.86      2.00     3   4.0313
#          58       0.00693     10.82      1.00     2   4.1415
#          61       0.01262     19.54      2.00     3   4.1741
#          62       0.01262     18.81      2.00     3   4.1741
#          65       0.01021     15.63      2.00     3   4.1741
#          66       0.01021     14.86      2.00     3   4.1741
#          69       0.01021      5.23      2.00     3   4.1741
#          71       0.00715     13.33      1.00     2   4.2670
#          73       0.00739     12.39      4.00     3   4.3500
#          75       0.01098     15.60      1.00     2   4.5422
#          77       0.01098     13.14      1.00     2   4.5422
#          79       0.01098     10.22      1.00     2   4.5422
#          80       0.01098      9.20      1.00     2   4.5422
#          82       0.01304      5.29      2.00     4   4.5667
#          84       0.01304      4.61      2.00     4   4.5667
#          88       0.01072      8.25      2.00     3   4.6266
#          89       0.01072      9.84      2.00     3   4.6266
#          91       0.01081      6.49      2.00     4   4.6643
#          92       0.01081      7.73      2.00     4   4.6643
#          95       0.01079      6.49      2.00     3   4.6972
#          96       0.01079      6.13      2.00     3   4.6972
#          97       0.01079     10.94      2.00     3   4.6972
#          98       0.01079     13.08      2.00     3   4.6972
#          99       0.01138     10.78      2.00     3   4.6972
#         100       0.01138      7.11      2.00     3   4.6972
#         101       0.01138     23.92      2.00     3   4.6972
#         102       0.01138     11.02      2.00     3   4.6972
#         103       0.01138     19.77      2.00     3   4.6972
#         104       0.01138     10.31      2.00     3   4.6972
#         107       0.01079      9.40      2.00     3   4.6972
#         108       0.01079     14.24      2.00     3   4.6972
#         109       0.01079      8.48      2.00     3   4.6972
#         110       0.01079     12.01      2.00     3   4.6972
#         111       0.00735      4.34      2.00     4   4.7095
#         113       0.00735      9.57      2.00     4   4.7095
#         115       0.00735      4.98      2.00     4   4.7095
#         116       0.00735      8.50      2.00     4   4.7095
#         117       0.00735      6.93      2.00     4   4.7095
#         118       0.00735      5.23      2.00     4   4.7095
#         119       0.00735      5.71      2.00     4   4.7095
#         120       0.00735      4.14      2.00     4   4.7095
#         124       0.01081      5.62      2.00     4   4.8523
#         126       0.01081      4.08      2.00     4   4.8523
#         131       0.01119      4.54      2.00     4   4.8523
#         132       0.01119      5.31      2.00     4   4.8523
#         133       0.01081      8.17      2.00     4   4.8523
#         134       0.01081      9.91      2.00     4   4.8523
#         136       0.01081      4.79      2.00     4   4.8523
#         137       0.02663      7.43      1.00     4   4.8523
#         138       0.02663      6.28      1.00     4   4.8523
#         141       0.02663      5.62      1.00     4   4.8523
#         142       0.02663      4.49      1.00     4   4.8523
#         144       0.01315     12.35      1.00     4   4.8523
#         146       0.01315     10.68      1.00     4   4.8523
#         147       0.01315     10.36      1.00     4   4.8523
#         149       0.01315      8.62      1.00     4   4.8523
#         152       0.01081      6.41      2.00     4   4.8523
#         155       0.01081     12.89      2.00     4   4.8523
#         156       0.01081     10.70      2.00     4   4.8523
#         157       0.01081      5.98      2.00     4   4.8523
#         158       0.01081      5.64      2.00     4   4.8523
#         165       0.00711     23.55      1.00     2   4.8637
#         166       0.00711     22.14      1.00     2   4.8637
#         171       0.00688     12.78      1.00     2   4.9168
#         172       0.00688     11.10      1.00     2   4.9168
#         177       0.00710     29.87      2.00     2   5.0229
#         178       0.00710      5.35      2.00     2   5.0230
#         179       0.00710      8.54      2.00     2   5.0229
#         180       0.00688     14.12      1.00     2   5.0559
#         181       0.00688     13.28      1.00     2   5.0559
#         184       0.00688      4.71      1.00     2   5.0559
#         188       0.00799     14.25      2.00     3   5.1559
#         189       0.00799     12.80      2.00     3   5.1559
#         194       0.00799     17.34      2.00     3   5.1559
#         195       0.00799     16.50      2.00     3   5.1559
#         198       0.00711     18.34      1.00     2   5.1592
#         199       0.00711     17.26      1.00     2   5.1592
#         202       0.00711      6.14      1.00     2   5.1592
#         203       0.00711      4.91      1.00     2   5.1592
#         206       0.00721      6.51      2.00     3   5.1891
#         207       0.00721      6.97      2.00     3   5.1891
#         210       0.00721     11.74      2.00     3   5.1891
#         211       0.00721     11.23      2.00     3   5.1891
#         215       0.00721     10.16      2.00     3   5.1891
#         219       0.00721      9.38      2.00     3   5.1891
#         224       0.00693      7.28      2.00     3   5.1912
#         227       0.00693      7.86      2.00     3   5.1912
#         228       0.00693      9.40      2.00     3   5.1912
#         229       0.00693      8.90      2.00     3   5.1912
#         234       0.01303      5.45      1.00     4   5.2289
#         237       0.01432      8.60      2.00     3   5.2356
#         238       0.01432      4.49      2.00     3   5.2356
#         240       0.00776      8.59      2.00     3   5.2356
#         241       0.00776      6.20      2.00     3   5.2356
#         242       0.00776      4.48      2.00     3   5.2356
#         243       0.00776     12.11      2.00     3   5.2356
#         248       0.00758      6.94      2.00     3   5.2822
#         250       0.00758      6.19      2.00     3   5.2822
#         264       0.01129      9.23      2.00     4   5.3545
#         265       0.01129      9.13      2.00     4   5.3545
#         270       0.01129     11.92      2.00     5   5.3545
#         271       0.01129     12.47      2.00     5   5.3545
#         272       0.01129      4.82      2.00     5   5.3545
#         273       0.01129      6.49      2.00     5   5.3545
#         274       0.01129      4.44      2.00     5   5.3545
#         275       0.01129      5.68      2.00     5   5.3545
#         276       0.01129     15.02      2.00     5   5.3545
#         277       0.01129     12.90      2.00     5   5.3545
#         278       0.01129     12.44      2.00     5   5.3545
#         281       0.01129     10.34      2.00     5   5.3545
#         284       0.00723      7.26      4.00     3   5.4115
#         287       0.00723      5.04      4.00     3   5.4115
#         288       0.00723     11.37      4.00     3   5.4115
#         290       0.00723     10.94      4.00     3   5.4115
#         299       0.00996      4.48      1.00     4   5.4482
#         305       0.00996      4.47      1.00     4   5.4482
#         312       0.01099     11.20      1.00     2   5.5305
#         322       0.00715     16.21      2.00     2   5.8000
#         323       0.00715     14.06      2.00     2   5.8000
#         324       0.00715      7.62      2.00     3   5.8000
#         325       0.00715      8.75      2.00     3   5.8000
#         328       0.00715     39.26      4.00     3   5.8000
#         329       0.00715     34.21      4.00     3   5.8000
#         330       0.00715      7.38      2.00     4   5.8000
#         331       0.00715      8.43      2.00     4   5.8000
#         334       0.01350      4.05      2.00     4   5.8000
#         337       0.00715     27.82      2.00     4   5.8000
#         338       0.00715     24.27      2.00     4   5.8000
#         339       0.01406      5.08      2.00     4   5.8568
#         341       0.01406      4.11      2.00     4   5.8568
#         345       0.01406      7.32      2.00     5   5.8568
#         346       0.01406      8.13      2.00     5   5.8568
#         348       0.01406      5.86      2.00     5   5.8568
#         350       0.01406      6.53      2.00     5   5.8568
#         351       0.01406      8.84      2.00     5   5.8568
#         353       0.01406      7.08      2.00     5   5.8568
#         355       0.01406     12.38      2.00     6   5.8568
#         359       0.01406      9.98      2.00     6   5.8568
#         360       0.01406      7.58      1.00     6   5.8568
#         362       0.01406      6.12      1.00     6   5.8568
#         364       0.01052      4.84      2.00     3   5.8749
#         365       0.01052      4.30      2.00     3   5.8749
#         366       0.01052      5.99      2.00     3   5.8749
#   190/ 244 paths used
#  xsedge+50, used to normalize mu           3.5307E-04
#  -----------------------------------------------------------------------
#  omega    e    k    mu    mu0     chi     @#
    6545.567    -14.113   0.050  4.09369E-01  3.28064E-01  1.36621E-01
    6545.595    -14.084   0.100  4.27207E-01  3.34450E-01  1.55656E-01
    6545.643    -14.036   0.150  4.77340E-01  3.53118E-01  2.07640E-01
    6545.709    -13.970   0.200  5.24596E-01  3.71786E-01  2.54425E-01
    6545.795    -13.884   0.250  5.92092E-01  3.99505E-01  3.18595E-01
    6545.900    -13.779   0.300  6.52281E-01  4.27224E-01  3.69935E-01
    6546.024    -13.655   0.350  7.14215E-01  4.56532E-01  4.19879E-01
    6546.167    -13.513   0.400  7.64220E-01  4.85840E-01  4.49691E-01
    6546.329    -13.351   0.450  8.01407E-01  5.11009E-01  4.64083E-01
    6546.510    -13.170   0.500  8.24020E-01  5.36178E-01  4.55125E-01
    6546.710    -12.970   0.550  8.29643E-01  5.56572E-01  4.26404E-01
    6546.929    -12.751   0.600  8.21304E-01  5.76965E-01  3.76855E-01
    6547.167    -12.512   0.650  7.98446E-01  5.94087E-01  3.10847E-01
    6547.424    -12.255   0.700  7.65244E-01  6.11208E-01  2.31116E-01
    6547.700    -11.979   0.750  7.22568E-01  6.26453E-01  1.42075E-01
    6547.995    -11.684   0.800  6.74938E-01  6.41697E-01  4.84176E-02
    6548.310    -11.369   0.850  6.23142E-01  6.55917E-01 -4.69999E-02
    6548.643    -11.036   0.900  5.72210E-01  6.70136E-01 -1.38290E-01
    6548.996    -10.684   0.950  5.21900E-01  6.83788E-01 -2.24998E-01
    6549.367    -10.312   1.000  4.77649E-01  6.97440E-01 -3.00715E-01
    6549.758     -9.922   1.050  4.38169E-01  7.10708E-01 -3.66983E-01
    6550.167     -9.512   1.100  4.08640E-01  7.23977E-01 -4.17996E-01
    6550.596     -9.083   1.150  3.87242E-01  7.36906E-01 -4.56270E-01
    6551.043     -8.636   1.200  3.77932E-01  7.49835E-01 -4.77837E-01
    6551.510     -8.169   1.250  3.79065E-01  7.62389E-01 -4.85080E-01
    6551.996     -7.683   1.300  3.92497E-01  7.74943E-01 -4.76774E-01
    6552.501     -7.178   1.350  4.17129E-01  7.87021E-01 -4.54504E-01
    6553.025     -6.655   1.400  4.52524E-01  7.99100E-01 -4.19827E-01
    6553.568     -6.112   1.450  4.98231E-01  8.10602E-01 -3.73296E-01
    6554.130     -5.550   1.500  5.51787E-01  8.22105E-01 -3.18747E-01
    6554.711     -4.969   1.550  6.13107E-01  8.32912E-01 -2.55966E-01
    6555.311     -4.369   1.600  6.78569E-01  8.43719E-01 -1.89960E-01
    6555.930     -3.749   1.650  7.47958E-01  8.53711E-01 -1.20273E-01
    6556.568     -3.111   1.700  8.17446E-01  8.63704E-01 -5.20244E-02
    6557.225     -2.454   1.750  8.85959E-01  8.72785E-01  1.46685E-02
    6557.901     -1.778   1.800  9.50275E-01  8.81866E-01  7.54164E-02
    6558.597     -1.082   1.850  1.00836E+00  8.89948E-01  1.29404E-01
    6559.311     -0.368   1.900  1.05804E+00  8.98030E-01  1.73359E-01
    6560.045      0.365   1.950  1.09645E+00  9.05010E-01  2.05900E-01
    6560.797      1.118   2.000  1.12311E+00  9.11990E-01  2.25419E-01
    6561.569      1.889   2.050  1.13418E+00  9.17359E-01  2.30280E-01
    6562.359      2.680   2.100  1.13253E+00  9.22729E-01  2.21646E-01
    6563.169      3.490   2.150  1.11979E+00  9.28098E-01  2.01450E-01
    6563.997      4.318   2.200  1.09837E+00  9.33468E-01  1.72396E-01
    6564.845      5.166   2.250  1.06972E+00  9.36457E-01  1.38964E-01
    6565.712      6.033   2.300  1.03769E+00  9.39446E-01  1.02184E-01
    6566.598      6.918   2.350  1.00561E+00  9.42435E-01  6.55421E-02
    6567.503      7.823   2.400  9.78630E-01  9.45424E-01  3.43626E-02
    6568.427      8.747   2.450  9.56102E-01  9.45467E-01  1.10151E-02
    6569.369      9.690   2.500  9.44507E-01  9.45511E-01 -1.04149E-03
    6570.332     10.652   2.550  9.42870E-01  9.45555E-01 -2.78675E-03
    6571.313     11.633   2.600  9.48655E-01  9.45599E-01  3.17479E-03
    6572.313     12.633   2.650  9.62997E-01  9.48852E-01  1.46640E-02
    6573.332     13.653   2.700  9.77369E-01  9.52105E-01  2.61369E-02
    6574.370     14.691   2.750  9.89633E-01  9.55358E-01  3.53866E-02
    6575.427     15.748   2.800  9.99124E-01  9.58611E-01  4.17414E-02
    6576.504     16.824   2.850  1.00807E+00  9.62355E-01  4.69315E-02
    6577.599     17.920   2.900  1.01451E+00  9.66099E-01  4.95214E-02
    6578.713     19.034   2.950  1.01865E+00  9.69842E-01  4.97427E-02
    6579.847     20.168   3.000  1.02093E+00  9.73586E-01  4.80790E-02
    6580.999     21.320   3.050  1.02037E+00  9.75481E-01  4.54919E-02
    6582.171     22.492   3.100  1.01882E+00  9.77376E-01  4.19149E-02
    6583.362     23.682   3.150  1.01650E+00  9.79272E-01  3.75707E-02
    6584.571     24.892   3.200  1.01337E+00  9.81167E-01  3.24373E-02
    6585.800     26.121   3.250  1.00911E+00  9.82115E-01  2.71630E-02
    6587.048     27.369   3.300  1.00299E+00  9.83063E-01  2.00262E-02
    6588.315     28.635   3.350  9.94567E-01  9.84010E-01  1.05969E-02
    6589.601     29.921   3.400  9.83698E-01  9.84958E-01 -1.26380E-03
    6590.905     31.226   3.450  9.70474E-01  9.85143E-01 -1.46984E-02
    6592.229     32.550   3.500  9.55103E-01  9.85327E-01 -3.02655E-02
    6593.572     33.893   3.550  9.38432E-01  9.85512E-01 -4.71133E-02
    6594.934     35.255   3.600  9.21917E-01  9.85697E-01 -6.37824E-02
    6596.316     36.636   3.650  9.07049E-01  9.85504E-01 -7.84508E-02
    6597.716     38.037   3.700  8.95388E-01  9.85311E-01 -8.99106E-02
    6599.135     39.456   3.750  8.88109E-01  9.85118E-01 -9.69867E-02
    6600.573     40.894   3.800  8.85978E-01  9.84925E-01 -9.89155E-02
    6602.031     42.351   3.850  8.89324E-01  9.84573E-01 -9.52198E-02
    6603.507     43.828   3.900  8.97779E-01  9.84220E-01 -8.64180E-02
    6605.002     45.323   3.950  9.10551E-01  9.83867E-01 -7.32981E-02
    6606.517     46.838   4.000  9.26577E-01  9.83514E-01 -5.69252E-02
    6608.050     48.371   4.050  9.44807E-01  9.83171E-01 -3.83559E-02
    6609.603     49.924   4.100  9.63751E-01  9.82828E-01 -1.90734E-02
    6611.175     51.495   4.150  9.82273E-01  9.82485E-01 -2.12273E-04
    6612.765     53.086   4.200  9.99411E-01  9.82142E-01  1.72650E-02
    6614.375     54.696   4.250  1.01451E+00  9.81961E-01  3.25430E-02
    6616.004     56.324   4.300  1.02666E+00  9.81779E-01  4.48667E-02
    6617.652     57.972   4.350  1.03533E+00  9.81598E-01  5.37194E-02
    6619.318     59.639   4.400  1.04018E+00  9.81416E-01  5.87501E-02
    6621.004     61.325   4.450  1.04081E+00  9.81290E-01  5.95020E-02
    6622.709     63.030   4.500  1.03751E+00  9.81164E-01  5.63215E-02
    6624.433     64.754   4.550  1.03079E+00  9.81038E-01  4.97213E-02
    6626.176     66.497   4.600  1.02149E+00  9.80911E-01  4.05423E-02
    6627.938     68.259   4.650  1.01081E+00  9.80885E-01  2.98997E-02
    6629.720     70.040   4.700  1.00003E+00  9.80859E-01  1.91559E-02
    6631.520     71.841   4.750  9.90373E-01  9.80833E-01  9.53070E-03
    6633.339     73.660   4.800  9.82785E-01  9.80807E-01  1.97558E-03
    6635.177     75.498   4.850  9.78029E-01  9.80833E-01 -2.80058E-03
    6637.035     77.356   4.900  9.75892E-01  9.80858E-01 -4.96135E-03
    6638.911     79.232   4.950  9.75859E-01  9.80884E-01 -5.02002E-03
    6640.807     81.127   5.000  9.77091E-01  9.80910E-01 -3.81430E-03
    6642.721     83.042   5.050  9.78637E-01  9.80945E-01 -2.30576E-03
    6644.655     84.976   5.100  9.79616E-01  9.80979E-01 -1.36236E-03
    6646.607     86.928   5.150  9.79662E-01  9.81014E-01 -1.35126E-03
    6648.579     88.900   5.200  9.78891E-01  9.81049E-01 -2.15713E-03
    6650.570     90.891   5.250  9.77479E-01  9.80899E-01 -3.41968E-03
    6652.580     92.900   5.300  9.76606E-01  9.80749E-01 -4.14462E-03
    6654.608     94.929   5.350  9.77072E-01  9.80598E-01 -3.52930E-03
    6656.656     96.977   5.400  9.79324E-01  9.80448E-01 -1.12525E-03
    6658.723     99.044   5.450  9.83004E-01  9.80154E-01  2.85514E-03
    6660.809    101.130   5.500  9.87632E-01  9.79859E-01  7.79093E-03
    6662.914    103.235   5.550  9.91942E-01  9.79565E-01  1.24144E-02
    6665.038    105.359   5.600  9.94463E-01  9.79270E-01  1.52483E-02
    6667.181    107.502   5.650  9.93590E-01  9.78743E-01  1.49150E-02
    6669.343    109.664   5.700  9.88959E-01  9.78216E-01  1.08031E-02
    6671.525    111.845   5.750  9.80768E-01  9.77688E-01  3.09977E-03
    6673.725    114.046   5.800  9.70144E-01  9.77161E-01 -7.06871E-03
    6675.944    116.265   5.850  9.58585E-01  9.76318E-01 -1.78863E-02
    6678.183    118.503   5.900  9.48791E-01  9.75476E-01 -2.69471E-02
    6680.440    120.761   5.950  9.42834E-01  9.74634E-01 -3.21502E-02
    6682.717    123.037   6.000  9.42086E-01  9.73791E-01 -3.20936E-02
    6685.012    125.333   6.050  9.46594E-01  9.72680E-01 -2.64472E-02
    6687.327    127.647   6.100  9.55727E-01  9.71570E-01 -1.60871E-02
    6689.660    129.981   6.150  9.67484E-01  9.70459E-01 -3.02568E-03
    6692.013    132.334   6.200  9.79267E-01  9.69348E-01  1.01035E-02
    6694.385    134.705   6.250  9.88463E-01  9.68238E-01  2.06351E-02
    6696.775    137.096   6.300  9.93034E-01  9.67127E-01  2.64729E-02
    6699.185    139.506   6.350  9.91963E-01  9.66016E-01  2.65560E-02
    6701.614    141.935   6.400  9.85470E-01  9.64906E-01  2.10801E-02
    6704.062    144.383   6.450  9.74920E-01  9.63795E-01  1.14222E-02
    6706.529    146.850   6.500  9.62484E-01  9.62684E-01 -2.05711E-04
    6709.015    149.336   6.550  9.50571E-01  9.61356E-01 -1.11105E-02
    6711.520    151.841   6.600  9.41512E-01  9.60028E-01 -1.91088E-02
    6714.044    154.365   6.650  9.36660E-01  9.58700E-01 -2.27865E-02
    6716.587    156.908   6.700  9.36338E-01  9.57372E-01 -2.17847E-02
    6719.149    159.470   6.750  9.39867E-01  9.56043E-01 -1.67844E-02
    6721.731    162.052   6.800  9.45823E-01  9.54715E-01 -9.24363E-03
    6724.331    164.652   6.850  9.52452E-01  9.53387E-01 -9.74100E-04
    6726.950    167.271   6.900  9.58122E-01  9.52059E-01  6.32550E-03
    6729.589    169.910   6.950  9.61691E-01  9.50731E-01  1.14548E-02
    6732.246    172.567   7.000  9.62702E-01  9.49403E-01  1.39247E-02
    6734.923    175.244   7.050  9.61592E-01  9.48229E-01  1.40141E-02
    6737.618    177.939   7.100  9.58878E-01  9.47055E-01  1.24184E-02
    6740.333    180.654   7.150  9.55474E-01  9.45882E-01  1.00921E-02
    6743.067    183.387   7.200  9.52169E-01  9.44708E-01  7.86202E-03
    6745.819    186.140   7.250  9.49396E-01  9.43535E-01  6.18628E-03
    6748.591    188.912   7.300  9.47153E-01  9.42361E-01  5.06566E-03
    6751.382    191.703   7.350  9.45079E-01  9.41187E-01  4.12058E-03
    6754.192    194.513   7.400  9.42652E-01  9.40014E-01  2.79783E-03
    6757.021    197.341   7.450  9.39435E-01  9.38840E-01  6.32284E-04
    6759.869    200.189   7.500  9.35294E-01  9.37667E-01 -2.52514E-03
    6762.736    203.056   7.550  9.30631E-01  9.36745E-01 -6.51368E-03
    6765.622    205.943   7.600  9.25961E-01  9.35823E-01 -1.05190E-02
    6768.527    208.848   7.650  9.22186E-01  9.34901E-01 -1.35789E-02
    6771.451    211.772   7.700  9.20165E-01  9.33979E-01 -1.47698E-02
    6774.394    214.715   7.750  9.20455E-01  9.33057E-01 -1.34907E-02
    6777.357    217.677   7.800  9.23111E-01  9.32135E-01 -9.67222E-03
    6780.338    220.659   7.850  9.27627E-01  9.31213E-01 -3.84817E-03
    6783.338    223.659   7.900  9.33025E-01  9.30292E-01  2.93652E-03
    6786.358    226.678   7.950  9.38069E-01  9.29370E-01  9.35823E-03
    6789.396    229.717   8.000  9.41564E-01  9.28448E-01  1.41267E-02
    6792.454    232.774   8.050  9.42770E-01  9.27545E-01  1.64122E-02
    6795.530    235.851   8.100  9.41142E-01  9.26642E-01  1.56451E-02
    6798.626    238.947   8.150  9.36897E-01  9.25739E-01  1.20500E-02
    6801.740    242.061   8.200  9.30791E-01  9.24837E-01  6.43640E-03
    6804.874    245.195   8.250  9.23921E-01  9.23934E-01 -1.32139E-05
    6808.027    248.348   8.300  9.17458E-01  9.23031E-01 -6.03512E-03
    6811.199    251.519   8.350  9.12370E-01  9.22128E-01 -1.05760E-02
    6814.390    254.710   8.400  9.09233E-01  9.21225E-01 -1.30102E-02
    6817.599    257.920   8.450  9.08137E-01  9.20322E-01 -1.32320E-02
    6820.828    261.149   8.500  9.08738E-01  9.19420E-01 -1.16093E-02
    6824.076    264.397   8.550  9.10198E-01  9.18400E-01 -8.92401E-03
    6827.344    267.664   8.600  9.12047E-01  9.17380E-01 -5.80989E-03
    6830.630    270.950   8.650  9.13687E-01  9.16361E-01 -2.91548E-03
    6833.935    274.256   8.700  9.14764E-01  9.15341E-01 -6.29936E-04
    6837.259    277.580   8.750  9.15210E-01  9.14322E-01  9.70912E-04
    6840.602    280.923   8.800  9.15198E-01  9.13302E-01  2.07452E-03
    6843.965    284.285   8.850  9.15025E-01  9.12283E-01  3.00355E-03
    6847.346    287.667   8.900  9.14963E-01  9.11263E-01  4.05711E-03
    6850.746    291.067   8.950  9.15140E-01  9.10243E-01  5.37511E-03
    6854.166    294.487   9.000  9.15475E-01  9.09224E-01  6.86885E-03
    6857.604    297.925   9.050  9.15566E-01  9.08003E-01  8.32206E-03
    6861.062    301.383   9.100  9.15169E-01  9.06782E-01  9.23972E-03
    6864.538    304.859   9.150  9.13909E-01  9.05560E-01  9.20887E-03
    6868.034    308.355   9.200  9.11565E-01  9.04339E-01  7.98029E-03
    6871.549    311.870   9.250  9.08156E-01  9.03118E-01  5.57100E-03
    6875.083    315.403   9.300  9.03966E-01  9.01897E-01  2.29090E-03
    6878.635    318.956   9.350  8.99489E-01  9.00676E-01 -1.31573E-03
    6882.207    322.528   9.400  8.95312E-01  8.99455E-01 -4.59811E-03
    6885.798    326.119   9.450  8.91971E-01  8.98234E-01 -6.95960E-03
    6889.408    329.729   9.500  8.89818E-01  8.97012E-01 -8.00576E-03
    6893.037    333.358   9.550  8.88851E-01  8.95750E-01 -7.68670E-03
    6896.685    337.006   9.600  8.88971E-01  8.94487E-01 -6.15351E-03
    6900.352    340.673   9.650  8.89774E-01  8.93224E-01 -3.85386E-03
    6904.038    344.359   9.700  8.90739E-01  8.91961E-01 -1.36722E-03
    6907.744    348.064   9.750  8.91364E-01  8.90698E-01  7.45400E-04
    6911.468    351.789   9.800  8.91288E-01  8.89435E-01  2.07773E-03
    6915.211    355.532   9.850  8.90367E-01  8.88172E-01  2.46428E-03
    6918.974    359.294   9.900  8.88685E-01  8.86910E-01  1.99612E-03
    6922.755    363.076   9.950  8.86505E-01  8.85647E-01  9.67006E-04
    6926.556    366.876  10.000  8.84180E-01  8.84384E-01 -2.29677E-04
    6930.375    370.696  10.050  8.82071E-01  8.83176E-01 -1.24779E-03
    6934.214    374.534  10.100  8.80368E-01  8.81968E-01 -1.80876E-03
    6938.071    378.392  10.150  8.79158E-01  8.80760E-01 -1.81358E-03
    6941.948    382.269  10.200  8.78372E-01  8.79552E-01 -1.33733E-03
    6945.844    386.164  10.250  8.77831E-01  8.78344E-01 -5.82207E-04
    6949.758    390.079  10.300  8.77314E-01  8.77136E-01  2.03151E-04
    6953.692    394.013  10.350  8.76639E-01  8.75928E-01  8.09889E-04
    6957.645    397.966  10.400  8.75714E-01  8.74720E-01  1.13316E-03
    6961.617    401.938  10.450  8.74559E-01  8.73511E-01  1.19505E-03
    6965.608    405.929  10.500  8.73285E-01  8.72303E-01  1.12123E-03
    6969.618    409.939  10.550  8.72041E-01  8.71095E-01  1.08163E-03
    6973.647    413.968  10.600  8.70950E-01  8.69887E-01  1.21671E-03
    6977.695    418.016  10.650  8.70053E-01  8.68679E-01  1.57519E-03
    6981.762    422.083  10.700  8.69287E-01  8.67471E-01  2.08483E-03
    6985.848    426.169  10.750  8.68495E-01  8.66263E-01  2.56672E-03
    6989.954    430.274  10.800  8.67478E-01  8.65055E-01  2.78948E-03
    6994.078    434.399  10.850  8.66056E-01  8.63847E-01  2.54634E-03
    6998.221    438.542  10.900  8.64138E-01  8.62639E-01  1.73085E-03
    7002.384    442.704  10.950  8.61765E-01  8.61431E-01  3.86453E-04
    7006.565    446.886  11.000  8.59111E-01  8.60223E-01 -1.28674E-03
    7010.766    451.086  11.050  8.56282E-01  8.58903E-01 -3.03889E-03
    7014.985    455.306  11.100  8.53721E-01  8.57583E-01 -4.48483E-03
    7019.224    459.545  11.150  8.51715E-01  8.56264E-01 -5.28961E-03
    7023.481    463.802  11.200  8.50445E-01  8.54944E-01 -5.23974E-03
    7027.758    468.079  11.250  8.49936E-01  8.53624E-01 -4.30223E-03
    7032.054    472.375  11.300  8.50046E-01  8.52304E-01 -2.63832E-03
    7036.369    476.690  11.350  8.50499E-01  8.50984E-01 -5.67859E-04
    7040.703    481.023  11.400  8.50950E-01  8.49664E-01  1.50644E-03
    7045.056    485.376  11.450  8.51065E-01  8.48344E-01  3.19442E-03
    7049.427    489.748  11.500  8.50604E-01  8.47025E-01  4.20830E-03
    7053.818    494.139  11.550  8.49461E-01  8.45705E-01  4.42366E-03
    7058.229    498.549  11.600  8.47688E-01  8.44385E-01  3.89675E-03
    7062.658    502.978  11.650  8.45465E-01  8.43065E-01  2.83599E-03
    7067.106    507.427  11.700  8.43044E-01  8.41745E-01  1.53743E-03
    7071.573    511.894  11.750  8.40682E-01  8.40425E-01  3.03891E-04
    7076.059    516.380  11.800  8.38575E-01  8.39106E-01 -6.29879E-04
    7080.565    520.885  11.850  8.36822E-01  8.37786E-01 -1.14633E-03
    7085.089    525.410  11.900  8.35410E-01  8.36466E-01 -1.25745E-03
    7089.632    529.953  11.950  8.34240E-01  8.35146E-01 -1.08042E-03
    7094.195    534.516  12.000  8.33168E-01  8.33826E-01 -7.86814E-04
    7098.776    539.097  12.050  8.31901E-01  8.32366E-01 -5.56507E-04
    7103.377    543.698  12.100  8.30502E-01  8.30905E-01 -4.84157E-04
    7107.996    548.317  12.150  8.28947E-01  8.29445E-01 -5.98058E-04
    7112.635    552.956  12.200  8.27286E-01  8.27985E-01 -8.41002E-04
    7117.293    557.614  12.250  8.25616E-01  8.26524E-01 -1.09508E-03
    7121.970    562.290  12.300  8.24050E-01  8.25064E-01 -1.22511E-03
    7126.665    566.986  12.350  8.22673E-01  8.23604E-01 -1.12650E-03
    7131.380    571.701  12.400  8.21514E-01  8.22143E-01 -7.62487E-04
    7136.114    576.435  12.450  8.20535E-01  8.20683E-01 -1.79567E-04
    7140.867    581.188  12.500  8.19636E-01  8.19223E-01  5.03179E-04
    7145.639    585.960  12.550  8.18687E-01  8.17762E-01  1.12720E-03
    7150.430    590.751  12.600  8.17563E-01  8.16302E-01  1.53973E-03
    7155.240    595.561  12.650  8.16181E-01  8.14842E-01  1.63754E-03
    7160.069    600.390  12.700  8.14521E-01  8.13381E-01  1.39642E-03
    7164.918    605.238  12.750  8.12636E-01  8.11921E-01  8.78036E-04
    7169.785    610.106  12.800  8.10634E-01  8.10461E-01  2.12747E-04
    7174.671    614.992  12.850  8.08646E-01  8.09000E-01 -4.36102E-04
    7179.577    619.897  12.900  8.06798E-01  8.07540E-01 -9.15836E-04
    7184.501    624.822  12.950  8.05171E-01  8.06080E-01 -1.12356E-03
    7189.444    629.765  13.000  8.03787E-01  8.04619E-01 -1.03016E-03
    7194.407    634.728  13.050  8.02647E-01  8.03206E-01 -6.93054E-04
    7199.388    639.709  13.100  8.01638E-01  8.01792E-01 -1.91028E-04
    7204.389    644.710  13.150  8.00653E-01  8.00378E-01  3.41836E-04
    7209.409    649.729  13.200  7.99584E-01  7.98965E-01  7.72034E-04
    7214.447    654.768  13.250  7.98352E-01  7.97551E-01  1.00042E-03
    7219.505    659.826  13.300  7.96924E-01  7.96138E-01  9.84709E-04
    7224.582    664.903  13.350  7.95318E-01  7.94724E-01  7.45444E-04
    7229.678    669.999  13.400  7.93593E-01  7.93310E-01  3.55205E-04
    7234.793    675.114  13.450  7.91830E-01  7.91897E-01 -8.47142E-05
    7239.927    680.247  13.500  7.90108E-01  7.90483E-01 -4.72704E-04
    7245.080    685.400  13.550  7.88490E-01  7.89070E-01 -7.32188E-04
    7250.252    690.573  13.600  7.87002E-01  7.87656E-01 -8.27386E-04
    7255.443    695.764  13.650  7.85638E-01  7.86242E-01 -7.66289E-04
    7260.653    700.974  13.700  7.84363E-01  7.84829E-01 -5.91581E-04
    7265.882    706.203  13.750  7.83129E-01  7.83415E-01 -3.63605E-04
    7271.130    711.451  13.800  7.81891E-01  7.82002E-01 -1.41256E-04
    7276.398    716.719  13.850  7.80614E-01  7.80588E-01  3.33917E-05
    7281.684    722.005  13.900  7.79286E-01  7.79174E-01  1.42795E-04
    7286.990    727.310  13.950  7.77911E-01  7.77761E-01  1.92835E-04
    7292.314    732.635  14.000  7.76507E-01  7.76347E-01  2.04646E-04
    7297.657    737.978  14.050  7.75021E-01  7.74856E-01  2.12780E-04
    7303.020    743.341  14.100  7.73541E-01  7.73365E-01  2.26656E-04
    7308.402    748.722  14.150  7.72068E-01  7.71874E-01  2.50627E-04
    7313.802    754.123  14.200  7.70595E-01  7.70382E-01  2.75920E-04
    7319.222    759.543  14.250  7.69111E-01  7.68891E-01  2.85074E-04
    7324.661    764.982  14.300  7.67600E-01  7.67400E-01  2.59852E-04
    7330.119    770.439  14.350  7.66054E-01  7.65909E-01  1.89622E-04
    7335.595    775.916  14.400  7.64476E-01  7.64417E-01  7.71410E-05
    7341.091    781.412  14.450  7.62880E-01  7.62926E-01 -6.03303E-05
    7346.606    786.927  14.500  7.61286E-01  7.61435E-01 -1.95003E-04
    7352.140    792.461  14.550  7.59718E-01  7.59944E-01 -2.96334E-04
    7357.693    798.014  14.600  7.58194E-01  7.58452E-01 -3.40057E-04
    7363.265    803.586  14.650  7.56722E-01  7.56961E-01 -3.15522E-04
    7368.857    809.177  14.700  7.55296E-01  7.55470E-01 -2.29028E-04
    7374.467    814.788  14.750  7.53901E-01  7.53979E-01 -1.02120E-04
    7380.096    820.417  14.800  7.52513E-01  7.52487E-01  3.45595E-05
    7385.744    826.065  14.850  7.51109E-01  7.50996E-01  1.49870E-04
    7391.412    831.732  14.900  7.49671E-01  7.49505E-01  2.20554E-04
    7397.098    837.419  14.950  7.48191E-01  7.48014E-01  2.36885E-04
    7402.804    843.124  15.000  7.46675E-01  7.46522E-01  2.04035E-04
