# # Once                                                         FEFF 9.6.4  
# # POT  SCF 100  5.0000   0, core-hole, AFOLP (folp(0)= 1.150)
# # Abs   Z=27 Rmt= 1.333 Rnm= 1.384 K  shell
# # Pot 1 Z=62 Rmt= 1.708 Rnm= 1.731
# # Pot 2 Z=27 Rmt= 1.342 Rnm= 1.393
# # Gam_ch=1.436E+00 H-L exch Vi= 0.000E+00 Vr= 0.000E+00
# # Mu=-1.756E+01 kf=2.065E+00 Vint=-2.658E+01 Rs_int= 1.757
# # PATH  Rmax=10.000,  Keep_limit= 0.00, Heap_limit 0.00  Pwcrit= 2.50%
#  S02=1.000  Temp=   0.00  Debye_temp=   0.00  Global_sig2= 0.00000
#  Energy zero shift, vr, vi    0.00000E+00   0.00000E+00
#  Curved wave amplitude ratio filter   4.000%
#     file         sig2 tot  cw amp ratio   deg  nlegs   reff  inp sig2
#           1       0.00000    100.00      1.00     2   2.3374
#           2       0.00000    191.30      2.00     2   2.3908
#           3       0.00000     92.23      1.00     2   2.4352
#           4       0.00000    175.60      2.00     2   2.4960
#           5       0.00000    163.70      2.00     2   2.5835
#           6       0.00000    155.30      2.00     2   2.6510
#           7       0.00000     86.86      1.00     2   2.9702
#           8       0.00000     84.43      1.00     2   3.0156
#           9       0.00000     40.50      1.00     2   3.5609
#          10       0.00000     17.14      4.00     3   3.6084
#          11       0.00000     16.63      4.00     3   3.6469
#          12       0.00000     14.21      4.00     3   3.6647
#          13       0.00000     16.50      4.00     3   3.6907
#          14       0.00000     15.77      4.00     3   3.7561
#          15       0.00000     12.67      4.00     3   3.8004
#          16       0.00000      9.40      2.00     3   3.8055
#          17       0.00000     10.91      4.00     3   3.8197
#          18       0.00000     10.93      4.00     3   3.8686
#          19       0.00000     11.70      4.00     3   3.8782
#          20       0.00000     64.07      2.00     2   3.9313
#          21       0.00000     59.87      2.00     2   4.0431
#          22       0.00000     59.44      2.00     2   4.0549
#          23       0.00000     57.94      2.00     2   4.0977
#          24       0.00000     57.34      2.00     2   4.1151
#          25       0.00000     56.72      2.00     2   4.1335
#          26       0.00000     55.06      2.00     2   4.1835
#          27       0.00000      8.02      4.00     3   4.3207
#          28       0.00000     12.61      4.00     3   4.3298
#          29       0.00000     17.60      4.00     3   4.3298
#          30       0.00000      9.12      4.00     3   4.3639
#          31       0.00000     14.81      4.00     3   4.4172
#          32       0.00000      6.32      2.00     3   4.4179
#          33       0.00000     16.58      4.00     3   4.4205
#          34       0.00000     16.92      4.00     3   4.4478
#          35       0.00000     17.61      4.00     3   4.4484
#          36       0.00000      6.89      2.00     3   4.4530
#          37       0.00000      9.08      2.00     3   4.4530
#          38       0.00000      9.18      2.00     3   4.4530
#          39       0.00000     10.45      4.00     3   4.4871
#          40       0.00000     14.61      4.00     3   4.4871
#          41       0.00000     10.71      4.00     3   4.4879
#          42       0.00000     14.76      4.00     3   4.4879
#          43       0.00000     14.69      4.00     3   4.4918
#          44       0.00000      9.25      4.00     3   4.5152
#          45       0.00000     45.03      2.00     2   4.5336
#          46       0.00000      9.71      4.00     3   4.5581
#          47       0.00000     13.52      4.00     3   4.5581
#          48       0.00000     14.40      4.00     3   4.5667
#          49       0.00000      9.77      4.00     3   4.5707
#          50       0.00000     43.52      2.00     2   4.5947
#          51       0.00000     12.78      4.00     3   4.5973
#          52       0.00000     12.76      4.00     3   4.5973
#          53       0.00000      8.51      4.00     3   4.6282
#          54       0.00000      9.85      4.00     3   4.6518
#          55       0.00000      5.78      1.00     4   4.6748
#          56       0.00000      6.16      2.00     3   4.6784
#          57       0.00000     11.51      4.00     3   4.6882
#          58       0.00000     63.96      2.00     2   4.7043
#          59       0.00000     19.76      8.00     3   4.7177
#          60       0.00000      8.03      4.00     3   4.7313
#          61       0.00000     19.38      4.00     3   4.7621
#          62       0.00000     19.74      1.00     2   4.7726
#          63       0.00000     17.90      4.00     3   4.7768
#          64       0.00000     39.28      2.00     2   4.7817
#          65       0.00000     97.62      4.00     3   4.7817
#          66       0.00000     10.48      2.00     4   4.7817
#          67       0.00000     80.08      2.00     4   4.7817
#          68       0.00000     19.38      4.00     3   4.8054
#          69       0.00000      5.67      4.00     4   4.8260
#          70       0.00000      5.60      4.00     4   4.8334
#          71       0.00000     37.76      4.00     3   4.8667
#          72       0.00000      4.84      1.00     4   4.8703
#          73       0.00000     28.04      4.00     4   4.8868
#          74       0.00000      5.26      4.00     4   4.8868
#          75       0.00000     17.99      4.00     3   4.8986
#          76       0.00000      4.57      4.00     4   4.9743
#          77       0.00000      4.74      4.00     4   4.9743
#          78       0.00000      8.71      2.00     4   4.9919
#          79       0.00000     11.14      4.00     3   4.9973
#          81       0.00000     54.24      2.00     2   5.0257
#          82       0.00000     68.98      4.00     2   5.0257
#          83       0.00000     13.77      4.00     3   5.0373
#          84       0.00000     10.13      4.00     3   5.0394
#          85       0.00000     11.90      4.00     3   5.0493
#          86       0.00000     54.35      4.00     3   5.0526
#          87       0.00000     53.76      4.00     3   5.0526
#          88       0.00000     33.88      2.00     2   5.0598
#          89       0.00000      9.92      4.00     3   5.0778
#          91       0.00000     24.28      2.00     4   5.0794
#          92       0.00000     23.85      2.00     4   5.0794
#          93       0.00000      4.16      4.00     4   5.0794
#          94       0.00000     33.10      2.00     2   5.1046
#          95       0.00000      9.72      4.00     3   5.1076
#          96       0.00000     15.37      4.00     3   5.1205
#          97       0.00000     15.18      4.00     3   5.1213
#          98       0.00000     14.86      4.00     3   5.1275
#          99       0.00000     23.98      4.00     3   5.1349
#         100       0.00000     32.42      2.00     2   5.1446
#         101       0.00000      7.53      2.00     4   5.1669
#         102       0.00000     22.51      4.00     3   5.1825
#         103       0.00000     27.42      4.00     3   5.1921
#         104       0.00000      7.97      4.00     3   5.1967
#         105       0.00000      4.53      2.00     4   5.2100
#         106       0.00000     31.13      2.00     2   5.2231
#         107       0.00000      7.72      4.00     3   5.2278
#         108       0.00000     14.97      4.00     4   5.2345
#         110       0.00000     10.11      4.00     3   5.2846
#         111       0.00000      7.51      4.00     3   5.2867
#         112       0.00000     15.87      4.00     3   5.2877
#         113       0.00000      6.74      2.00     4   5.3020
#         114       0.00000      9.47      4.00     3   5.3073
#         115       0.00000     23.17      1.00     2   5.3453
#         116       0.00000     11.11      4.00     3   5.3475
#         117       0.00000     21.12      2.00     3   5.3492
#         118       0.00000     45.67      2.00     3   5.3492
#         119       0.00000     14.02      2.00     4   5.3530
#         120       0.00000     29.95      1.00     4   5.3530
#         122       0.00000     22.61      1.00     2   5.3959
#         123       0.00000     20.24      2.00     3   5.4006
#         124       0.00000     43.19      2.00     3   5.4006
#         125       0.00000     13.17      2.00     4   5.4054
#         126       0.00000     27.41      1.00     4   5.4054
#         127       0.00000     10.82      4.00     3   5.4092
#         128       0.00000     12.37      4.00     3   5.4313
#         129       0.00000     26.54      2.00     2   5.5407
#         130       0.00000     21.77      4.00     3   5.5425
#         131       0.00000     26.33      2.00     2   5.5569
#         132       0.00000     25.82      2.00     2   5.5968
#         133       0.00000     25.53      2.00     2   5.6200
#         135       0.00000     20.32      4.00     3   5.6271
#         136       0.00000     31.16      4.00     3   5.8103
#         137       0.00000     30.06      4.00     3   5.8389
#         138       0.00000     22.22      4.00     3   5.8511
#         139       0.00000     20.31      4.00     3   5.8903
#         140       0.00000     11.17      1.00     2   5.8983
#         141       0.00000     37.60      2.00     3   5.9194
#         142       0.00000      4.01      1.00     4   5.9404
#         143       0.00000     30.23      1.00     4   5.9404
#         144       0.00000      4.72      2.00     4   5.9404
#         145       0.00000     10.67      1.00     2   5.9960
#         146       0.00000     37.33      2.00     3   6.0136
#         147       0.00000     21.11      2.00     2   6.0185
#         148       0.00000     21.07      2.00     2   6.0224
#         149       0.00000     11.34      2.00     4   6.0239
#         150       0.00000      8.60      4.00     3   6.0250
#         152       0.00000     31.26      1.00     4   6.0312
#         153       0.00000      4.28      2.00     4   6.0312
#         154       0.00000     20.82      2.00     2   6.0482
#         155       0.00000     20.72      2.00     2   6.0582
#         156       0.00000     10.66      2.00     4   6.0579
#         157       0.00000     20.69      2.00     2   6.0610
#         158       0.00000      7.52      4.00     3   6.0678
#         159       0.00000     41.16      4.00     2   6.0729
#         160       0.00000     20.50      2.00     2   6.0811
#         161       0.00000     13.73      4.00     3   6.1351
#         162       0.00000     13.24      4.00     3   6.1351
#         163       0.00000     11.43      4.00     3   6.1437
#         164       0.00000      5.34      2.00     4   6.1614
#         165       0.00000      8.38      4.00     3   6.1804
#         166       0.00000      8.88      4.00     3   6.1975
#         167       0.00000      8.87      4.00     3   6.1975
#         168       0.00000      7.16      4.00     3   6.1990
#         169       0.00000     19.30      2.00     2   6.2118
#         170       0.00000      4.62      4.00     4   6.2119
#         172       0.00000      4.53      2.00     4   6.2236
#         173       0.00000      8.19      4.00     3   6.2287
#         174       0.00000      6.81      4.00     3   6.2287
#         175       0.00000     18.98      2.00     2   6.2486
#         176       0.00000      7.89      4.00     3   6.2554
#         177       0.00000      7.70      4.00     3   6.2684
#         179       0.00000      7.81      4.00     3   6.2756
#         180       0.00000      6.46      4.00     3   6.2756
#         181       0.00000      6.77      4.00     3   6.2824
#         182       0.00000      7.26      4.00     3   6.2857
#   174/ 181 paths used
#  xsedge+50, used to normalize mu           2.9129E-04
#  -----------------------------------------------------------------------
#  omega    e    k    mu    mu0     chi     @#
    7719.117    -17.557   0.000  9.62773E-02  3.09514E-01 -3.90505E-01
    7719.126    -17.547   0.050  1.03817E-01  3.14568E-01 -3.85237E-01
    7719.155    -17.519   0.100  1.11492E-01  3.19622E-01 -3.79741E-01
    7719.202    -17.471   0.150  1.34233E-01  3.34562E-01 -3.63514E-01
    7719.269    -17.405   0.200  1.57995E-01  3.49502E-01 -3.45622E-01
    7719.355    -17.319   0.250  1.94881E-01  3.72623E-01 -3.17935E-01
    7719.459    -17.214   0.300  2.33708E-01  3.95744E-01 -2.87291E-01
    7719.583    -17.090   0.350  2.80129E-01  4.22338E-01 -2.49120E-01
    7719.726    -16.947   0.400  3.28841E-01  4.48932E-01 -2.07886E-01
    7719.888    -16.785   0.450  3.81950E-01  4.74030E-01 -1.57076E-01
    7720.069    -16.604   0.500  4.36508E-01  4.99127E-01 -1.05288E-01
    7720.269    -16.404   0.550  4.90913E-01  5.21014E-01 -4.97675E-02
    7720.488    -16.185   0.600  5.42182E-01  5.42900E-01 -1.16838E-03
    7720.726    -15.947   0.650  5.83269E-01  5.62138E-01  3.37361E-02
    7720.983    -15.690   0.700  6.15795E-01  5.81376E-01  5.39640E-02
    7721.260    -15.414   0.750  6.32588E-01  5.98960E-01  5.17052E-02
    7721.555    -15.119   0.800  6.38222E-01  6.16544E-01  3.26992E-02
    7721.869    -14.804   0.850  6.28532E-01  6.33161E-01 -6.84326E-03
    7722.203    -14.471   0.900  6.09355E-01  6.49777E-01 -5.86026E-02
    7722.555    -14.118   0.950  5.80041E-01  6.65782E-01 -1.21838E-01
    7722.927    -13.747   1.000  5.46827E-01  6.81786E-01 -1.88049E-01
    7723.317    -13.356   1.050  5.11874E-01  6.97275E-01 -2.53325E-01
    7723.727    -12.947   1.100  4.80412E-01  7.12765E-01 -3.11436E-01
    7724.155    -12.518   1.150  4.55015E-01  7.27710E-01 -3.58709E-01
    7724.603    -12.071   1.200  4.38961E-01  7.42655E-01 -3.92188E-01
    7725.070    -11.604   1.250  4.33178E-01  7.56941E-01 -4.10802E-01
    7725.555    -11.118   1.300  4.39796E-01  7.71226E-01 -4.13312E-01
    7726.060    -10.613   1.350  4.57506E-01  7.84712E-01 -4.01461E-01
    7726.584    -10.089   1.400  4.87086E-01  7.98198E-01 -3.75654E-01
    7727.127     -9.546   1.450  5.25949E-01  8.10714E-01 -3.38834E-01
    7727.689     -8.985   1.500  5.73381E-01  8.23230E-01 -2.93022E-01
    7728.270     -8.403   1.550  6.26018E-01  8.34655E-01 -2.41533E-01
    7728.870     -7.803   1.600  6.82807E-01  8.46081E-01 -1.86610E-01
    7729.489     -7.184   1.650  7.40948E-01  8.56308E-01 -1.30375E-01
    7730.127     -6.546   1.700  8.00182E-01  8.66535E-01 -7.41613E-02
    7730.785     -5.889   1.750  8.59139E-01  8.75468E-01 -1.80789E-02
    7731.461     -5.213   1.800  9.17813E-01  8.84400E-01  3.66504E-02
    7732.156     -4.517   1.850  9.74920E-01  8.92011E-01  9.02424E-02
    7732.871     -3.803   1.900  1.02885E+00  8.99622E-01  1.39589E-01
    7733.604     -3.070   1.950  1.07670E+00  9.05847E-01  1.83435E-01
    7734.357     -2.317   2.000  1.11518E+00  9.12072E-01  2.16769E-01
    7735.128     -1.546   2.050  1.14168E+00  9.16374E-01  2.39567E-01
    7735.919     -0.755   2.100  1.15036E+00  9.20675E-01  2.43315E-01
    7736.728      0.055   2.150  1.13953E+00  9.24977E-01  2.26440E-01
    7737.557      0.883   2.200  1.11045E+00  9.29279E-01  1.90508E-01
    7738.405      1.731   2.250  1.06026E+00  9.30547E-01  1.36415E-01
    7739.271      2.598   2.300  1.00099E+00  9.31814E-01  7.27508E-02
    7740.157      3.484   2.350  9.43218E-01  9.33082E-01  1.06615E-02
    7741.062      4.389   2.400  8.96458E-01  9.34349E-01 -3.98586E-02
    7741.986      5.312   2.450  8.72307E-01  9.39194E-01 -7.02327E-02
    7742.929      6.255   2.500  8.64714E-01  9.44038E-01 -8.31431E-02
    7743.891      7.217   2.550  8.71074E-01  9.48883E-01 -8.14075E-02
    7744.872      8.199   2.600  8.86247E-01  9.53728E-01 -7.04753E-02
    7745.872      9.199   2.650  8.99652E-01  9.57763E-01 -6.04926E-02
    7746.891     10.218   2.700  9.15958E-01  9.61798E-01 -4.75638E-02
    7747.930     11.256   2.750  9.32393E-01  9.65833E-01 -3.45859E-02
    7748.987     12.313   2.800  9.47195E-01  9.69868E-01 -2.33744E-02
    7750.063     13.390   2.850  9.57195E-01  9.72158E-01 -1.53874E-02
    7751.159     14.485   2.900  9.64942E-01  9.74449E-01 -9.75175E-03
    7752.273     15.599   2.950  9.71065E-01  9.76739E-01 -5.80602E-03
    7753.406     16.733   3.000  9.76750E-01  9.79030E-01 -2.32675E-03
    7754.559     17.885   3.050  9.80686E-01  9.80719E-01 -3.38190E-05
    7755.731     19.057   3.100  9.86567E-01  9.82408E-01  4.22674E-03
    7756.921     20.248   3.150  9.95186E-01  9.84098E-01  1.12474E-02
    7758.131     21.457   3.200  1.00661E+00  9.85787E-01  2.10818E-02
    7759.360     22.686   3.250  1.01794E+00  9.86464E-01  3.18031E-02
    7760.607     23.934   3.300  1.03082E+00  9.87142E-01  4.40530E-02
    7761.874     25.201   3.350  1.04370E+00  9.87820E-01  5.62730E-02
    7763.160     26.486   3.400  1.05486E+00  9.88497E-01  6.67042E-02
    7764.465     27.791   3.450  1.06326E+00  9.89240E-01  7.43207E-02
    7765.789     29.115   3.500  1.06718E+00  9.89982E-01  7.74171E-02
    7767.132     30.458   3.550  1.06573E+00  9.90724E-01  7.51375E-02
    7768.494     31.820   3.600  1.05866E+00  9.91467E-01  6.72287E-02
    7769.875     33.202   3.650  1.04566E+00  9.91669E-01  5.39555E-02
    7771.275     34.602   3.700  1.02830E+00  9.91872E-01  3.63602E-02
    7772.694     36.021   3.750  1.00774E+00  9.92075E-01  1.56189E-02
    7774.133     37.459   3.800  9.85340E-01  9.92278E-01 -6.90862E-03
    7775.590     38.917   3.850  9.62803E-01  9.92885E-01 -2.99202E-02
    7777.066     40.393   3.900  9.41645E-01  9.93491E-01 -5.15151E-02
    7778.562     41.888   3.950  9.23304E-01  9.94097E-01 -7.02691E-02
    7780.076     43.403   4.000  9.09104E-01  9.94703E-01 -8.48791E-02
    7781.610     44.936   4.050  9.00614E-01  9.95145E-01 -9.36349E-02
    7783.162     46.489   4.100  8.98319E-01  9.95587E-01 -9.62420E-02
    7784.734     48.060   4.150  9.02476E-01  9.96028E-01 -9.24674E-02
    7786.325     49.651   4.200  9.12768E-01  9.96470E-01 -8.26431E-02
    7787.934     51.261   4.250  9.28869E-01  9.97054E-01 -6.72584E-02
    7789.563     52.890   4.300  9.48529E-01  9.97638E-01 -4.83957E-02
    7791.211     54.537   4.350  9.69699E-01  9.98221E-01 -2.80814E-02
    7792.878     56.204   4.400  9.90176E-01  9.98805E-01 -8.48820E-03
    7794.564     57.890   4.450  1.00804E+00  9.99443E-01  8.45245E-03
    7796.269     59.595   4.500  1.02155E+00  1.00008E+00  2.10897E-02
    7797.993     61.319   4.550  1.03003E+00  1.00072E+00  2.87648E-02
    7799.736     63.062   4.600  1.03369E+00  1.00136E+00  3.17026E-02
    7801.498     64.824   4.650  1.03310E+00  1.00175E+00  3.07307E-02
    7803.279     66.606   4.700  1.03022E+00  1.00213E+00  2.75185E-02
    7805.079     68.406   4.750  1.02676E+00  1.00252E+00  2.37350E-02
    7806.899     70.225   4.800  1.02414E+00  1.00291E+00  2.07746E-02
    7808.737     72.063   4.850  1.02299E+00  1.00319E+00  1.93697E-02
    7810.594     73.921   4.900  1.02378E+00  1.00347E+00  1.98605E-02
    7812.471     75.797   4.950  1.02615E+00  1.00375E+00  2.18991E-02
    7814.366     77.693   5.000  1.02942E+00  1.00403E+00  2.48202E-02
    7816.281     79.607   5.050  1.03246E+00  1.00406E+00  2.77696E-02
    7818.214     81.541   5.100  1.03523E+00  1.00409E+00  3.04485E-02
    7820.167     83.493   5.150  1.03760E+00  1.00411E+00  3.27384E-02
    7822.139     85.465   5.200  1.03970E+00  1.00414E+00  3.47755E-02
    7824.129     87.456   5.250  1.04129E+00  1.00389E+00  3.65877E-02
    7826.139     89.465   5.300  1.04280E+00  1.00364E+00  3.83183E-02
    7828.168     91.494   5.350  1.04365E+00  1.00340E+00  3.94128E-02
    7830.216     93.542   5.400  1.04273E+00  1.00315E+00  3.87633E-02
    7832.283     95.609   5.450  1.03825E+00  1.00265E+00  3.48889E-02
    7834.369     97.695   5.500  1.02907E+00  1.00216E+00  2.63905E-02
    7836.474     99.800   5.550  1.01421E+00  1.00166E+00  1.23209E-02
    7838.598    101.924   5.600  9.93774E-01  1.00116E+00 -7.25648E-03
    7840.741    104.067   5.650  9.69015E-01  1.00042E+00 -3.08645E-02
    7842.903    106.229   5.700  9.42922E-01  9.99673E-01 -5.58243E-02
    7845.084    108.411   5.750  9.19197E-01  9.98928E-01 -7.84960E-02
    7847.284    110.611   5.800  9.01808E-01  9.98182E-01 -9.49621E-02
    7849.504    112.830   5.850  8.94208E-01  9.97319E-01 -1.01709E-01
    7851.742    115.069   5.900  8.98311E-01  9.96456E-01 -9.69147E-02
    7854.000    117.326   5.950  9.14083E-01  9.95593E-01 -8.05748E-02
    7856.276    119.602   6.000  9.39369E-01  9.94730E-01 -5.47844E-02
    7858.572    121.898   6.050  9.70278E-01  9.93746E-01 -2.32516E-02
    7860.886    124.213   6.100  1.00152E+00  9.92762E-01  8.69141E-03
    7863.220    126.546   6.150  1.02804E+00  9.91778E-01  3.60153E-02
    7865.572    128.899   6.200  1.04580E+00  9.90794E-01  5.46950E-02
    7867.944    131.271   6.250  1.05260E+00  9.89810E-01  6.25074E-02
    7870.335    133.661   6.300  1.04845E+00  9.88826E-01  5.94236E-02
    7872.745    136.071   6.350  1.03546E+00  9.87842E-01  4.75120E-02
    7875.174    138.500   6.400  1.01728E+00  9.86858E-01  3.03873E-02
    7877.621    140.948   6.450  9.98221E-01  9.85874E-01  1.23498E-02
    7880.088    143.415   6.500  9.82320E-01  9.84890E-01 -2.57360E-03
    7882.574    145.901   6.550  9.72702E-01  9.83971E-01 -1.12982E-02
    7885.079    148.406   6.600  9.70614E-01  9.83053E-01 -1.24847E-02
    7887.604    150.930   6.650  9.75424E-01  9.82134E-01 -6.74314E-03
    7890.147    153.473   6.700  9.84997E-01  9.81215E-01  3.80459E-03
    7892.709    156.035   6.750  9.96344E-01  9.80297E-01  1.61635E-02
    7895.290    158.617   6.800  1.00638E+00  9.79378E-01  2.72332E-02
    7897.891    161.217   6.850  1.01264E+00  9.78460E-01  3.45070E-02
    7900.510    163.836   6.900  1.01369E+00  9.77541E-01  3.65426E-02
    7903.148    166.475   6.950  1.00935E+00  9.76623E-01  3.31218E-02
    7905.806    169.132   7.000  1.00048E+00  9.75704E-01  2.51038E-02
    7908.482    171.809   7.050  9.88642E-01  9.74892E-01  1.39475E-02
    7911.178    174.504   7.100  9.75440E-01  9.74081E-01  1.38004E-03
    7913.892    177.219   7.150  9.62564E-01  9.73269E-01 -1.08838E-02
    7916.626    179.953   7.200  9.51304E-01  9.72457E-01 -2.15333E-02
    7919.379    182.705   7.250  9.42427E-01  9.71646E-01 -2.97777E-02
    7922.151    185.477   7.300  9.36240E-01  9.70834E-01 -3.52983E-02
    7924.941    188.268   7.350  9.32731E-01  9.70022E-01 -3.80952E-02
    7927.751    191.078   7.400  9.31755E-01  9.69211E-01 -3.83087E-02
    7930.580    193.907   7.450  9.33153E-01  9.68399E-01 -3.60911E-02
    7933.428    196.755   7.500  9.36793E-01  9.67587E-01 -3.15700E-02
    7936.295    199.622   7.550  9.42542E-01  9.66706E-01 -2.48054E-02
    7939.181    202.508   7.600  9.50183E-01  9.65824E-01 -1.60787E-02
    7942.086    205.413   7.650  9.59060E-01  9.64943E-01 -6.05494E-03
    7945.011    208.337   7.700  9.68226E-01  9.64061E-01  4.29292E-03
    7947.954    211.280   7.750  9.76536E-01  9.63180E-01  1.37847E-02
    7950.916    214.242   7.800  9.82838E-01  9.62298E-01  2.12273E-02
    7953.897    217.224   7.850  9.86207E-01  9.61417E-01  2.56549E-02
    7956.898    220.224   7.900  9.86156E-01  9.60535E-01  2.65506E-02
    7959.917    223.244   7.950  9.82764E-01  9.59654E-01  2.39816E-02
    7962.956    226.282   8.000  9.76679E-01  9.58772E-01  1.86065E-02
    7966.013    229.340   8.050  9.68738E-01  9.57751E-01  1.14331E-02
    7969.090    232.416   8.100  9.60591E-01  9.56730E-01  4.02395E-03
    7972.185    235.512   8.150  9.53522E-01  9.55709E-01 -2.28199E-03
    7975.300    238.626   8.200  9.48441E-01  9.54687E-01 -6.52789E-03
    7978.434    241.760   8.250  9.45740E-01  9.53666E-01 -8.29559E-03
    7981.586    244.913   8.300  9.45284E-01  9.52645E-01 -7.71532E-03
    7984.758    248.085   8.350  9.46532E-01  9.51624E-01 -5.34473E-03
    7987.949    251.275   8.400  9.48731E-01  9.50603E-01 -1.96750E-03
    7991.159    254.485   8.450  9.51123E-01  9.49581E-01  1.62266E-03
    7994.388    257.714   8.500  9.53107E-01  9.48560E-01  4.79278E-03
    7997.636    260.962   8.550  9.54179E-01  9.47472E-01  7.07851E-03
    8000.903    264.229   8.600  9.54299E-01  9.46384E-01  8.36424E-03
    8004.189    267.516   8.650  9.53564E-01  9.45296E-01  8.74857E-03
    8007.494    270.821   8.700  9.52143E-01  9.44209E-01  8.40748E-03
    8010.818    274.145   8.750  9.50176E-01  9.43121E-01  7.48491E-03
    8014.162    277.488   8.800  9.47719E-01  9.42033E-01  6.04061E-03
    8017.524    280.851   8.850  9.44770E-01  9.40945E-01  4.06858E-03
    8020.905    284.232   8.900  9.41331E-01  9.39857E-01  1.56934E-03
    8024.306    287.632   8.950  9.37490E-01  9.38769E-01 -1.36371E-03
    8027.725    291.052   9.000  9.33477E-01  9.37681E-01 -4.48940E-03
    8031.164    294.490   9.050  9.29732E-01  9.36609E-01 -7.35093E-03
    8034.621    297.948   9.100  9.26517E-01  9.35537E-01 -9.65112E-03
    8038.098    301.424   9.150  9.24165E-01  9.34465E-01 -1.10322E-02
    8041.594    304.920   9.200  9.22846E-01  9.33393E-01 -1.13082E-02
    8045.108    308.435   9.250  9.22476E-01  9.32321E-01 -1.05656E-02
    8048.642    311.969   9.300  9.22709E-01  9.31249E-01 -9.17509E-03
    8052.195    315.521   9.350  9.23022E-01  9.30177E-01 -7.69477E-03
    8055.767    319.093   9.400  9.22893E-01  9.29105E-01 -6.68694E-03
    8059.358    322.684   9.450  9.21994E-01  9.28033E-01 -6.50812E-03
    8062.968    326.294   9.500  9.20335E-01  9.26961E-01 -7.14766E-03
    8066.597    329.923   9.550  9.18492E-01  9.25996E-01 -8.10247E-03
    8070.245    333.571   9.600  9.16977E-01  9.25031E-01 -8.70418E-03
    8073.912    337.238   9.650  9.16521E-01  9.24066E-01 -8.16077E-03
    8077.598    340.924   9.700  9.17709E-01  9.23101E-01 -5.83722E-03
    8081.303    344.630   9.750  9.20753E-01  9.22136E-01 -1.49790E-03
    8085.027    348.354   9.800  9.25361E-01  9.21171E-01  4.54527E-03
    8088.771    352.097   9.850  9.30739E-01  9.20206E-01  1.14364E-02
    8092.533    355.860   9.900  9.35755E-01  9.19241E-01  1.79459E-02
    8096.315    359.641   9.950  9.39210E-01  9.18275E-01  2.27700E-02
    8100.115    363.441  10.000  9.40164E-01  9.17310E-01  2.48799E-02
    8103.934    367.261  10.050  9.38085E-01  9.16250E-01  2.37966E-02
    8107.773    371.099  10.100  9.33362E-01  9.15190E-01  1.98268E-02
    8111.631    374.957  10.150  9.26872E-01  9.14129E-01  1.39178E-02
    8115.507    378.834  10.200  9.19861E-01  9.13069E-01  7.42626E-03
    8119.403    382.729  10.250  9.13600E-01  9.12009E-01  1.74125E-03
    8123.318    386.644  10.300  9.09021E-01  9.10949E-01 -2.11270E-03
    8127.252    390.578  10.350  9.06449E-01  9.09888E-01 -3.77255E-03
    8131.204    394.531  10.400  9.05513E-01  9.08828E-01 -3.64074E-03
    8135.176    398.503  10.450  9.05261E-01  9.07768E-01 -2.75636E-03
    8139.167    402.494  10.500  9.04470E-01  9.06707E-01 -2.46243E-03
    8143.177    406.504  10.550  9.02052E-01  9.05647E-01 -3.96088E-03
    8147.206    410.533  10.600  8.97439E-01  9.04587E-01 -7.88514E-03
    8151.254    414.581  10.650  8.90830E-01  9.03526E-01 -1.40211E-02
    8155.322    418.648  10.700  8.83228E-01  9.02466E-01 -2.12691E-02
    8159.408    422.734  10.750  8.76222E-01  9.01406E-01 -2.78733E-02
    8163.513    426.840  10.800  8.71587E-01  9.00345E-01 -3.18656E-02
    8167.637    430.964  10.850  8.70789E-01  8.99285E-01 -3.16093E-02
    8171.781    435.107  10.900  8.74550E-01  8.98225E-01 -2.62909E-02
    8175.943    439.270  10.950  8.82576E-01  8.97164E-01 -1.62189E-02
    8180.125    443.451  11.000  8.93554E-01  8.96104E-01 -2.83825E-03
    8184.325    447.652  11.050  9.05183E-01  8.94865E-01  1.14992E-02
    8188.545    451.871  11.100  9.15391E-01  8.93626E-01  2.42902E-02
    8192.783    456.110  11.150  9.22106E-01  8.92386E-01  3.32127E-02
    8197.041    460.367  11.200  9.23988E-01  8.91147E-01  3.67507E-02
    8201.318    464.644  11.250  9.20729E-01  8.89908E-01  3.45371E-02
    8205.613    468.940  11.300  9.13096E-01  8.88669E-01  2.74107E-02
    8209.928    473.255  11.350  9.02717E-01  8.87429E-01  1.71781E-02
    8214.262    477.589  11.400  8.91655E-01  8.86190E-01  6.14896E-03
    8218.615    481.941  11.450  8.81906E-01  8.84951E-01 -3.43065E-03
    8222.987    486.313  11.500  8.74940E-01  8.83712E-01 -9.89695E-03
    8227.378    490.704  11.550  8.71401E-01  8.82472E-01 -1.25093E-02
    8231.788    495.114  11.600  8.71039E-01  8.81233E-01 -1.15343E-02
    8236.217    499.544  11.650  8.72873E-01  8.79994E-01 -8.06832E-03
    8240.665    503.992  11.700  8.75527E-01  8.78755E-01 -3.66198E-03
    8245.133    508.459  11.750  8.77637E-01  8.77515E-01  1.37833E-04
    8249.619    512.945  11.800  8.78209E-01  8.76276E-01  2.19897E-03
    8254.124    517.451  11.850  8.76845E-01  8.75037E-01  2.05989E-03
    8258.648    521.975  11.900  8.73775E-01  8.73798E-01 -2.62900E-05
    8263.192    526.518  11.950  8.69712E-01  8.72559E-01 -3.25222E-03
    8267.754    531.081  12.000  8.65589E-01  8.71319E-01 -6.55551E-03
    8272.336    535.662  12.050  8.62256E-01  8.70076E-01 -8.95896E-03
    8276.936    540.263  12.100  8.60207E-01  8.68833E-01 -9.89658E-03
    8281.556    544.882  12.150  8.59552E-01  8.67590E-01 -9.23430E-03
    8286.195    549.521  12.200  8.60019E-01  8.66347E-01 -7.28088E-03
    8290.852    554.179  12.250  8.61082E-01  8.65104E-01 -4.63337E-03
    8295.529    558.856  12.300  8.62166E-01  8.63861E-01 -1.95567E-03
    8300.225    563.551  12.350  8.62819E-01  8.62618E-01  2.32941E-04
    8304.940    568.266  12.400  8.62838E-01  8.61375E-01  1.69253E-03
    8309.674    573.000  12.450  8.62276E-01  8.60132E-01  2.48496E-03
    8314.427    577.753  12.500  8.61378E-01  8.58889E-01  2.88851E-03
    8319.199    582.525  12.550  8.60438E-01  8.57646E-01  3.24507E-03
    8323.990    587.316  12.600  8.59668E-01  8.56403E-01  3.80017E-03
    8328.800    592.126  12.650  8.59103E-01  8.55159E-01  4.59487E-03
    8333.629    596.955  12.700  8.58584E-01  8.53916E-01  5.44684E-03
    8338.477    601.804  12.750  8.57828E-01  8.52673E-01  6.02436E-03
    8343.344    606.671  12.800  8.56543E-01  8.51430E-01  5.98390E-03
    8348.231    611.557  12.850  8.54555E-01  8.50187E-01  5.11899E-03
    8353.136    616.462  12.900  8.51896E-01  8.48944E-01  3.46497E-03
    8358.060    621.387  12.950  8.48824E-01  8.47701E-01  1.31976E-03
    8363.004    626.330  13.000  8.45753E-01  8.46458E-01 -8.29586E-04
    8367.966    631.293  13.050  8.43072E-01  8.45143E-01 -2.44189E-03
    8372.948    636.274  13.100  8.41210E-01  8.43828E-01 -3.09058E-03
    8377.949    641.275  13.150  8.40277E-01  8.42513E-01 -2.64411E-03
    8382.968    646.295  13.200  8.40100E-01  8.41198E-01 -1.30030E-03
    8388.007    651.333  13.250  8.40278E-01  8.39883E-01  4.69379E-04
    8393.065    656.391  13.300  8.40305E-01  8.38567E-01  2.06429E-03
    8398.141    661.468  13.350  8.39724E-01  8.37252E-01  2.94166E-03
    8403.237    666.564  13.400  8.38274E-01  8.35937E-01  2.78511E-03
    8408.352    671.679  13.450  8.35962E-01  8.34622E-01  1.59990E-03
    8413.486    676.813  13.500  8.33060E-01  8.33307E-01 -2.95913E-04
    8418.639    681.966  13.550  8.30004E-01  8.31992E-01 -2.38051E-03
    8423.811    687.138  13.600  8.27259E-01  8.30677E-01 -4.10068E-03
    8429.002    692.329  13.650  8.25160E-01  8.29362E-01 -5.04948E-03
    8434.212    697.539  13.700  8.23817E-01  8.28047E-01 -5.09004E-03
    8439.442    702.768  13.750  8.23094E-01  8.26731E-01 -4.38456E-03
    8444.690    708.016  13.800  8.22667E-01  8.25416E-01 -3.32023E-03
    8449.957    713.284  13.850  8.22151E-01  8.24101E-01 -2.35837E-03
    8455.244    718.570  13.900  8.21251E-01  8.22786E-01 -1.85998E-03
    8460.549    723.875  13.950  8.19865E-01  8.21471E-01 -1.94851E-03
    8465.873    729.200  14.000  8.18133E-01  8.20156E-01 -2.45853E-03
    8471.217    734.543  14.050  8.16347E-01  8.18779E-01 -2.96038E-03
    8476.580    739.906  14.100  8.14911E-01  8.17402E-01 -3.03731E-03
    8481.961    745.288  14.150  8.14162E-01  8.16025E-01 -2.27506E-03
    8487.362    750.688  14.200  8.14247E-01  8.14648E-01 -4.90535E-04
    8492.781    756.108  14.250  8.15043E-01  8.13271E-01  2.17291E-03
    8498.220    761.547  14.300  8.16174E-01  8.11894E-01  5.25588E-03
    8503.678    767.004  14.350  8.17102E-01  8.10517E-01  8.09983E-03
    8509.155    772.481  14.400  8.17284E-01  8.09139E-01  1.00350E-02
    8514.651    777.977  14.450  8.16334E-01  8.07762E-01  1.05797E-02
    8520.166    783.492  14.500  8.14139E-01  8.06385E-01  9.58614E-03
    8525.700    789.026  14.550  8.10890E-01  8.05008E-01  7.28463E-03
    8531.253    794.579  14.600  8.07026E-01  8.03631E-01  4.21164E-03
    8536.825    800.151  14.650  8.03094E-01  8.02254E-01  1.04400E-03
    8542.416    805.742  14.700  7.99587E-01  8.00877E-01 -1.60606E-03
    8548.026    811.353  14.750  7.96800E-01  7.99500E-01 -3.36786E-03
    8553.655    816.982  14.800  7.94759E-01  7.98123E-01 -4.20326E-03
    8559.304    822.630  14.850  7.93244E-01  7.96746E-01 -4.38246E-03
    8564.971    828.298  14.900  7.91896E-01  7.95369E-01 -4.35418E-03
    8570.658    833.984  14.950  7.90364E-01  7.93992E-01 -4.55603E-03
    8576.363    839.689  15.000  7.88457E-01  7.92615E-01 -5.23147E-03
    8582.088    845.414  15.050  7.86197E-01  7.91238E-01 -6.35353E-03
    8587.831    851.158  15.100  7.83929E-01  7.89861E-01 -7.49040E-03
    8593.594    856.920  15.150  7.82093E-01  7.88485E-01 -8.08444E-03
    8599.375    862.702  15.200  7.81106E-01  7.87108E-01 -7.60479E-03
    8605.176    868.502  15.250  7.81195E-01  7.85731E-01 -5.75762E-03
    8610.996    874.322  15.300  7.82285E-01  7.84355E-01 -2.63230E-03
    8616.835    880.161  15.350  7.83976E-01  7.82978E-01  1.27128E-03
    8622.692    886.019  15.400  7.85638E-01  7.81601E-01  5.15189E-03
    8628.569    891.896  15.450  7.86580E-01  7.80225E-01  8.12524E-03
    8634.465    897.792  15.500  7.86255E-01  7.78848E-01  9.48660E-03
    8640.380    903.707  15.550  7.84435E-01  7.77471E-01  8.93533E-03
    8646.314    909.641  15.600  7.81297E-01  7.76094E-01  6.68725E-03
    8652.267    915.594  15.650  7.77384E-01  7.74718E-01  3.43382E-03
    8658.240    921.566  15.700  7.73460E-01  7.73341E-01  1.53571E-04
    8664.231    927.557  15.750  7.70284E-01  7.71964E-01 -2.17145E-03
    8670.241    933.567  15.800  7.68386E-01  7.70588E-01 -2.85061E-03
    8676.270    939.597  15.850  7.67900E-01  7.69211E-01 -1.70111E-03
    8682.319    945.645  15.900  7.68513E-01  7.67834E-01  8.82224E-04
    8688.386    951.713  15.950  7.69552E-01  7.66458E-01  4.02845E-03
    8694.473    957.799  16.000  7.70169E-01  7.65081E-01  6.63691E-03
    8700.578    963.904  16.050  7.69526E-01  7.63652E-01  7.67631E-03
    8706.703    970.029  16.100  7.67251E-01  7.62223E-01  6.58341E-03
    8712.846    976.173  16.150  7.63328E-01  7.60794E-01  3.32407E-03
    8719.009    982.335  16.200  7.58199E-01  7.59365E-01 -1.53203E-03
    8725.191    988.517  16.250  7.52662E-01  7.57935E-01 -6.94386E-03
    8731.391    994.718  16.300  7.47667E-01  7.56506E-01 -1.16629E-02
    8737.611   1000.938  16.350  7.44067E-01  7.55077E-01 -1.45555E-02
    8743.850   1007.176  16.400  7.42403E-01  7.53648E-01 -1.48941E-02
    8750.108   1013.434  16.450  7.42771E-01  7.52219E-01 -1.25394E-02
    8756.385   1019.711  16.500  7.44799E-01  7.50790E-01 -7.96586E-03
    8762.681   1026.007  16.550  7.47762E-01  7.49361E-01 -2.13017E-03
    8768.996   1032.322  16.600  7.50761E-01  7.47932E-01  3.77620E-03
    8775.330   1038.656  16.650  7.52947E-01  7.46503E-01  8.61903E-03
    8781.683   1045.009  16.700  7.53713E-01  7.45074E-01  1.15785E-02
    8788.055   1051.382  16.750  7.52810E-01  7.43644E-01  1.23078E-02
    8794.446   1057.773  16.800  7.50362E-01  7.42215E-01  1.09606E-02
    8800.857   1064.183  16.850  7.46790E-01  7.40786E-01  8.09411E-03
    8807.286   1070.613  16.900  7.42680E-01  7.39357E-01  4.48778E-03
    8813.735   1077.061  16.950  7.38618E-01  7.37928E-01  9.34194E-04
    8820.202   1083.528  17.000  7.35069E-01  7.36499E-01 -1.93868E-03
    8826.688   1090.015  17.050  7.32305E-01  7.35081E-01 -3.77141E-03
    8833.194   1096.520  17.100  7.30342E-01  7.33663E-01 -4.52143E-03
    8839.719   1103.045  17.150  7.29056E-01  7.32245E-01 -4.35000E-03
    8846.262   1109.589  17.200  7.28231E-01  7.30827E-01 -3.54803E-03
    8852.825   1116.151  17.250  7.27627E-01  7.29409E-01 -2.44050E-03
    8859.407   1122.733  17.300  7.27033E-01  7.27991E-01 -1.31506E-03
    8866.008   1129.334  17.350  7.26293E-01  7.26573E-01 -3.85639E-04
    8872.627   1135.954  17.400  7.25311E-01  7.25155E-01  2.14082E-04
    8879.266   1142.593  17.450  7.24043E-01  7.23737E-01  4.21849E-04
    8885.924   1149.251  17.500  7.22491E-01  7.22319E-01  2.37913E-04
    8892.601   1155.928  17.550  7.20703E-01  7.20902E-01 -2.75808E-04
    8899.297   1162.624  17.600  7.18770E-01  7.19484E-01 -9.91068E-04
    8906.012   1169.339  17.650  7.16834E-01  7.18066E-01 -1.71425E-03
    8912.747   1176.073  17.700  7.15065E-01  7.16648E-01 -2.20613E-03
    8919.500   1182.826  17.750  7.13635E-01  7.15230E-01 -2.22771E-03
    8926.272   1189.598  17.800  7.12664E-01  7.13812E-01 -1.60721E-03
    8933.063   1196.390  17.850  7.12172E-01  7.12394E-01 -3.10564E-04
    8939.874   1203.200  17.900  7.12050E-01  7.10976E-01  1.51027E-03
    8946.703   1210.029  17.950  7.12054E-01  7.09558E-01  3.51565E-03
    8953.551   1216.878  18.000  7.11850E-01  7.08140E-01  5.23584E-03
    8960.419   1223.745  18.050  7.11077E-01  7.06704E-01  6.18478E-03
    8967.305   1230.632  18.100  7.09491E-01  7.05268E-01  5.98533E-03
    8974.211   1237.538  18.150  7.07006E-01  7.03832E-01  4.50765E-03
    8981.136   1244.462  18.200  7.03755E-01  7.02396E-01  1.93488E-03
    8988.079   1251.406  18.250  7.00084E-01  7.00960E-01 -1.24959E-03
    8995.042   1258.369  18.300  6.96470E-01  6.99524E-01 -4.36369E-03
    9002.024   1265.350  18.350  6.93413E-01  6.98088E-01 -6.69490E-03
    9009.025   1272.351  18.400  6.91293E-01  6.96652E-01 -7.69015E-03
    9016.045   1279.371  18.450  6.90270E-01  6.95216E-01 -7.11224E-03
    9023.084   1286.410  18.500  6.90231E-01  6.93780E-01 -5.11435E-03
    9030.142   1293.468  18.550  6.90815E-01  6.92343E-01 -2.20696E-03
    9037.219   1300.545  18.600  6.91513E-01  6.90907E-01  8.77167E-04
    9044.315   1307.641  18.650  6.91804E-01  6.89471E-01  3.38283E-03
    9051.430   1314.756  18.700  6.91296E-01  6.88035E-01  4.73938E-03
    9058.564   1321.891  18.750  6.89836E-01  6.86599E-01  4.71407E-03
    9065.717   1329.044  18.800  6.87538E-01  6.85163E-01  3.46649E-03
    9072.890   1336.216  18.850  6.84745E-01  6.83727E-01  1.48852E-03
    9080.081   1343.407  18.900  6.81915E-01  6.82291E-01 -5.51084E-04
    9087.291   1350.618  18.950  6.79487E-01  6.80855E-01 -2.00930E-03
    9094.521   1357.847  19.000  6.77750E-01  6.79419E-01 -2.45708E-03
    9101.769   1365.096  19.050  6.76771E-01  6.77992E-01 -1.80286E-03
    9109.037   1372.363  19.100  6.76376E-01  6.76566E-01 -2.81504E-04
    9116.323   1379.650  19.150  6.76223E-01  6.75139E-01  1.60618E-03
    9123.629   1386.956  19.200  6.75911E-01  6.73713E-01  3.26456E-03
    9130.954   1394.280  19.250  6.75100E-01  6.72286E-01  4.18738E-03
    9138.298   1401.624  19.300  6.73612E-01  6.70860E-01  4.10515E-03
    9145.660   1408.987  19.350  6.71475E-01  6.69433E-01  3.05148E-03
    9153.042   1416.369  19.400  6.68896E-01  6.68006E-01  1.33201E-03
    9160.443   1423.770  19.450  6.66188E-01  6.66580E-01 -5.88706E-04
    9167.863   1431.189  19.500  6.63663E-01  6.65153E-01 -2.24136E-03
    9175.302   1438.628  19.550  6.61542E-01  6.63727E-01 -3.29471E-03
    9182.760   1446.087  19.600  6.59891E-01  6.62300E-01 -3.64101E-03
    9190.237   1453.564  19.650  6.58629E-01  6.60874E-01 -3.39960E-03
    9197.733   1461.060  19.700  6.57574E-01  6.59447E-01 -2.84277E-03
    9205.249   1468.575  19.750  6.56525E-01  6.58020E-01 -2.27453E-03
    9212.783   1476.109  19.800  6.55342E-01  6.56594E-01 -1.90785E-03
    9220.336   1483.662  19.850  6.53999E-01  6.55167E-01 -1.78501E-03
    9227.908   1491.235  19.900  6.52585E-01  6.53741E-01 -1.76902E-03
    9235.500   1498.826  19.950  6.51266E-01  6.52314E-01 -1.60821E-03
    9243.110   1506.437  20.000  6.50205E-01  6.50888E-01 -1.04953E-03
