# # Once                                                         FEFF 9.6.4  
# # POT  SCF 100  5.0000   0, core-hole, AFOLP (folp(0)= 1.150)
# # Abs   Z=25 Rmt= 1.265 Rnm= 1.346 K  shell
# # Pot 1 Z= 6 Rmt= 1.006 Rnm= 1.098
# # Pot 2 Z=31 Rmt= 1.481 Rnm= 1.501
# # Pot 3 Z=25 Rmt= 1.271 Rnm= 1.355
# # Gam_ch=1.193E+00 H-L exch Vi= 0.000E+00 Vr= 0.000E+00
# # Mu=-1.412E+01 kf=2.284E+00 Vint=-2.515E+01 Rs_int= 1.588
# # PATH  Rmax= 6.000,  Keep_limit= 0.00, Heap_limit 0.00  Pwcrit= 2.50%
#  S02=0.900  Temp=  20.00  Debye_temp= 600.00  Global_sig2= 0.00500
#  Energy zero shift, vr, vi    0.00000E+00   0.00000E+00
#  Curved wave amplitude ratio filter   4.000%
#     file         sig2 tot  cw amp ratio   deg  nlegs   reff  inp sig2
#           1       0.00969    100.00      3.00     2   1.9523
#           2       0.00701     52.26      3.00     2   2.6145
#           3       0.00684     39.81      3.00     2   2.7120
#           4       0.00712     84.21      6.00     2   2.9000
#           5       0.00871     25.63     12.00     3   3.2595
#           6       0.01339     11.49      6.00     3   3.4023
#           7       0.00848     34.67     12.00     3   3.4023
#           8       0.01116     26.08      3.00     2   3.4959
#           9       0.00718     21.40      3.00     2   3.9045
#          10       0.00718     69.29      6.00     3   3.9045
#          11       0.02375     13.72      3.00     4   3.9045
#          12       0.00718     53.64      3.00     4   3.9045
#          13       0.01514     18.03      6.00     4   3.9045
#          14       0.01363     17.06      6.00     4   3.9045
#          15       0.00695     15.66      3.00     2   3.9705
#          16       0.01041      5.36      6.00     3   4.0313
#          17       0.01041     13.55      6.00     3   4.0313
#          18       0.00731      9.61     12.00     3   4.0645
#          19       0.01018      4.78     12.00     3   4.1103
#          20       0.00693      4.68      1.00     2   4.1415
#          21       0.00718      4.08     12.00     3   4.1620
#          22       0.01021      8.72     12.00     3   4.1741
#          23       0.01262     19.11     12.00     3   4.1741
#          24       0.01021     19.84     12.00     3   4.1741
#          25       0.00715      5.75      1.00     2   4.2670
#          26       0.00739      6.19     12.00     3   4.3500
#          27       0.01098     26.98      6.00     2   4.5422
#          28       0.01304      7.67     12.00     4   4.5667
#          29       0.01072      8.72      6.00     3   4.6266
#          30       0.01081      6.68      6.00     4   4.6643
#          31       0.01079     19.72     12.00     3   4.6972
#          32       0.01138     40.55     12.00     3   4.6972
#          33       0.01079     24.03     12.00     3   4.6972
#          34       0.00735      6.73     12.00     3   4.7095
#          35       0.00735      6.47     12.00     3   4.7095
#          36       0.01515      5.04     12.00     4   4.7095
#          37       0.00735     13.23     12.00     4   4.7095
#          38       0.00735     13.87     12.00     4   4.7095
#          39       0.00735      7.58     12.00     4   4.7095
#          40       0.01119      6.07     12.00     4   4.8523
#          41       0.01081     17.69     12.00     4   4.8523
#          42       0.02663     12.25      6.00     4   4.8523
#          43       0.01315     21.18      6.00     4   4.8523
#          44       0.01339      4.62     12.00     4   4.8523
#          46       0.01081     23.07     12.00     4   4.8523
#          47       0.01119      4.27      6.00     4   4.8523
#          48       0.00711     24.82      6.00     2   4.8637
#          49       0.00688     17.85      6.00     2   4.9168
#          50       0.00710     22.84      6.00     2   5.0229
#          51       0.00688     16.54      6.00     2   5.0559
#          52       0.00799     14.95     12.00     3   5.1559
#          53       0.00799     17.41     12.00     3   5.1559
#          54       0.00711     21.31      6.00     2   5.1592
#          55       0.00721      6.64     12.00     3   5.1891
#          56       0.00721     11.15     12.00     3   5.1891
#          57       0.00721     11.70     12.00     3   5.1891
#          58       0.00693      8.69     12.00     3   5.1912
#          59       0.00693     10.59     12.00     3   5.1912
#          60       0.01007      4.30     12.00     3   5.1995
#          61       0.01007     10.54     12.00     3   5.1995
#          62       0.01007      5.90     12.00     4   5.1995
#          63       0.01007     18.97     12.00     4   5.1995
#          64       0.00945      6.16     12.00     5   5.2118
#          65       0.00945     10.46     12.00     5   5.2118
#          67       0.01432      8.56      6.00     3   5.2356
#          68       0.00776      8.93      6.00     3   5.2356
#          69       0.00776      8.73      6.00     3   5.2356
#          71       0.00701      4.81     12.00     3   5.2644
#          72       0.00758      8.64     12.00     3   5.2822
#          74       0.01086      7.46     12.00     3   5.3263
#          77       0.01129     12.91     12.00     4   5.3545
#          79       0.01399      5.45     12.00     5   5.3545
#          80       0.01002      5.68     12.00     5   5.3545
#          81       0.01129     27.51     12.00     5   5.3545
#          84       0.01827      7.83     12.00     5   5.3545
#          86       0.01002      8.02     12.00     5   5.3545
#          87       0.00723      5.03     12.00     3   5.4115
#          88       0.00723     17.02     24.00     3   5.4115
#          89       0.00746      4.58     12.00     4   5.4175
#          92       0.00996      4.12      3.00     4   5.4482
#          93       0.01097      5.43      6.00     4   5.4482
#          94       0.01648      4.20     12.00     4   5.4482
#          98       0.01245      5.37     12.00     3   5.4690
#          99       0.01080      5.89     12.00     3   5.4690
#         101       0.00813      5.48     12.00     4   5.4813
#         102       0.01149      6.92     12.00     4   5.4813
#         106       0.01099      8.01      3.00     2   5.5305
#         107       0.01835      4.37     12.00     4   5.6241
#         108       0.01496      6.58     12.00     4   5.6241
#         110       0.01164      6.32     12.00     4   5.6241
#         112       0.01044      4.93     12.00     3   5.6756
#         113       0.00715     15.61      6.00     2   5.8000
#         114       0.00715      8.56      6.00     3   5.8000
#         115       0.00715     38.42     12.00     3   5.8000
#         116       0.00715      8.37      6.00     4   5.8000
#         117       0.01350      4.08      6.00     4   5.8000
#         118       0.00715     27.35      6.00     4   5.8000
#         120       0.01406      5.27      6.00     4   5.8568
#         122       0.01406      7.46      6.00     5   5.8568
#         123       0.01406      8.31      6.00     5   5.8568
#         124       0.01406      9.01      6.00     5   5.8568
#         127       0.01406     12.77      6.00     6   5.8568
#         128       0.02694      7.19     12.00     6   5.8568
#         129       0.01406      7.83      3.00     6   5.8568
#         130       0.01188      7.38     12.00     6   5.8568
#         131       0.01188      8.04     12.00     6   5.8568
#         134       0.01052      4.57      6.00     3   5.8749
#   107/ 124 paths used
#  xsedge+50, used to normalize mu           3.5307E-04
#  -----------------------------------------------------------------------
#  omega    e    k    mu    mu0     chi     @#
    6545.567    -14.113   0.050 -2.42751E-02  3.28064E-01 -5.92056E-01
    6545.595    -14.084   0.100 -5.11081E-03  3.34450E-01 -5.69821E-01
    6545.643    -14.036   0.150  4.96639E-02  3.53118E-01 -5.07228E-01
    6545.709    -13.970   0.200  1.03569E-01  3.71786E-01 -4.46574E-01
    6545.795    -13.884   0.250  1.83415E-01  3.99505E-01 -3.57475E-01
    6545.900    -13.779   0.300  2.59981E-01  4.27224E-01 -2.74903E-01
    6546.024    -13.655   0.350  3.45196E-01  4.56532E-01 -1.81414E-01
    6546.167    -13.513   0.400  4.22936E-01  4.85840E-01 -1.01613E-01
    6546.329    -13.351   0.450  4.93910E-01  5.11009E-01 -2.73262E-02
    6546.510    -13.170   0.500  5.52830E-01  5.36178E-01  2.63292E-02
    6546.710    -12.970   0.550  5.97760E-01  5.56572E-01  6.43159E-02
    6546.929    -12.751   0.600  6.28124E-01  5.76965E-01  7.89045E-02
    6547.167    -12.512   0.650  6.44714E-01  5.94087E-01  7.70087E-02
    6547.424    -12.255   0.700  6.47504E-01  6.11208E-01  5.44582E-02
    6547.700    -11.979   0.750  6.39535E-01  6.26453E-01  1.93374E-02
    6547.995    -11.684   0.800  6.21464E-01  6.41697E-01 -2.94712E-02
    6548.310    -11.369   0.850  5.96542E-01  6.55917E-01 -8.51449E-02
    6548.643    -11.036   0.900  5.66862E-01  6.70136E-01 -1.45842E-01
    6548.996    -10.684   0.950  5.34181E-01  6.83788E-01 -2.07930E-01
    6549.367    -10.312   1.000  5.02385E-01  6.97440E-01 -2.66870E-01
    6549.758     -9.922   1.050  4.71294E-01  7.10708E-01 -3.22379E-01
    6550.167     -9.512   1.100  4.45904E-01  7.23977E-01 -3.68600E-01
    6550.596     -9.083   1.150  4.24690E-01  7.36906E-01 -4.07405E-01
    6551.043     -8.636   1.200  4.12374E-01  7.49835E-01 -4.33585E-01
    6551.510     -8.169   1.250  4.07251E-01  7.62389E-01 -4.49411E-01
    6551.996     -7.683   1.300  4.12417E-01  7.74943E-01 -4.51941E-01
    6552.501     -7.178   1.350  4.26713E-01  7.87021E-01 -4.42728E-01
    6553.025     -6.655   1.400  4.51238E-01  7.99100E-01 -4.21385E-01
    6553.568     -6.112   1.450  4.85937E-01  8.10602E-01 -3.87987E-01
    6554.130     -5.550   1.500  5.29796E-01  8.22105E-01 -3.44677E-01
    6554.711     -4.969   1.550  5.83615E-01  8.32912E-01 -2.90310E-01
    6555.311     -4.369   1.600  6.44805E-01  8.43719E-01 -2.28797E-01
    6555.930     -3.749   1.650  7.14196E-01  8.53711E-01 -1.58671E-01
    6556.568     -3.111   1.700  7.88001E-01  8.63704E-01 -8.51398E-02
    6557.225     -2.454   1.750  8.65641E-01  8.72785E-01 -7.95473E-03
    6557.901     -1.778   1.800  9.42387E-01  8.81866E-01  6.67194E-02
    6558.597     -1.082   1.850  1.01568E+00  8.89948E-01  1.37411E-01
    6559.311     -0.368   1.900  1.08054E+00  8.98030E-01  1.97738E-01
    6560.045      0.365   1.950  1.13260E+00  9.05010E-01  2.44777E-01
    6560.797      1.118   2.000  1.16842E+00  9.11990E-01  2.73795E-01
    6561.569      1.889   2.050  1.18391E+00  9.17359E-01  2.83089E-01
    6562.359      2.680   2.100  1.17916E+00  9.22729E-01  2.70906E-01
    6563.169      3.490   2.150  1.15519E+00  9.28098E-01  2.38651E-01
    6563.997      4.318   2.200  1.11575E+00  9.33468E-01  1.90568E-01
    6564.845      5.166   2.250  1.06655E+00  9.36457E-01  1.35656E-01
    6565.712      6.033   2.300  1.01493E+00  9.39446E-01  7.85074E-02
    6566.598      6.918   2.350  9.67235E-01  9.42435E-01  2.57290E-02
    6567.503      7.823   2.400  9.29486E-01  9.45424E-01 -1.64927E-02
    6568.427      8.747   2.450  9.05194E-01  9.45467E-01 -4.17160E-02
    6569.369      9.690   2.500  9.00618E-01  9.45511E-01 -4.65455E-02
    6570.332     10.652   2.550  9.13531E-01  9.45555E-01 -3.32346E-02
    6571.313     11.633   2.600  9.38540E-01  9.45599E-01 -7.33228E-03
    6572.313     12.633   2.650  9.71924E-01  9.48852E-01  2.39182E-02
    6573.332     13.653   2.700  1.00192E+00  9.52105E-01  5.15350E-02
    6574.370     14.691   2.750  1.02359E+00  9.55358E-01  7.04435E-02
    6575.427     15.748   2.800  1.03515E+00  9.58611E-01  7.88624E-02
    6576.504     16.824   2.850  1.04233E+00  9.62355E-01  8.21059E-02
    6577.599     17.920   2.900  1.04287E+00  9.66099E-01  7.85295E-02
    6578.713     19.034   2.950  1.03842E+00  9.69842E-01  6.98920E-02
    6579.847     20.168   3.000  1.03119E+00  9.73586E-01  5.84970E-02
    6580.999     21.320   3.050  1.02227E+00  9.75481E-01  4.74188E-02
    6582.171     22.492   3.100  1.01362E+00  9.77376E-01  3.66507E-02
    6583.362     23.682   3.150  1.00627E+00  9.79272E-01  2.72502E-02
    6584.571     24.892   3.200  1.00059E+00  9.81167E-01  1.95603E-02
    6585.800     26.121   3.250  9.95321E-01  9.82115E-01  1.32867E-02
    6587.048     27.369   3.300  9.90055E-01  9.83063E-01  7.02687E-03
    6588.315     28.635   3.350  9.83769E-01  9.84010E-01 -2.42593E-04
    6589.601     29.921   3.400  9.75554E-01  9.84958E-01 -9.42979E-03
    6590.905     31.226   3.450  9.64747E-01  9.85143E-01 -2.04368E-02
    6592.229     32.550   3.500  9.51156E-01  9.85327E-01 -3.42179E-02
    6593.572     33.893   3.550  9.35401E-01  9.85512E-01 -5.01465E-02
    6594.934     35.255   3.600  9.19065E-01  9.85697E-01 -6.66344E-02
    6596.316     36.636   3.650  9.03966E-01  9.85504E-01 -8.15334E-02
    6597.716     38.037   3.700  8.91819E-01  9.85311E-01 -9.34787E-02
    6599.135     39.456   3.750  8.84176E-01  9.85118E-01 -1.00919E-01
    6600.573     40.894   3.800  8.82179E-01  9.84925E-01 -1.02713E-01
    6602.031     42.351   3.850  8.86391E-01  9.84573E-01 -9.81523E-02
    6603.507     43.828   3.900  8.96522E-01  9.84220E-01 -8.76747E-02
    6605.002     45.323   3.950  9.11696E-01  9.83867E-01 -7.21541E-02
    6606.517     46.838   4.000  9.30564E-01  9.83514E-01 -5.29389E-02
    6608.050     48.371   4.050  9.51662E-01  9.83171E-01 -3.15025E-02
    6609.603     49.924   4.100  9.73178E-01  9.82828E-01 -9.64858E-03
    6611.175     51.495   4.150  9.93545E-01  9.82485E-01  1.10576E-02
    6612.765     53.086   4.200  1.01145E+00  9.82142E-01  2.93041E-02
    6614.375     54.696   4.250  1.02610E+00  9.81961E-01  4.41297E-02
    6616.004     56.324   4.300  1.03658E+00  9.81779E-01  5.47861E-02
    6617.652     57.972   4.350  1.04250E+00  9.81598E-01  6.08905E-02
    6619.318     59.639   4.400  1.04381E+00  9.81416E-01  6.23792E-02
    6621.004     61.325   4.450  1.04055E+00  9.81290E-01  5.92332E-02
    6622.709     63.030   4.500  1.03341E+00  9.81164E-01  5.22172E-02
    6624.433     64.754   4.550  1.02335E+00  9.81038E-01  4.22827E-02
    6626.176     66.497   4.600  1.01158E+00  9.80911E-01  3.06470E-02
    6627.938     68.259   4.650  9.99513E-01  9.80885E-01  1.86120E-02
    6629.720     70.040   4.700  9.88590E-01  9.80859E-01  7.72346E-03
    6631.520     71.841   4.750  9.80001E-01  9.80833E-01 -8.31295E-04
    6633.339     73.660   4.800  9.74509E-01  9.80807E-01 -6.29178E-03
    6635.177     75.498   4.850  9.72573E-01  9.80833E-01 -8.25125E-03
    6637.035     77.356   4.900  9.73608E-01  9.80858E-01 -7.24305E-03
    6638.911     79.232   4.950  9.76665E-01  9.80884E-01 -4.21445E-03
    6640.807     81.127   5.000  9.80511E-01  9.80910E-01 -3.98611E-04
    6642.721     83.042   5.050  9.83993E-01  9.80945E-01  3.04554E-03
    6644.655     84.976   5.100  9.85966E-01  9.80979E-01  4.98296E-03
    6646.607     86.928   5.150  9.86036E-01  9.81014E-01  5.01916E-03
    6648.579     88.900   5.200  9.84452E-01  9.81049E-01  3.40159E-03
    6650.570     90.891   5.250  9.81658E-01  9.80899E-01  7.59285E-04
    6652.580     92.900   5.300  9.79124E-01  9.80749E-01 -1.62546E-03
    6654.608     94.929   5.350  9.77983E-01  9.80598E-01 -2.61801E-03
    6656.656     96.977   5.400  9.78969E-01  9.80448E-01 -1.48069E-03
    6658.723     99.044   5.450  9.81924E-01  9.80154E-01  1.77332E-03
    6660.809    101.130   5.500  9.86450E-01  9.79859E-01  6.60622E-03
    6662.914    103.235   5.550  9.91207E-01  9.79565E-01  1.16772E-02
    6665.038    105.359   5.600  9.94544E-01  9.79270E-01  1.53297E-02
    6667.181    107.502   5.650  9.94657E-01  9.78743E-01  1.59870E-02
    6669.343    109.664   5.700  9.90906E-01  9.78216E-01  1.27602E-02
    6671.525    111.845   5.750  9.83244E-01  9.77688E-01  5.59198E-03
    6673.725    114.046   5.800  9.72636E-01  9.77161E-01 -4.55852E-03
    6675.944    116.265   5.850  9.60541E-01  9.76318E-01 -1.59129E-02
    6678.183    118.503   5.900  9.49704E-01  9.75476E-01 -2.60247E-02
    6680.440    120.761   5.950  9.42346E-01  9.74634E-01 -3.26436E-02
    6682.717    123.037   6.000  9.40059E-01  9.73791E-01 -3.41456E-02
    6685.012    125.333   6.050  9.43187E-01  9.72680E-01 -2.99013E-02
    6687.327    127.647   6.100  9.51272E-01  9.71570E-01 -2.06113E-02
    6689.660    129.981   6.150  9.62478E-01  9.70459E-01 -8.11751E-03
    6692.013    132.334   6.200  9.74295E-01  9.69348E-01  5.03842E-03
    6694.385    134.705   6.250  9.84109E-01  9.68238E-01  1.61929E-02
    6696.775    137.096   6.300  9.89796E-01  9.67127E-01  2.31643E-02
    6699.185    139.506   6.350  9.90185E-01  9.66016E-01  2.47358E-02
    6701.614    141.935   6.400  9.85296E-01  9.64906E-01  2.09018E-02
    6704.062    144.383   6.450  9.76285E-01  9.63795E-01  1.28243E-02
    6706.529    146.850   6.500  9.65132E-01  9.62684E-01  2.51722E-03
    6709.015    149.336   6.550  9.54076E-01  9.61356E-01 -7.50013E-03
    6711.520    151.841   6.600  9.45420E-01  9.60028E-01 -1.50755E-02
    6714.044    154.365   6.650  9.40506E-01  9.58700E-01 -1.88103E-02
    6716.587    156.908   6.700  9.39707E-01  9.57372E-01 -1.82961E-02
    6719.149    159.470   6.750  9.42448E-01  9.56043E-01 -1.41068E-02
    6721.731    162.052   6.800  9.47448E-01  9.54715E-01 -7.55379E-03
    6724.331    164.652   6.850  9.53113E-01  9.53387E-01 -2.85421E-04
    6726.950    167.271   6.900  9.57956E-01  9.52059E-01  6.15226E-03
    6729.589    169.910   6.950  9.60945E-01  9.50731E-01  1.06751E-02
    6732.246    172.567   7.000  9.61679E-01  9.49403E-01  1.28534E-02
    6734.923    175.244   7.050  9.60557E-01  9.48229E-01  1.29288E-02
    6737.618    177.939   7.100  9.58057E-01  9.47055E-01  1.15562E-02
    6740.333    180.654   7.150  9.54992E-01  9.45882E-01  9.58468E-03
    6743.067    183.387   7.200  9.52026E-01  9.44708E-01  7.71149E-03
    6745.819    186.140   7.250  9.49476E-01  9.43535E-01  6.27098E-03
    6748.591    188.912   7.300  9.47256E-01  9.42361E-01  5.17512E-03
    6751.382    191.703   7.350  9.44977E-01  9.41187E-01  4.01298E-03
    6754.192    194.513   7.400  9.42151E-01  9.40014E-01  2.26692E-03
    6757.021    197.341   7.450  9.38433E-01  9.38840E-01 -4.32111E-04
    6759.869    200.189   7.500  9.33815E-01  9.37667E-01 -4.09792E-03
    6762.736    203.056   7.550  9.28825E-01  9.36745E-01 -8.43727E-03
    6765.622    205.943   7.600  9.24080E-01  9.35823E-01 -1.25255E-02
    6768.527    208.848   7.650  9.20541E-01  9.34901E-01 -1.53350E-02
    6771.451    211.772   7.700  9.19062E-01  9.33979E-01 -1.59497E-02
    6774.394    214.715   7.750  9.20120E-01  9.33057E-01 -1.38495E-02
    6777.357    217.677   7.800  9.23641E-01  9.32135E-01 -9.10371E-03
    6780.338    220.659   7.850  9.28966E-01  9.31213E-01 -2.41180E-03
    6783.338    223.659   7.900  9.34968E-01  9.30292E-01  5.02439E-03
    6786.358    226.678   7.950  9.40309E-01  9.29370E-01  1.17673E-02
    6789.396    229.717   8.000  9.43749E-01  9.28448E-01  1.64798E-02
    6792.454    232.774   8.050  9.44590E-01  9.27545E-01  1.83747E-02
    6795.530    235.851   8.100  9.42362E-01  9.26642E-01  1.69614E-02
    6798.626    238.947   8.150  9.37407E-01  9.25739E-01  1.26005E-02
    6801.740    242.061   8.200  9.30623E-01  9.24837E-01  6.25507E-03
    6804.874    245.195   8.250  9.23234E-01  9.23934E-01 -7.56760E-04
    6808.027    248.348   8.300  9.16490E-01  9.23031E-01 -7.08293E-03
    6811.199    251.519   8.350  9.11382E-01  9.22128E-01 -1.16476E-02
    6814.390    254.710   8.400  9.08440E-01  9.21225E-01 -1.38701E-02
    6817.599    257.920   8.450  9.07666E-01  9.20322E-01 -1.37427E-02
    6820.828    261.149   8.500  9.08602E-01  9.19420E-01 -1.17568E-02
    6824.076    264.397   8.550  9.10297E-01  9.18400E-01 -8.81617E-03
    6827.344    267.664   8.600  9.12227E-01  9.17380E-01 -5.61384E-03
    6830.630    270.950   8.650  9.13773E-01  9.16361E-01 -2.82135E-03
    6833.935    274.256   8.700  9.14612E-01  9.15341E-01 -7.95613E-04
    6837.259    277.580   8.750  9.14748E-01  9.14322E-01  4.65452E-04
    6840.602    280.923   8.800  9.14446E-01  9.13302E-01  1.25194E-03
    6843.965    284.285   8.850  9.14097E-01  9.12283E-01  1.98687E-03
    6847.346    287.667   8.900  9.14037E-01  9.11263E-01  3.04130E-03
    6850.746    291.067   8.950  9.14416E-01  9.10243E-01  4.57976E-03
    6854.166    294.487   9.000  9.15124E-01  9.09224E-01  6.48395E-03
    6857.604    297.925   9.050  9.15686E-01  9.08003E-01  8.45316E-03
    6861.062    301.383   9.100  9.15767E-01  9.06782E-01  9.89890E-03
    6864.538    304.859   9.150  9.14898E-01  9.05560E-01  1.02989E-02
    6868.034    308.355   9.200  9.12774E-01  9.04339E-01  9.31514E-03
    6871.549    311.870   9.250  9.09374E-01  9.03118E-01  6.91796E-03
    6875.083    315.403   9.300  9.04989E-01  9.01897E-01  3.42295E-03
    6878.635    318.956   9.350  9.00162E-01  9.00676E-01 -5.70054E-04
    6882.207    322.528   9.400  8.95563E-01  8.99455E-01 -4.31966E-03
    6885.798    326.119   9.450  8.91821E-01  8.98234E-01 -7.12665E-03
    6889.408    329.729   9.500  8.89367E-01  8.97012E-01 -8.50692E-03
    6893.037    333.358   9.550  8.88249E-01  8.95750E-01 -8.35701E-03
    6896.685    337.006   9.600  8.88371E-01  8.94487E-01 -6.82239E-03
    6900.352    340.673   9.650  8.89305E-01  8.93224E-01 -4.37771E-03
    6904.038    344.359   9.700  8.90476E-01  8.91961E-01 -1.66070E-03
    6907.744    348.064   9.750  8.91318E-01  8.90698E-01  6.94590E-04
    6911.468    351.789   9.800  8.91408E-01  8.89435E-01  2.21288E-03
    6915.211    355.532   9.850  8.90559E-01  8.88172E-01  2.68048E-03
    6918.974    359.294   9.900  8.88841E-01  8.86910E-01  2.17162E-03
    6922.755    363.076   9.950  8.86532E-01  8.85647E-01  9.96850E-04
    6926.556    366.876  10.000  8.84024E-01  8.84384E-01 -4.06158E-04
    6930.375    370.696  10.050  8.81728E-01  8.83176E-01 -1.63411E-03
    6934.214    374.534  10.100  8.79894E-01  8.81968E-01 -2.34419E-03
    6938.071    378.392  10.150  8.78646E-01  8.80760E-01 -2.39237E-03
    6941.948    382.269  10.200  8.77933E-01  8.79552E-01 -1.83434E-03
    6945.844    386.164  10.250  8.77566E-01  8.78344E-01 -8.82638E-04
    6949.758    390.079  10.300  8.77291E-01  8.77136E-01  1.77090E-04
    6953.692    394.013  10.350  8.76878E-01  8.75928E-01  1.08148E-03
    6957.645    397.966  10.400  8.76182E-01  8.74720E-01  1.66644E-03
    6961.617    401.938  10.450  8.75180E-01  8.73511E-01  1.90326E-03
    6965.608    405.929  10.500  8.73954E-01  8.72303E-01  1.88593E-03
    6969.618    409.939  10.550  8.72649E-01  8.71095E-01  1.77760E-03
    6973.647    413.968  10.600  8.71404E-01  8.69887E-01  1.73693E-03
    6977.695    418.016  10.650  8.70293E-01  8.68679E-01  1.85056E-03
    6981.762    422.083  10.700  8.69295E-01  8.67471E-01  2.09473E-03
    6985.848    426.169  10.750  8.68298E-01  8.66263E-01  2.33913E-03
    6989.954    430.274  10.800  8.67132E-01  8.65055E-01  2.39132E-03
    6994.078    434.399  10.850  8.65640E-01  8.63847E-01  2.06706E-03
    6998.221    438.542  10.900  8.63733E-01  8.62639E-01  1.26302E-03
    7002.384    442.704  10.950  8.61438E-01  8.61431E-01  7.79457E-06
    7006.565    446.886  11.000  8.58904E-01  8.60223E-01 -1.52656E-03
    7010.766    451.086  11.050  8.56203E-01  8.58903E-01 -3.13015E-03
    7014.985    455.306  11.100  8.53759E-01  8.57583E-01 -4.44065E-03
    7019.224    459.545  11.150  8.51837E-01  8.56264E-01 -5.14778E-03
    7023.481    463.802  11.200  8.50606E-01  8.54944E-01 -5.05279E-03
    7027.758    468.079  11.250  8.50087E-01  8.53624E-01 -4.12559E-03
    7032.054    472.375  11.300  8.50148E-01  8.52304E-01 -2.51899E-03
    7036.369    476.690  11.350  8.50527E-01  8.50984E-01 -5.35351E-04
    7040.703    481.023  11.400  8.50897E-01  8.49664E-01  1.44522E-03
    7045.056    485.376  11.450  8.50947E-01  8.48344E-01  3.05574E-03
    7049.427    489.748  11.500  8.50450E-01  8.47025E-01  4.02759E-03
    7053.818    494.139  11.550  8.49312E-01  8.45705E-01  4.24778E-03
    7058.229    498.549  11.600  8.47584E-01  8.44385E-01  3.77398E-03
    7062.658    502.978  11.650  8.45440E-01  8.43065E-01  2.80557E-03
    7067.106    507.427  11.700  8.43115E-01  8.41745E-01  1.62083E-03
    7071.573    511.894  11.750  8.40847E-01  8.40425E-01  4.99372E-04
    7076.059    516.380  11.800  8.38812E-01  8.39106E-01 -3.47960E-04
    7080.565    520.885  11.850  8.37093E-01  8.37786E-01 -8.23261E-04
    7085.089    525.410  11.900  8.35669E-01  8.36466E-01 -9.49612E-04
    7089.632    529.953  11.950  8.34438E-01  8.35146E-01 -8.44039E-04
    7094.195    534.516  12.000  8.33268E-01  8.33826E-01 -6.66382E-04
    7098.776    539.097  12.050  8.31883E-01  8.32366E-01 -5.77448E-04
    7103.377    543.698  12.100  8.30365E-01  8.30905E-01 -6.47870E-04
    7107.996    548.317  12.150  8.28714E-01  8.29445E-01 -8.78637E-04
    7112.635    552.956  12.200  8.26996E-01  8.27985E-01 -1.18977E-03
    7117.293    557.614  12.250  8.25321E-01  8.26524E-01 -1.45006E-03
    7121.970    562.290  12.300  8.23802E-01  8.25064E-01 -1.52355E-03
    7126.665    566.986  12.350  8.22515E-01  8.23604E-01 -1.31765E-03
    7131.380    571.701  12.400  8.21468E-01  8.22143E-01 -8.17903E-04
    7136.114    576.435  12.450  8.20602E-01  8.20683E-01 -9.85302E-05
    7140.867    581.188  12.500  8.19794E-01  8.19223E-01  6.94327E-04
    7145.639    585.960  12.550  8.18896E-01  8.17762E-01  1.38166E-03
    7150.430    590.751  12.600  8.17778E-01  8.16302E-01  1.80119E-03
    7155.240    595.561  12.650  8.16357E-01  8.14842E-01  1.85294E-03
    7160.069    600.390  12.700  8.14628E-01  8.13381E-01  1.52742E-03
    7164.918    605.238  12.750  8.12661E-01  8.11921E-01  9.08670E-04
    7169.785    610.106  12.800  8.10584E-01  8.10461E-01  1.51503E-04
    7174.671    614.992  12.850  8.08546E-01  8.09000E-01 -5.60044E-04
    7179.577    619.897  12.900  8.06680E-01  8.07540E-01 -1.06105E-03
    7184.501    624.822  12.950  8.05071E-01  8.06080E-01 -1.24728E-03
    7189.444    629.765  13.000  8.03732E-01  8.04619E-01 -1.09882E-03
    7194.407    634.728  13.050  8.02650E-01  8.03206E-01 -6.89869E-04
    7199.388    639.709  13.100  8.01698E-01  8.01792E-01 -1.16634E-04
    7204.389    644.710  13.150  8.00754E-01  8.00378E-01  4.68173E-04
    7209.409    649.729  13.200  7.99701E-01  7.98965E-01  9.17776E-04
    7214.447    654.768  13.250  7.98454E-01  7.97551E-01  1.12816E-03
    7219.505    659.826  13.300  7.96986E-01  7.96138E-01  1.06140E-03
    7224.582    664.903  13.350  7.95322E-01  7.94724E-01  7.50270E-04
    7229.678    669.999  13.400  7.93537E-01  7.93310E-01  2.84094E-04
    7234.793    675.114  13.450  7.91723E-01  7.91897E-01 -2.18718E-04
    7239.927    680.247  13.500  7.89973E-01  7.90483E-01 -6.43151E-04
    7245.080    685.400  13.550  7.88352E-01  7.89070E-01 -9.05847E-04
    7250.252    690.573  13.600  7.86888E-01  7.87656E-01 -9.72010E-04
    7255.443    695.764  13.650  7.85566E-01  7.86242E-01 -8.57591E-04
    7260.653    700.974  13.700  7.84342E-01  7.84829E-01 -6.17822E-04
    7265.882    706.203  13.750  7.83158E-01  7.83415E-01 -3.26923E-04
    7271.130    711.451  13.800  7.81958E-01  7.82002E-01 -5.57300E-05
    7276.398    716.719  13.850  7.80702E-01  7.80588E-01  1.46148E-04
    7281.684    722.005  13.900  7.79377E-01  7.79174E-01  2.59189E-04
    7286.990    727.310  13.950  7.77989E-01  7.77761E-01  2.92551E-04
    7292.314    732.635  14.000  7.76561E-01  7.76347E-01  2.74403E-04
    7297.657    737.978  14.050  7.75049E-01  7.74856E-01  2.48175E-04
    7303.020    743.341  14.100  7.73543E-01  7.73365E-01  2.29751E-04
    7308.402    748.722  14.150  7.72051E-01  7.71874E-01  2.29653E-04
    7313.802    754.123  14.200  7.70570E-01  7.70382E-01  2.42356E-04
    7319.222    759.543  14.250  7.69084E-01  7.68891E-01  2.50477E-04
    7324.661    764.982  14.300  7.67579E-01  7.67400E-01  2.33245E-04
    7330.119    770.439  14.350  7.66044E-01  7.65909E-01  1.75947E-04
    7335.595    775.916  14.400  7.64476E-01  7.64417E-01  7.69566E-05
    7341.091    781.412  14.450  7.62888E-01  7.62926E-01 -5.00773E-05
    7346.606    786.927  14.500  7.61298E-01  7.61435E-01 -1.79541E-04
    7352.140    792.461  14.550  7.59729E-01  7.59944E-01 -2.81454E-04
    7357.693    798.014  14.600  7.58201E-01  7.58452E-01 -3.30741E-04
    7363.265    803.586  14.650  7.56722E-01  7.56961E-01 -3.15081E-04
    7368.857    809.177  14.700  7.55289E-01  7.55470E-01 -2.38804E-04
    7374.467    814.788  14.750  7.53887E-01  7.53979E-01 -1.21630E-04
    7380.096    820.417  14.800  7.52493E-01  7.52487E-01  7.21461E-06
    7385.744    826.065  14.850  7.51085E-01  7.50996E-01  1.17542E-04
    7391.412    831.732  14.900  7.49645E-01  7.49505E-01  1.86646E-04
    7397.098    837.419  14.950  7.48167E-01  7.48014E-01  2.05043E-04
    7402.804    843.124  15.000  7.46655E-01  7.46522E-01  1.77873E-04
