# # Once                                                         FEFF 9.6.4  
# # POT  SCF 100  6.0000   0, core-hole, AFOLP (folp(0)= 1.150)
# # Abs   Z=26 Rmt= 1.403 Rnm= 1.478 L3 shell
# # Pot 1 Z=26 Rmt= 1.437 Rnm= 1.516
# # Pot 2 Z=14 Rmt= 1.368 Rnm= 1.434
# # Pot 3 Z=57 Rmt= 1.925 Rnm= 1.946
# # Gam_ch=4.170E-01 H-L exch Vi= 0.000E+00 Vr= 0.000E+00
# # Mu=-1.437E+01 kf=1.918E+00 Vint=-2.023E+01 Rs_int= 1.891
# # PATH  Rmax= 6.000,  Keep_limit= 0.00, Heap_limit 0.00  Pwcrit= 2.50%
#  S02=0.800  Temp=  20.00  Debye_temp= 370.00  Global_sig2= 0.00150
#  Energy zero shift, vr, vi    0.00000E+00   0.00000E+00
#  Curved wave amplitude ratio filter   4.000%
#     file         sig2 tot  cw amp ratio   deg  nlegs   reff  inp sig2
#           1       0.00420    100.00      7.00     2   2.4817
#           2       0.00560     19.59      1.00     2   2.4817
#           3       0.00457     22.53     16.00     3   3.7636
#           4       0.00502     21.75      6.00     2   3.9599
#           5       0.00677      9.08      2.00     2   3.9599
#           6       0.00503      7.96     16.00     3   4.5130
#           7       0.00501     10.90     12.00     3   4.6066
#           8       0.00495     12.69      5.00     2   4.8049
#          10       0.00495     16.96      8.00     3   4.8375
#          12       0.00499      9.66      2.00     3   4.8375
#          13       0.00505     14.10      4.00     4   4.8701
#          14       0.00519      7.60      1.00     4   4.8701
#          15       0.00493      8.47      4.00     3   4.9633
#          16       0.00493     10.06      4.00     4   4.9633
#          17       0.01228     13.68      7.00     4   4.9633
#          18       0.00391     14.22      4.00     2   4.9796
#          19       0.00409     14.32     20.00     3   5.3978
#          20       0.00452      6.04      4.00     3   5.3978
#          21       0.00486     12.49      7.00     2   5.7104
#          22       0.00486      7.03      4.00     2   5.7500
#          23       0.00489      7.12     12.00     3   5.7849
#          24       0.00497      4.32      2.00     3   5.7849
#    22/  25 paths used
#  xsedge+50, used to normalize mu           9.0028E-03
#  -----------------------------------------------------------------------
#  omega    e    k    mu    mu0     chi     @#
     712.618    -14.363   0.050  1.10208E+01  2.22243E+00  1.71455E+00
     712.646    -14.335   0.100  1.10331E+01  2.35083E+00  1.72166E+00
     712.694    -14.287   0.150  1.09141E+01  2.62707E+00  1.72229E+00
     712.761    -14.221   0.200  1.06067E+01  2.90331E+00  1.68189E+00
     712.846    -14.135   0.250  9.90179E+00  3.03175E+00  1.60619E+00
     712.951    -14.030   0.300  9.00830E+00  3.16019E+00  1.47152E+00
     713.075    -13.906   0.350  7.97949E+00  3.08286E+00  1.33509E+00
     713.218    -13.763   0.400  6.88627E+00  3.00552E+00  1.15462E+00
     713.380    -13.601   0.450  5.97597E+00  2.84224E+00  1.01372E+00
     713.561    -13.420   0.500  5.07967E+00  2.67895E+00  8.50850E-01
     713.761    -13.220   0.550  4.41654E+00  2.50752E+00  7.33593E-01
     713.980    -13.001   0.600  3.78351E+00  2.33609E+00  6.07386E-01
     714.218    -12.763   0.650  3.30698E+00  2.18650E+00  5.06464E-01
     714.475    -12.506   0.700  2.86193E+00  2.03692E+00  4.04082E-01
     714.751    -12.230   0.750  2.56731E+00  1.91626E+00  3.40534E-01
     715.047    -11.935   0.800  2.29393E+00  1.79560E+00  2.79651E-01
     715.361    -11.620   0.850  2.01928E+00  1.70185E+00  1.88459E-01
     715.694    -11.287   0.900  1.75583E+00  1.60810E+00  9.31024E-02
     716.047    -10.934   0.950  1.54835E+00  1.53670E+00  7.69874E-03
     716.418    -10.563   1.000  1.37734E+00  1.46529E+00 -6.10376E-02
     716.809    -10.172   1.050  1.25806E+00  1.41160E+00 -1.10715E-01
     717.218     -9.763   1.100  1.17550E+00  1.35791E+00 -1.36871E-01
     717.647     -9.334   1.150  1.13410E+00  1.31812E+00 -1.42311E-01
     718.095     -8.887   1.200  1.12006E+00  1.27832E+00 -1.26268E-01
     718.561     -8.420   1.250  1.12907E+00  1.24932E+00 -9.81811E-02
     719.047     -7.934   1.300  1.15639E+00  1.22032E+00 -5.34425E-02
     719.552     -7.429   1.350  1.18841E+00  1.19980E+00 -9.67490E-03
     720.076     -6.905   1.400  1.22300E+00  1.17927E+00  3.78085E-02
     720.619     -6.362   1.450  1.24937E+00  1.16531E+00  7.35081E-02
     721.181     -5.800   1.500  1.27093E+00  1.15135E+00  1.05777E-01
     721.762     -5.219   1.550  1.27944E+00  1.14259E+00  1.21867E-01
     722.362     -4.619   1.600  1.27673E+00  1.13383E+00  1.28122E-01
     722.981     -4.000   1.650  1.26511E+00  1.12905E+00  1.22363E-01
     723.619     -3.362   1.700  1.24681E+00  1.12428E+00  1.10532E-01
     724.276     -2.705   1.750  1.22656E+00  1.12245E+00  9.39361E-02
     724.953     -2.029   1.800  1.20672E+00  1.12063E+00  7.76939E-02
     725.648     -1.333   1.850  1.18980E+00  1.12098E+00  6.19928E-02
     726.362     -0.619   1.900  1.17639E+00  1.12134E+00  4.95076E-02
     727.096      0.115   1.950  1.16511E+00  1.12338E+00  3.74105E-02
     727.848      0.867   2.000  1.15607E+00  1.12542E+00  2.74009E-02
     728.620      1.639   2.050  1.14326E+00  1.12722E+00  1.42872E-02
     729.410      2.429   2.100  1.12815E+00  1.12902E+00 -7.68766E-04
     730.220      3.239   2.150  1.10914E+00  1.13081E+00 -1.91791E-02
     731.049      4.067   2.200  1.08701E+00  1.13261E+00 -4.02135E-02
     731.896      4.915   2.250  1.05806E+00  1.12565E+00 -5.95748E-02
     732.763      5.782   2.300  1.03490E+00  1.11869E+00 -7.37958E-02
     733.649      6.668   2.350  1.02148E+00  1.11173E+00 -7.94381E-02
     734.554      7.573   2.400  1.01901E+00  1.10477E+00 -7.54367E-02
     735.478      8.497   2.450  1.02305E+00  1.10003E+00 -6.76496E-02
     736.421      9.439   2.500  1.03121E+00  1.09529E+00 -5.62575E-02
     737.383     10.402   2.550  1.04062E+00  1.09056E+00 -4.37944E-02
     738.364     11.383   2.600  1.04875E+00  1.08582E+00 -3.24830E-02
     739.364     12.383   2.650  1.05588E+00  1.08222E+00 -2.31270E-02
     740.383     13.402   2.700  1.05919E+00  1.07862E+00 -1.70857E-02
     741.421     14.440   2.750  1.05856E+00  1.07502E+00 -1.45048E-02
     742.479     15.497   2.800  1.05490E+00  1.07142E+00 -1.45870E-02
     743.555     16.574   2.850  1.04711E+00  1.06604E+00 -1.68069E-02
     744.650     17.669   2.900  1.03841E+00  1.06065E+00 -1.98595E-02
     745.765     18.783   2.950  1.03060E+00  1.05527E+00 -2.21545E-02
     746.898     19.917   3.000  1.02503E+00  1.04989E+00 -2.24479E-02
     748.051     21.069   3.050  1.01953E+00  1.04327E+00 -2.15957E-02
     749.222     22.241   3.100  1.01671E+00  1.03665E+00 -1.82816E-02
     750.413     23.432   3.150  1.01587E+00  1.03004E+00 -1.30842E-02
     751.622     24.641   3.200  1.01579E+00  1.02342E+00 -7.09603E-03
     752.851     25.870   3.250  1.01495E+00  1.01641E+00 -1.37166E-03
     754.099     27.118   3.300  1.01281E+00  1.00941E+00  3.21780E-03
     755.366     28.385   3.350  1.00836E+00  1.00240E+00  5.68465E-03
     756.652     29.671   3.400  1.00120E+00  9.95391E-01  5.59378E-03
     757.957     30.975   3.450  9.92182E-01  9.87837E-01  4.21763E-03
     759.281     32.299   3.500  9.81809E-01  9.80284E-01  1.49342E-03
     760.624     33.642   3.550  9.71354E-01  9.72730E-01 -1.35897E-03
     761.986     35.004   3.600  9.62222E-01  9.65176E-01 -2.94397E-03
     763.367     36.386   3.650  9.57253E-01  9.58257E-01 -1.00851E-03
     764.767     37.786   3.700  9.55400E-01  9.51338E-01  4.11503E-03
     766.186     39.205   3.750  9.56575E-01  9.44418E-01  1.24165E-02
     767.624     40.643   3.800  9.59940E-01  9.37499E-01  2.31131E-02
     769.082     42.101   3.850  9.64431E-01  9.30936E-01  3.47514E-02
     770.558     43.577   3.900  9.67451E-01  9.24373E-01  4.50250E-02
     772.054     45.072   3.950  9.67371E-01  9.17810E-01  5.21866E-02
     773.568     46.587   4.000  9.63064E-01  9.11248E-01  5.49717E-02
     775.101     48.120   4.050  9.54379E-01  9.05429E-01  5.22699E-02
     776.654     49.673   4.100  9.41351E-01  8.99610E-01  4.48651E-02
     778.226     51.245   4.150  9.25134E-01  8.93791E-01  3.39113E-02
     779.816     52.835   4.200  9.07239E-01  8.87972E-01  2.09846E-02
     781.426     54.445   4.250  8.89608E-01  8.82940E-01  7.30473E-03
     783.055     56.074   4.300  8.73126E-01  8.77909E-01 -5.27054E-03
     784.703     57.722   4.350  8.58561E-01  8.72877E-01 -1.58702E-02
     786.370     59.388   4.400  8.46130E-01  8.67845E-01 -2.42157E-02
     788.055     61.074   4.450  8.35759E-01  8.63151E-01 -3.07101E-02
     789.760     62.779   4.500  8.26946E-01  8.58458E-01 -3.55171E-02
     791.484     64.503   4.550  8.19224E-01  8.53765E-01 -3.91391E-02
     793.227     66.246   4.600  8.12307E-01  8.49071E-01 -4.18844E-02
     794.990     68.008   4.650  8.06622E-01  8.44767E-01 -4.36886E-02
     796.771     69.790   4.700  8.02073E-01  8.40464E-01 -4.42034E-02
     798.571     71.590   4.750  7.99023E-01  8.36160E-01 -4.29895E-02
     800.390     73.409   4.800  7.97804E-01  8.31856E-01 -3.96319E-02
     802.229     75.247   4.850  7.98682E-01  8.27469E-01 -3.36903E-02
     804.086     77.105   4.900  8.01396E-01  8.23082E-01 -2.55215E-02
     805.962     78.981   4.950  8.05476E-01  8.18695E-01 -1.56444E-02
     807.858     80.877   5.000  8.10234E-01  8.14308E-01 -4.84868E-03
     809.772     82.791   5.050  8.14669E-01  8.09607E-01  6.06250E-03
     811.706     84.725   5.100  8.18243E-01  8.04905E-01  1.60713E-02
     813.659     86.677   5.150  8.20449E-01  8.00204E-01  2.45483E-02
     815.630     88.649   5.200  8.21045E-01  7.95503E-01  3.11673E-02
     817.621     90.640   5.250  8.19713E-01  7.90565E-01  3.58139E-02
     819.631     92.650   5.300  8.16896E-01  7.85628E-01  3.86864E-02
     821.659     94.678   5.350  8.12848E-01  7.80690E-01  4.00673E-02
     823.707     96.726   5.400  8.07790E-01  7.75753E-01  4.01994E-02
     825.774     98.793   5.450  8.01317E-01  7.70425E-01  3.90564E-02
     827.860    100.879   5.500  7.93971E-01  7.65097E-01  3.67845E-02
     829.965    102.984   5.550  7.85712E-01  7.59769E-01  3.33047E-02
     832.089    105.108   5.600  7.76494E-01  7.54441E-01  2.85305E-02
     834.232    107.251   5.650  7.65985E-01  7.48835E-01  2.23700E-02
     836.395    109.413   5.700  7.54704E-01  7.43228E-01  1.50923E-02
     838.576    111.595   5.750  7.42877E-01  7.37621E-01  6.96961E-03
     840.776    113.795   5.800  7.30784E-01  7.32014E-01 -1.64501E-03
     842.995    116.014   5.850  7.18722E-01  7.26405E-01 -1.03591E-02
     845.234    118.253   5.900  7.06942E-01  7.20795E-01 -1.88394E-02
     847.491    120.510   5.950  6.95584E-01  7.15186E-01 -2.68857E-02
     849.768    122.787   6.000  6.84749E-01  7.09577E-01 -3.43478E-02
     852.063    125.082   6.050  6.74894E-01  7.04154E-01 -4.08089E-02
     854.378    127.397   6.100  6.65914E-01  6.98732E-01 -4.61469E-02
     856.711    129.730   6.150  6.58108E-01  6.93309E-01 -4.99094E-02
     859.064    132.083   6.200  6.51895E-01  6.87887E-01 -5.14556E-02
     861.436    134.455   6.250  6.47748E-01  6.82464E-01 -5.00510E-02
     863.826    136.845   6.300  6.46059E-01  6.77042E-01 -4.50470E-02
     866.236    139.255   6.350  6.46998E-01  6.71619E-01 -3.61044E-02
     868.665    141.684   6.400  6.50377E-01  6.66197E-01 -2.33983E-02
     871.113    144.132   6.450  6.55589E-01  6.60774E-01 -7.73698E-03
     873.580    146.599   6.500  6.61634E-01  6.55352E-01  9.45547E-03
     876.066    149.085   6.550  6.67870E-01  6.50567E-01  2.62403E-02
     878.571    151.590   6.600  6.72370E-01  6.45783E-01  4.06299E-02
     881.095    154.114   6.650  6.74038E-01  6.40998E-01  5.08800E-02
     883.638    156.657   6.700  6.72192E-01  6.36214E-01  5.58366E-02
     886.201    159.219   6.750  6.66707E-01  6.31429E-01  5.51777E-02
     888.782    161.801   6.800  6.58031E-01  6.26644E-01  4.94805E-02
     891.382    164.401   6.850  6.47089E-01  6.21860E-01  4.00903E-02
     894.002    167.020   6.900  6.35067E-01  6.17075E-01  2.88192E-02
     896.640    169.659   6.950  6.23157E-01  6.12291E-01  1.75460E-02
     899.297    172.316   7.000  6.12307E-01  6.07506E-01  7.81587E-03
     901.974    174.993   7.050  6.03391E-01  6.03098E-01  4.80789E-04
     904.670    177.688   7.100  5.96093E-01  5.98690E-01 -4.29380E-03
     907.384    180.403   7.150  5.90057E-01  5.94282E-01 -7.03803E-03
     910.118    183.137   7.200  5.84672E-01  5.89874E-01 -8.73519E-03
     912.871    185.889   7.250  5.79273E-01  5.85466E-01 -1.04810E-02
     915.642    188.661   7.300  5.73359E-01  5.81057E-01 -1.31335E-02
     918.433    191.452   7.350  5.66737E-01  5.76649E-01 -1.70481E-02
     921.243    194.262   7.400  5.59572E-01  5.72241E-01 -2.19670E-02
     924.072    197.091   7.450  5.52337E-01  5.67833E-01 -2.70884E-02
     926.920    199.939   7.500  5.45672E-01  5.63425E-01 -3.12908E-02
     929.787    202.806   7.550  5.40241E-01  5.59037E-01 -3.34024E-02
     932.673    205.692   7.600  5.36418E-01  5.54650E-01 -3.26709E-02
     935.578    208.597   7.650  5.34308E-01  5.50262E-01 -2.88286E-02
     938.502    211.521   7.700  5.33682E-01  5.45874E-01 -2.22191E-02
     941.445    214.464   7.750  5.34021E-01  5.41487E-01 -1.37207E-02
     944.408    217.427   7.800  5.34654E-01  5.37099E-01 -4.53250E-03
     947.389    220.408   7.850  5.34911E-01  5.32711E-01  4.11299E-03
     950.389    223.408   7.900  5.34279E-01  5.28324E-01  1.12331E-02
     953.409    226.428   7.950  5.32499E-01  5.23936E-01  1.62959E-02
     956.447    229.466   8.000  5.29594E-01  5.19548E-01  1.92881E-02
     959.505    232.524   8.050  5.25929E-01  5.15289E-01  2.06100E-02
     962.581    235.600   8.100  5.21779E-01  5.11030E-01  2.10087E-02
     965.677    238.696   8.150  5.17496E-01  5.06771E-01  2.11504E-02
     968.792    241.810   8.200  5.13294E-01  5.02512E-01  2.14582E-02
     971.925    244.944   8.250  5.09195E-01  4.98253E-01  2.19757E-02
     975.078    248.097   8.300  5.05023E-01  4.93994E-01  2.23580E-02
     978.250    251.269   8.350  5.00481E-01  4.89735E-01  2.19887E-02
     981.441    254.460   8.400  4.95250E-01  4.85476E-01  2.01874E-02
     984.651    257.669   8.450  4.89104E-01  4.81217E-01  1.64456E-02
     987.880    260.898   8.500  4.82004E-01  4.76958E-01  1.06232E-02
     991.128    264.146   8.550  4.74445E-01  4.72994E-01  3.08106E-03
     994.395    267.414   8.600  4.66484E-01  4.69030E-01 -5.45367E-03
     997.681    270.700   8.650  4.58622E-01  4.65065E-01 -1.39237E-02
    1000.986    274.005   8.700  4.51381E-01  4.61101E-01 -2.11881E-02
    1004.310    277.329   8.750  4.45196E-01  4.57136E-01 -2.62625E-02
    1007.653    280.672   8.800  4.40319E-01  4.53172E-01 -2.85227E-02
    1011.016    284.035   8.850  4.36783E-01  4.49208E-01 -2.78225E-02
    1014.397    287.416   8.900  4.34401E-01  4.45243E-01 -2.45007E-02
    1017.797    290.816   8.950  4.32824E-01  4.41279E-01 -1.92828E-02
    1021.217    294.236   9.000  4.31620E-01  4.37314E-01 -1.31075E-02
    1024.655    297.674   9.050  4.30756E-01  4.33765E-01 -6.98404E-03
    1028.113    301.132   9.100  4.29539E-01  4.30215E-01 -1.58226E-03
    1031.590    304.608   9.150  4.27778E-01  4.26666E-01  2.62426E-03
    1035.085    308.104   9.200  4.25421E-01  4.23117E-01  5.48440E-03
    1038.600    311.619   9.250  4.22537E-01  4.19567E-01  7.12836E-03
    1042.134    315.153   9.300  4.19270E-01  4.16018E-01  7.87105E-03
    1045.687    318.705   9.350  4.15783E-01  4.12468E-01  8.09299E-03
    1049.258    322.277   9.400  4.12221E-01  4.08919E-01  8.13239E-03
    1052.849    325.868   9.450  4.08675E-01  4.05370E-01  8.21304E-03
    1056.459    329.478   9.500  4.05179E-01  4.01820E-01  8.41922E-03
    1060.088    333.107   9.550  4.02009E-01  3.98530E-01  8.79525E-03
    1063.736    336.755   9.600  3.98816E-01  3.95239E-01  9.11719E-03
    1067.403    340.422   9.650  3.95543E-01  3.91948E-01  9.23887E-03
    1071.090    344.109   9.700  3.92145E-01  3.88658E-01  9.04085E-03
    1074.795    347.814   9.750  3.88600E-01  3.85367E-01  8.45134E-03
    1078.519    351.538   9.800  3.84899E-01  3.82077E-01  7.44449E-03
    1082.262    355.281   9.850  3.81051E-01  3.78786E-01  6.02471E-03
    1086.025    359.044   9.900  3.77064E-01  3.75496E-01  4.21010E-03
    1089.806    362.825   9.950  3.72953E-01  3.72205E-01  2.02641E-03
    1093.607    366.626  10.000  3.68737E-01  3.68914E-01 -4.83300E-04
