# # Once                                                         FEFF 9.6.4  
# # POT  SCF 100  5.0000   0, core-hole, AFOLP (folp(0)= 1.150)
# # Abs   Z=25 Rmt= 1.265 Rnm= 1.346 K  shell
# # Pot 1 Z= 6 Rmt= 1.006 Rnm= 1.098
# # Pot 2 Z=31 Rmt= 1.481 Rnm= 1.501
# # Pot 3 Z=25 Rmt= 1.271 Rnm= 1.355
# # Gam_ch=1.193E+00 H-L exch Vi= 0.000E+00 Vr= 0.000E+00
# # Mu=-1.412E+01 kf=2.284E+00 Vint=-2.515E+01 Rs_int= 1.588
# # PATH  Rmax= 6.000,  Keep_limit= 0.00, Heap_limit 0.00  Pwcrit= 2.50%
#  S02=0.900  Temp=  20.00  Debye_temp= 600.00  Global_sig2= 0.00500
#  Energy zero shift, vr, vi    0.00000E+00   0.00000E+00
#  Curved wave amplitude ratio filter   4.000%
#     file         sig2 tot  cw amp ratio   deg  nlegs   reff  inp sig2
#           1       0.00969    100.00      1.00     2   1.9523
#           2       0.00969   2547.00      2.00     2   1.9523
#           3       0.00701     89.74      1.00     2   2.6145
#           4       0.00701    701.00      2.00     2   2.6145
#           5       0.00684     26.14      1.00     2   2.7120
#           6       0.00684    500.20      2.00     2   2.7120
#           7       0.00712   2080.00      2.00     2   2.9000
#           8       0.00712    882.60      4.00     2   2.9000
#           9       0.00871    148.40      4.00     3   3.2595
#          10       0.00871    417.20      4.00     3   3.2595
#          11       0.00871    171.80      4.00     3   3.2595
#          12       0.01339    411.20      2.00     3   3.4023
#          13       0.01339    152.60      4.00     3   3.4023
#          14       0.00848    890.00      4.00     3   3.4023
#          15       0.00848    396.60      4.00     3   3.4023
#          16       0.00848    134.90      4.00     3   3.4023
#          17       0.01116      8.85      1.00     2   3.4959
#          18       0.01116    813.50      2.00     2   3.4959
#          19       0.00718     14.47      1.00     2   3.9045
#          20       0.00718    542.20      2.00     2   3.9045
#          21       0.00718     35.82      2.00     3   3.9045
#          22       0.00718   1677.00      4.00     3   3.9045
#          23       0.01441     25.97      4.00     4   3.9045
#          24       0.02375      5.95      1.00     4   3.9045
#          25       0.02375    335.80      2.00     4   3.9045
#          26       0.01514     23.60      2.00     4   3.9045
#          27       0.00718     21.47      1.00     4   3.9045
#          28       0.01363     25.89      2.00     4   3.9045
#          29       0.01363    265.70      2.00     4   3.9045
#          30       0.01514    179.40      2.00     4   3.9045
#          31       0.01514    200.40      2.00     4   3.9045
#          32       0.01363    176.00      2.00     4   3.9045
#          33       0.00718   1296.00      2.00     4   3.9045
#          34       0.00695      4.50      1.00     2   3.9705
#          35       0.00695    375.50      2.00     2   3.9705
#          36       0.01041    177.60      4.00     3   4.0313
#          37       0.01041      9.86      2.00     3   4.0313
#          38       0.01041    340.60      4.00     3   4.0313
#          40       0.00731    243.50      4.00     3   4.0645
#          41       0.00731    100.90      4.00     3   4.0645
#          42       0.00731     14.46      4.00     3   4.0645
#          43       0.01018    158.80      4.00     3   4.1103
#          44       0.01018     14.84      4.00     3   4.1103
#          45       0.01018     32.32      4.00     3   4.1103
#          47       0.00718     76.45      4.00     3   4.1620
#          48       0.00718     41.58      4.00     3   4.1620
#          49       0.00718      9.77      4.00     3   4.1620
#          50       0.01021    188.60      4.00     3   4.1741
#          51       0.01021    118.50      4.00     3   4.1741
#          52       0.01262    360.40      4.00     3   4.1741
#          53       0.01262    226.20      4.00     3   4.1741
#          54       0.01021    115.00      4.00     3   4.1741
#          55       0.01262     22.07      4.00     3   4.1741
#          56       0.01021    420.20      4.00     3   4.1741
#          57       0.01021    230.80      4.00     3   4.1741
#          58       0.01021     28.18      4.00     3   4.1741
#          59       0.00715      9.65      1.00     2   4.2670
#          60       0.00739    292.60      8.00     3   4.3500
#          61       0.00739     87.83      4.00     3   4.3500
#          62       0.01098    558.30      2.00     2   4.5422
#          63       0.01098     57.43      2.00     2   4.5422
#          64       0.01098    245.20      2.00     2   4.5422
#          65       0.01304     98.24      4.00     4   4.5667
#          66       0.01304     92.29      4.00     4   4.5667
#          67       0.01304     14.58      4.00     4   4.5667
#          68       0.01072    164.70      4.00     3   4.6266
#          70       0.01081    124.00      4.00     4   4.6643
#          72       0.01079    418.40      4.00     3   4.6972
#          73       0.01079     17.12      4.00     3   4.6972
#          74       0.01079    225.60      4.00     3   4.6972
#          75       0.01138    726.10      4.00     3   4.6972
#          76       0.01138     55.80      4.00     3   4.6972
#          77       0.01138    477.40      4.00     3   4.6972
#          78       0.01079    504.30      4.00     3   4.6972
#          79       0.01079     66.87      4.00     3   4.6972
#          80       0.01079    228.40      4.00     3   4.6972
#          81       0.00735     99.23      4.00     3   4.7095
#          82       0.00735     71.96      4.00     3   4.7095
#          83       0.00735     95.16      4.00     3   4.7095
#          84       0.00735     22.27      4.00     3   4.7095
#          85       0.00735     20.79      4.00     3   4.7095
#          86       0.00735     90.11      4.00     3   4.7095
#          87       0.01515     69.24      4.00     4   4.7095
#          88       0.01515     87.61      4.00     4   4.7095
#          89       0.01515     18.44      4.00     4   4.7095
#          90       0.00735    100.40      4.00     4   4.7095
#          91       0.00735    200.70      4.00     4   4.7095
#          92       0.00735    120.50      4.00     4   4.7095
#          93       0.00735     75.65      4.00     4   4.7095
#          94       0.00735     81.79      4.00     4   4.7095
#          95       0.00735    162.70      4.00     4   4.7095
#          96       0.00735    150.70      4.00     4   4.7095
#          97       0.00735     26.07      4.00     4   4.7095
#          98       0.00735     27.87      4.00     4   4.7095
#          99       0.01119    176.30      4.00     4   4.8523
#         100       0.01081    279.30      4.00     4   4.8523
#         101       0.01119     12.72      4.00     4   4.8523
#         102       0.01119     77.68      4.00     4   4.8523
#         103       0.01081     14.19      4.00     4   4.8523
#         104       0.01081    208.90      4.00     4   4.8523
#         105       0.02663      6.31      2.00     4   4.8523
#         106       0.01339    110.90      4.00     4   4.8523
#         107       0.02663    132.60      2.00     4   4.8523
#         108       0.02663    155.50      2.00     4   4.8523
#         109       0.01315     15.48      2.00     4   4.8523
#         110       0.01339     45.07      2.00     4   4.8523
#         111       0.01315    271.50      2.00     4   4.8523
#         112       0.01081    388.60      4.00     4   4.8523
#         113       0.01119     89.72      2.00     4   4.8523
#         114       0.01315    276.30      2.00     4   4.8523
#         115       0.01339     59.29      4.00     4   4.8523
#         116       0.01339     10.97      4.00     4   4.8523
#         117       0.01081    256.80      4.00     4   4.8523
#         118       0.01081     27.33      4.00     4   4.8523
#         119       0.01339     15.19      2.00     4   4.8523
#         120       0.01339     26.00      2.00     4   4.8523
#         121       0.01119     52.57      2.00     4   4.8523
#         122       0.01119     30.20      2.00     4   4.8523
#         123       0.00711    454.90      2.00     2   4.8637
#         124       0.00711     41.56      2.00     2   4.8637
#         125       0.00711    196.50      2.00     2   4.8637
#         126       0.00688    314.20      2.00     2   4.9168
#         127       0.00688     32.24      2.00     2   4.9168
#         128       0.00688    137.90      2.00     2   4.9168
#         129       0.00710    782.40      4.00     2   5.0229
#         130       0.00710      9.10      2.00     2   5.0230
#         131       0.00688     56.44      4.00     2   5.0559
#         132       0.00688    120.80      2.00     2   5.0559
#         133       0.00799     81.82      4.00     3   5.1559
#         134       0.00799    299.70      4.00     3   5.1559
#         135       0.00799     73.78      4.00     3   5.1559
#         136       0.00799    163.00      4.00     3   5.1559
#         137       0.00799     14.08      4.00     3   5.1559
#         138       0.00799    326.90      4.00     3   5.1559
#         139       0.00711     62.96      4.00     2   5.1592
#         140       0.00711    149.00      2.00     2   5.1592
#         141       0.00721    129.30      4.00     3   5.1891
#         142       0.00721     15.43      4.00     3   5.1891
#         143       0.00721     60.00      4.00     3   5.1891
#         144       0.00721    247.50      4.00     3   5.1891
#         145       0.00721    179.40      4.00     3   5.1891
#         146       0.00721     15.07      4.00     3   5.1891
#         147       0.00721     91.78      4.00     3   5.1891
#         148       0.00721     32.28      4.00     3   5.1891
#         149       0.00721     89.01      4.00     3   5.1891
#         150       0.00693     10.07      4.00     3   5.1912
#         151       0.00693     14.60      4.00     3   5.1912
#         152       0.00693     70.82      4.00     3   5.1912
#         153       0.00693     20.22      4.00     3   5.1912
#         154       0.00693     26.65      4.00     3   5.1912
#         155       0.00693     79.44      4.00     3   5.1912
#         156       0.01007     98.38      4.00     3   5.1995
#         157       0.01007     42.54      4.00     3   5.1995
#         158       0.01007     21.19      4.00     3   5.1995
#         159       0.01007    183.20      4.00     3   5.1995
#         160       0.01007     12.48      4.00     3   5.1995
#         161       0.01007    118.10      4.00     3   5.1995
#         162       0.01007    141.00      4.00     4   5.1995
#         163       0.01007     25.79      4.00     4   5.1995
#         164       0.01007     73.20      4.00     4   5.1995
#         165       0.01007    310.40      4.00     4   5.1995
#         166       0.01007     15.62      4.00     4   5.1995
#         167       0.01007    235.50      4.00     4   5.1995
#         168       0.00945     44.57      4.00     5   5.2118
#         169       0.00945     59.73      4.00     5   5.2118
#         170       0.00945     97.90      4.00     5   5.2118
#         171       0.00945     58.31      4.00     5   5.2118
#         172       0.00945    134.00      4.00     5   5.2118
#         173       0.00945     12.08      4.00     5   5.2118
#         174       0.01303      4.60      1.00     4   5.2289
#         175       0.01303     42.80      2.00     4   5.2289
#         176       0.01432    350.70      4.00     3   5.2356
#         178       0.00776    319.70      4.00     3   5.2356
#         180       0.00776    309.40      4.00     3   5.2356
#         182       0.00701     65.26      4.00     3   5.2644
#         183       0.00701      5.92      4.00     3   5.2644
#         184       0.00701     37.43      4.00     3   5.2644
#         185       0.00701    100.00      4.00     3   5.2644
#         186       0.00701     14.27      4.00     3   5.2644
#         187       0.00701     36.71      4.00     3   5.2644
#         188       0.00758     49.58      4.00     3   5.2822
#         189       0.00758     10.56      4.00     3   5.2822
#         190       0.00758     97.23      4.00     3   5.2822
#         191       0.00713     10.46      4.00     3   5.2916
#         192       0.00713     12.37      4.00     3   5.2916
#         193       0.00713     21.95      4.00     3   5.2916
#         194       0.01086    136.30      4.00     3   5.3263
#         195       0.01086     23.51      4.00     3   5.3263
#         196       0.01086     37.09      4.00     3   5.3263
#         197       0.00727      5.89      4.00     4   5.3265
#         198       0.00727      9.31      4.00     4   5.3265
#         199       0.00727     23.55      4.00     4   5.3265
#         200       0.00727      5.21      2.00     4   5.3265
#         201       0.00727     17.28      2.00     4   5.3265
#         202       0.00727     14.41      2.00     4   5.3265
#         203       0.01129    153.30      4.00     4   5.3545
#         204       0.01129     43.74      4.00     4   5.3545
#         205       0.01129     22.28      4.00     4   5.3545
#         206       0.01129      5.74      4.00     4   5.3545
#         207       0.01129    162.60      4.00     4   5.3545
#         208       0.01129    162.00      4.00     4   5.3545
#         209       0.01399     61.92      4.00     5   5.3545
#         210       0.01399     10.86      4.00     5   5.3545
#         211       0.01399    140.50      4.00     5   5.3545
#         212       0.02640    151.40      4.00     5   5.3545
#         213       0.01129    276.80      4.00     5   5.3545
#         214       0.01002     37.79      4.00     5   5.3545
#         215       0.01002     61.59      4.00     5   5.3545
#         216       0.02640      9.02      4.00     5   5.3545
#         217       0.02640     29.13      4.00     5   5.3545
#         218       0.01129     70.67      4.00     5   5.3545
#         219       0.01129     26.53      4.00     5   5.3545
#         220       0.01827    178.30      4.00     5   5.3545
#         221       0.01827     60.47      4.00     5   5.3545
#         222       0.01002    113.80      4.00     5   5.3545
#         223       0.01002    155.40      4.00     5   5.3545
#         224       0.01129      7.18      4.00     5   5.3545
#         225       0.01129    312.70      4.00     5   5.3545
#         226       0.01129    342.10      4.00     5   5.3545
#         227       0.01827     80.88      4.00     5   5.3545
#         228       0.01827      6.54      4.00     5   5.3545
#         229       0.01827     41.69      4.00     5   5.3545
#         230       0.01827     29.40      4.00     5   5.3545
#         231       0.01002     96.50      4.00     5   5.3545
#         232       0.01002      7.90      4.00     5   5.3545
#         233       0.00723     66.90      4.00     3   5.4115
#         234       0.00723    180.30      8.00     3   5.4115
#         235       0.00723    350.40      8.00     3   5.4115
#         236       0.00723    245.70      8.00     3   5.4115
#         237       0.00723     21.77      8.00     3   5.4115
#         238       0.00746     21.37      4.00     4   5.4175
#         239       0.00746     55.95      4.00     4   5.4175
#         240       0.00746      7.78      4.00     4   5.4175
#         241       0.01235     15.66      2.00     4   5.4241
#         242       0.01503    120.30      4.00     4   5.4482
#         244       0.01338    146.00      4.00     4   5.4482
#         245       0.01648     97.85      4.00     4   5.4482
#         246       0.01648     29.76      4.00     4   5.4482
#         247       0.02073     10.28      2.00     4   5.4482
#         248       0.02073     60.14      2.00     4   5.4482
#         249       0.02181     47.48      2.00     4   5.4482
#         250       0.02073     29.21      2.00     4   5.4482
#         251       0.01097     17.38      2.00     4   5.4482
#         253       0.01097     80.78      2.00     4   5.4482
#         254       0.01648      7.81      4.00     4   5.4482
#         255       0.00996    108.30      2.00     4   5.4482
#         256       0.01097     79.62      2.00     4   5.4482
#         257       0.02073     65.46      2.00     4   5.4482
#         259       0.02181     55.22      2.00     4   5.4482
#         261       0.02073     46.94      2.00     4   5.4482
#         263       0.01097     50.36      2.00     4   5.4482
#         264       0.01097     42.93      2.00     4   5.4482
#         265       0.00996     77.31      2.00     4   5.4482
#         266       0.01080    115.70      4.00     3   5.4690
#         267       0.01245    121.90      4.00     3   5.4690
#         268       0.01080     20.47      4.00     3   5.4690
#         269       0.01245     25.79      4.00     3   5.4690
#         270       0.01245     23.59      4.00     3   5.4690
#         271       0.01080     99.03      4.00     3   5.4690
#         272       0.01637     14.56      4.00     4   5.4813
#         273       0.01637      7.73      4.00     4   5.4813
#         274       0.01637     36.17      4.00     4   5.4813
#         275       0.01149     20.45      4.00     4   5.4813
#         276       0.01637     57.17      4.00     4   5.4813
#         277       0.01149     19.61      4.00     4   5.4813
#         278       0.00813    126.60      4.00     4   5.4813
#         279       0.01149    100.40      4.00     4   5.4813
#         280       0.00813     56.22      4.00     4   5.4813
#         281       0.00813     26.28      4.00     4   5.4813
#         282       0.01637      6.35      4.00     4   5.4813
#         283       0.01637     54.76      4.00     4   5.4813
#         285       0.00989     49.52      2.00     4   5.5086
#         286       0.00989     43.34      2.00     4   5.5086
#         287       0.00801     46.53      4.00     4   5.5145
#         288       0.00801      8.09      4.00     4   5.5145
#         289       0.00801     25.70      4.00     4   5.5145
#         291       0.01099     22.72      2.00     2   5.5305
#         292       0.01496    133.90      4.00     4   5.6241
#         293       0.01496    132.70      4.00     4   5.6241
#         294       0.01496      4.32      4.00     4   5.6241
#         295       0.01835      8.04      4.00     4   5.6241
#         296       0.01835     97.29      4.00     4   5.6241
#         297       0.01654     84.22      4.00     4   5.6241
#         298       0.01835     30.54      4.00     4   5.6241
#         299       0.01654     57.00      4.00     4   5.6241
#         300       0.01654     12.63      4.00     4   5.6241
#         301       0.01164    134.10      4.00     4   5.6241
#         302       0.01654     47.41      4.00     4   5.6241
#         303       0.01164     73.09      4.00     4   5.6241
#         304       0.01164     11.67      4.00     4   5.6241
#         305       0.01654      4.10      4.00     4   5.6241
#         306       0.01654     35.50      4.00     4   5.6241
#         307       0.01044      7.41      4.00     3   5.6756
#         308       0.01044     15.67      4.00     3   5.6756
#         309       0.01044     93.12      4.00     3   5.6756
#         310       0.00729     91.99      4.00     4   5.7710
#         311       0.00715    355.50      2.00     2   5.8000
#         312       0.00715    171.00      4.00     2   5.8000
#         313       0.00715     95.33      4.00     3   5.8000
#         314       0.00715    189.10      2.00     3   5.8000
#         315       0.00715    847.70      4.00     3   5.8000
#         316       0.00715    427.80      8.00     3   5.8000
#         317       0.00715     94.55      4.00     4   5.8000
#         318       0.00715    179.20      2.00     4   5.8000
#         319       0.00818     67.26      8.00     4   5.8000
#         320       0.01350     84.87      2.00     4   5.8000
#         321       0.01031     79.42      8.00     4   5.8000
#         322       0.00715    597.70      2.00     4   5.8000
#         323       0.01350     46.70      4.00     4   5.8000
#         324       0.00715    305.90      4.00     4   5.8000
#         325       0.00734     80.80      4.00     4   5.8341
#         326       0.00734     33.45      4.00     4   5.8341
#         327       0.00734     56.88      4.00     4   5.8341
#         329       0.01406    127.70      4.00     4   5.8568
#         331       0.01406     69.34      2.00     4   5.8568
#         334       0.01406    185.20      4.00     5   5.8568
#         335       0.01406    205.70      4.00     5   5.8568
#         337       0.01406    223.70      4.00     5   5.8568
#         338       0.01178    240.10      4.00     6   5.8568
#         339       0.01178     11.32      4.00     6   5.8568
#         340       0.01178      5.94      4.00     6   5.8568
#         343       0.02694      4.70      4.00     6   5.8568
#         344       0.01188     24.15      4.00     6   5.8568
#         345       0.04720     82.16      2.00     6   5.8568
#         346       0.02694    105.40      4.00     6   5.8568
#         347       0.02694     87.93      4.00     6   5.8568
#         348       0.01406    312.10      4.00     6   5.8568
#         349       0.01188     68.52      4.00     6   5.8568
#         350       0.01188      7.58      4.00     6   5.8568
#         352       0.01188      7.58      4.00     6   5.8568
#         353       0.01188     56.61      4.00     6   5.8568
#         354       0.01188     75.00      4.00     6   5.8568
#         355       0.01188    126.50      4.00     6   5.8568
#         356       0.01188     96.34      4.00     6   5.8568
#         357       0.01188    111.00      4.00     6   5.8568
#         358       0.01406    191.10      2.00     6   5.8568
#         359       0.01052     17.95      4.00     3   5.8749
#         361       0.01052      9.56      4.00     3   5.8749
#         363       0.00844     41.46      4.00     4   5.9836
#         364       0.00844     78.51      4.00     5   5.9836
#         365       0.00844     87.08      4.00     5   5.9836
#         366       0.00844     79.62      4.00     5   5.9836
#   342/ 347 paths used
#  xsedge+50, used to normalize mu           3.5307E-04
#  -----------------------------------------------------------------------
#  omega    e    k    mu    mu0     chi     @#
    6545.567    -14.113   0.050 -2.54520E-01  3.28064E-01 -9.78950E-01
    6545.595    -14.084   0.100 -2.25881E-01  3.34450E-01 -9.40297E-01
    6545.643    -14.036   0.150 -1.44059E-01  3.53118E-01 -8.31039E-01
    6545.709    -13.970   0.200 -6.39492E-02  3.71786E-01 -7.25487E-01
    6545.795    -13.884   0.250  5.56462E-02  3.99505E-01 -5.68841E-01
    6545.900    -13.779   0.300  1.69316E-01  4.27224E-01 -4.23933E-01
    6546.024    -13.655   0.350  2.99062E-01  4.56532E-01 -2.56588E-01
    6546.167    -13.513   0.400  4.16026E-01  4.85840E-01 -1.12777E-01
    6546.329    -13.351   0.450  5.27294E-01  5.11009E-01  2.60243E-02
    6546.510    -13.170   0.500  6.18538E-01  5.36178E-01  1.30225E-01
    6546.710    -12.970   0.550  6.93030E-01  5.56572E-01  2.13082E-01
    6546.929    -12.751   0.600  7.43143E-01  5.76965E-01  2.56304E-01
    6547.167    -12.512   0.650  7.75147E-01  5.94087E-01  2.75409E-01
    6547.424    -12.255   0.700  7.84526E-01  6.11208E-01  2.60046E-01
    6547.700    -11.979   0.750  7.79096E-01  6.26453E-01  2.25633E-01
    6547.995    -11.684   0.800  7.56741E-01  6.41697E-01  1.67571E-01
    6548.310    -11.369   0.850  7.25064E-01  6.55917E-01  9.91603E-02
    6548.643    -11.036   0.900  6.83908E-01  6.70136E-01  1.94488E-02
    6548.996    -10.684   0.950  6.38797E-01  6.83788E-01 -6.25302E-02
    6549.367    -10.312   1.000  5.91890E-01  6.97440E-01 -1.44412E-01
    6549.758     -9.922   1.050  5.45385E-01  7.10708E-01 -2.22613E-01
    6550.167     -9.512   1.100  5.03497E-01  7.23977E-01 -2.92259E-01
    6550.596     -9.083   1.150  4.65423E-01  7.36906E-01 -3.54252E-01
    6551.043     -8.636   1.200  4.36481E-01  7.49835E-01 -4.02611E-01
    6551.510     -8.169   1.250  4.14306E-01  7.62389E-01 -4.40484E-01
    6551.996     -7.683   1.300  4.04003E-01  7.74943E-01 -4.62430E-01
    6552.501     -7.178   1.350  4.03083E-01  7.87021E-01 -4.71763E-01
    6553.025     -6.655   1.400  4.15518E-01  7.99100E-01 -4.64654E-01
    6553.568     -6.112   1.450  4.39995E-01  8.10602E-01 -4.42890E-01
    6554.130     -5.550   1.500  4.78178E-01  8.22105E-01 -4.05543E-01
    6554.711     -4.969   1.550  5.30011E-01  8.32912E-01 -3.52732E-01
    6555.311     -4.369   1.600  5.94394E-01  8.43719E-01 -2.86781E-01
    6555.930     -3.749   1.650  6.71398E-01  8.53711E-01 -2.07345E-01
    6556.568     -3.111   1.700  7.56860E-01  8.63704E-01 -1.20162E-01
    6557.225     -2.454   1.750  8.49083E-01  8.72785E-01 -2.63900E-02
    6557.901     -1.778   1.800  9.41269E-01  8.81866E-01  6.54873E-02
    6558.597     -1.082   1.850  1.02964E+00  8.89948E-01  1.52659E-01
    6559.311     -0.368   1.900  1.10632E+00  8.98030E-01  2.25671E-01
    6560.045      0.365   1.950  1.16609E+00  9.05010E-01  2.80796E-01
    6560.797      1.118   2.000  1.20361E+00  9.11990E-01  3.11365E-01
    6561.569      1.889   2.050  1.21418E+00  9.17359E-01  3.15245E-01
    6562.359      2.680   2.100  1.19849E+00  9.22729E-01  2.91328E-01
    6563.169      3.490   2.150  1.16057E+00  9.28098E-01  2.44304E-01
    6563.997      4.318   2.200  1.10713E+00  9.33468E-01  1.81550E-01
    6564.845      5.166   2.250  1.04139E+00  9.36457E-01  1.09422E-01
    6565.712      6.033   2.300  9.76396E-01  9.39446E-01  3.84318E-02
    6566.598      6.918   2.350  9.21575E-01  9.42435E-01 -2.16413E-02
    6567.503      7.823   2.400  8.84221E-01  9.45424E-01 -6.33345E-02
    6568.427      8.747   2.450  8.64912E-01  9.45467E-01 -8.34407E-02
    6569.369      9.690   2.500  8.71154E-01  9.45511E-01 -7.70946E-02
    6570.332     10.652   2.550  8.98425E-01  9.45555E-01 -4.89118E-02
    6571.313     11.633   2.600  9.38754E-01  9.45599E-01 -7.11073E-03
    6572.313     12.633   2.650  9.87208E-01  9.48852E-01  3.97627E-02
    6573.332     13.653   2.700  1.03036E+00  9.52105E-01  8.09531E-02
    6574.370     14.691   2.750  1.06166E+00  9.55358E-01  1.09753E-01
    6575.427     15.748   2.800  1.07841E+00  9.58611E-01  1.23433E-01
    6576.504     16.824   2.850  1.08758E+00  9.62355E-01  1.28557E-01
    6577.599     17.920   2.900  1.08690E+00  9.66099E-01  1.23561E-01
    6578.713     19.034   2.950  1.07855E+00  9.69842E-01  1.10791E-01
    6579.847     20.168   3.000  1.06512E+00  9.73586E-01  9.29497E-02
    6580.999     21.320   3.050  1.04928E+00  9.75481E-01  7.47869E-02
    6582.171     22.492   3.100  1.03262E+00  9.77376E-01  5.58745E-02
    6583.362     23.682   3.150  1.01671E+00  9.79272E-01  3.77884E-02
    6584.571     24.892   3.200  1.00238E+00  9.81167E-01  2.13647E-02
    6585.800     26.121   3.250  9.88342E-01  9.82115E-01  6.26545E-03
    6587.048     27.369   3.300  9.74808E-01  9.83063E-01 -8.29614E-03
    6588.315     28.635   3.350  9.61207E-01  9.84010E-01 -2.28912E-02
    6589.601     29.921   3.400  9.47008E-01  9.84958E-01 -3.80519E-02
    6590.905     31.226   3.450  9.30958E-01  9.85143E-01 -5.42938E-02
    6592.229     32.550   3.500  9.14384E-01  9.85327E-01 -7.10396E-02
    6593.572     33.893   3.550  8.98109E-01  9.85512E-01 -8.74639E-02
    6594.934     35.255   3.600  8.83694E-01  9.85697E-01 -1.02006E-01
    6596.316     36.636   3.650  8.72728E-01  9.85504E-01 -1.12770E-01
    6597.716     38.037   3.700  8.66891E-01  9.85311E-01 -1.18403E-01
    6599.135     39.456   3.750  8.67041E-01  9.85118E-01 -1.18049E-01
    6600.573     40.894   3.800  8.73688E-01  9.84925E-01 -1.11201E-01
    6602.031     42.351   3.850  8.86768E-01  9.84573E-01 -9.77758E-02
    6603.507     43.828   3.900  9.05232E-01  9.84220E-01 -7.89669E-02
    6605.002     45.323   3.950  9.27753E-01  9.83867E-01 -5.61003E-02
    6606.517     46.838   4.000  9.52728E-01  9.83514E-01 -3.07794E-02
    6608.050     48.371   4.050  9.78417E-01  9.83171E-01 -4.75341E-03
    6609.603     49.924   4.100  1.00307E+00  9.82828E-01  2.02419E-02
    6611.175     51.495   4.150  1.02528E+00  9.82485E-01  4.27881E-02
    6612.765     53.086   4.200  1.04381E+00  9.82142E-01  6.16592E-02
    6614.375     54.696   4.250  1.05769E+00  9.81961E-01  7.57174E-02
    6616.004     56.324   4.300  1.06602E+00  9.81779E-01  8.42231E-02
    6617.652     57.972   4.350  1.06820E+00  9.81598E-01  8.65792E-02
    6619.318     59.639   4.400  1.06396E+00  9.81416E-01  8.25203E-02
    6621.004     61.325   4.450  1.05317E+00  9.81290E-01  7.18507E-02
    6622.709     63.030   4.500  1.03691E+00  9.81164E-01  5.57179E-02
    6624.433     64.754   4.550  1.01666E+00  9.81038E-01  3.55982E-02
    6626.176     66.497   4.600  9.94459E-01  9.80911E-01  1.35367E-02
    6627.938     68.259   4.650  9.72743E-01  9.80885E-01 -8.13573E-03
    6629.720     70.040   4.700  9.54164E-01  9.80859E-01 -2.66715E-02
    6631.520     71.841   4.750  9.40898E-01  9.80833E-01 -3.98967E-02
    6633.339     73.660   4.800  9.34352E-01  9.80807E-01 -4.64082E-02
    6635.177     75.498   4.850  9.35284E-01  9.80833E-01 -4.55024E-02
    6637.035     77.356   4.900  9.42586E-01  9.80858E-01 -3.82333E-02
    6638.911     79.232   4.950  9.54362E-01  9.80884E-01 -2.64941E-02
    6640.807     81.127   5.000  9.68097E-01  9.80910E-01 -1.27996E-02
    6642.721     83.042   5.050  9.81350E-01  9.80945E-01  4.05375E-04
    6644.655     84.976   5.100  9.91642E-01  9.80979E-01  1.06553E-02
    6646.607     86.928   5.150  9.97793E-01  9.81014E-01  1.67695E-02
    6648.579     88.900   5.200  9.99824E-01  9.81049E-01  1.87687E-02
    6650.570     90.891   5.250  9.98555E-01  9.80899E-01  1.76567E-02
    6652.580     92.900   5.300  9.96162E-01  9.80749E-01  1.54197E-02
    6654.608     94.929   5.350  9.94740E-01  9.80598E-01  1.41526E-02
    6656.656     96.977   5.400  9.95885E-01  9.80448E-01  1.54546E-02
    6658.723     99.044   5.450  9.99958E-01  9.80154E-01  1.98398E-02
    6660.809    101.130   5.500  1.00649E+00  9.79859E-01  2.66911E-02
    6662.914    103.235   5.550  1.01357E+00  9.79565E-01  3.41073E-02
    6665.038    105.359   5.600  1.01860E+00  9.79270E-01  3.94696E-02
    6667.181    107.502   5.650  1.01858E+00  9.78743E-01  4.00182E-02
    6669.343    109.664   5.700  1.01199E+00  9.78216E-01  3.39628E-02
    6671.525    111.845   5.750  9.98365E-01  9.77688E-01  2.08106E-02
    6673.725    114.046   5.800  9.78891E-01  9.77161E-01  1.74313E-03
    6675.944    116.265   5.850  9.55940E-01  9.76318E-01 -2.05540E-02
    6678.183    118.503   5.900  9.33777E-01  9.75476E-01 -4.21090E-02
    6680.440    120.761   5.950  9.16360E-01  9.74634E-01 -5.89164E-02
    6682.717    123.037   6.000  9.06898E-01  9.73791E-01 -6.77132E-02
    6685.012    125.333   6.050  9.06958E-01  9.72680E-01 -6.66321E-02
    6687.327    127.647   6.100  9.16362E-01  9.71570E-01 -5.60594E-02
    6689.660    129.981   6.150  9.32846E-01  9.70459E-01 -3.82541E-02
    6692.013    132.334   6.200  9.52785E-01  9.69348E-01 -1.68718E-02
    6694.385    134.705   6.250  9.72034E-01  9.68238E-01  3.87365E-03
    6696.775    137.096   6.300  9.86858E-01  9.67127E-01  2.01619E-02
    6699.185    139.506   6.350  9.94739E-01  9.66016E-01  2.93969E-02
    6701.614    141.935   6.400  9.94873E-01  9.64906E-01  3.07197E-02
    6704.062    144.383   6.450  9.88232E-01  9.63795E-01  2.50897E-02
    6706.529    146.850   6.500  9.77204E-01  9.62684E-01  1.49311E-02
    6709.015    149.336   6.550  9.64833E-01  9.61356E-01  3.58170E-03
    6711.520    151.841   6.600  9.54484E-01  9.60028E-01 -5.72175E-03
    6714.044    154.365   6.650  9.48335E-01  9.58700E-01 -1.07158E-02
    6716.587    156.908   6.700  9.47253E-01  9.57372E-01 -1.04801E-02
    6719.149    159.470   6.750  9.50716E-01  9.56043E-01 -5.52755E-03
    6721.731    162.052   6.800  9.57096E-01  9.54715E-01  2.47496E-03
    6724.331    164.652   6.850  9.64192E-01  9.53387E-01  1.12516E-02
    6726.950    167.271   6.900  9.69853E-01  9.52059E-01  1.85632E-02
    6729.589    169.910   6.950  9.72522E-01  9.50731E-01  2.27742E-02
    6732.246    172.567   7.000  9.71557E-01  9.49403E-01  2.31965E-02
    6734.923    175.244   7.050  9.67465E-01  9.48229E-01  2.01725E-02
    6737.618    177.939   7.100  9.61101E-01  9.47055E-01  1.47531E-02
    6740.333    180.654   7.150  9.53835E-01  9.45882E-01  8.36695E-03
    6743.067    183.387   7.200  9.46906E-01  9.44708E-01  2.31622E-03
    6745.819    186.140   7.250  9.41093E-01  9.43535E-01 -2.57661E-03
    6748.591    188.912   7.300  9.36573E-01  9.42361E-01 -6.11870E-03
    6751.382    191.703   7.350  9.33003E-01  9.41187E-01 -8.66626E-03
    6754.192    194.513   7.400  9.29775E-01  9.40014E-01 -1.08595E-02
    6757.021    197.341   7.450  9.26344E-01  9.38840E-01 -1.32749E-02
    6759.869    200.189   7.500  9.22519E-01  9.37667E-01 -1.61187E-02
    6762.736    203.056   7.550  9.18680E-01  9.36745E-01 -1.92456E-02
    6765.622    205.943   7.600  9.15541E-01  9.35823E-01 -2.16337E-02
    6768.527    208.848   7.650  9.14125E-01  9.34901E-01 -2.21868E-02
    6771.451    211.772   7.700  9.15329E-01  9.33979E-01 -1.99412E-02
    6774.394    214.715   7.750  9.19578E-01  9.33057E-01 -1.44297E-02
    6777.357    217.677   7.800  9.26604E-01  9.32135E-01 -5.92815E-03
    6780.338    220.659   7.850  9.35406E-01  9.31213E-01  4.49851E-03
    6783.338    223.659   7.900  9.44416E-01  9.30292E-01  1.51755E-02
    6786.358    226.678   7.950  9.51851E-01  9.29370E-01  2.41835E-02
    6789.396    229.717   8.000  9.56130E-01  9.28448E-01  2.98136E-02
    6792.454    232.774   8.050  9.56453E-01  9.27545E-01  3.11623E-02
    6795.530    235.851   8.100  9.52400E-01  9.26642E-01  2.77915E-02
    6798.626    238.947   8.150  9.44654E-01  9.25739E-01  2.04266E-02
    6801.740    242.061   8.200  9.34623E-01  9.24837E-01  1.05782E-02
    6804.874    245.195   8.250  9.24087E-01  9.23934E-01  1.65972E-04
    6808.027    248.348   8.300  9.14770E-01  9.23031E-01 -8.94550E-03
    6811.199    251.519   8.350  9.07945E-01  9.22128E-01 -1.53727E-02
    6814.390    254.710   8.400  9.04182E-01  9.21225E-01 -1.84896E-02
    6817.599    257.920   8.450  9.03296E-01  9.20322E-01 -1.84888E-02
    6820.828    261.149   8.500  9.04493E-01  9.19420E-01 -1.62228E-02
    6824.076    264.397   8.550  9.06440E-01  9.18400E-01 -1.30135E-02
    6827.344    267.664   8.600  9.08358E-01  9.17380E-01 -9.82748E-03
    6830.630    270.950   8.650  9.09535E-01  9.16361E-01 -7.44329E-03
    6833.935    274.256   8.700  9.09752E-01  9.15341E-01 -6.10150E-03
    6837.259    277.580   8.750  9.09291E-01  9.14322E-01 -5.49765E-03
    6840.602    280.923   8.800  9.08777E-01  9.13302E-01 -4.95097E-03
    6843.965    284.285   8.850  9.08914E-01  9.12283E-01 -3.68926E-03
    6847.346    287.667   8.900  9.10208E-01  9.11263E-01 -1.15671E-03
    6850.746    291.067   8.950  9.12751E-01  9.10243E-01  2.75246E-03
    6854.166    294.487   9.000  9.16146E-01  9.09224E-01  7.60715E-03
    6857.604    297.925   9.050  9.19478E-01  9.08003E-01  1.26262E-02
    6861.062    301.383   9.100  9.21889E-01  9.06782E-01  1.66433E-02
    6864.538    304.859   9.150  9.22444E-01  9.05560E-01  1.86229E-02
    6868.034    308.355   9.200  9.20560E-01  9.04339E-01  1.79136E-02
    6871.549    311.870   9.250  9.16191E-01  9.03118E-01  1.44550E-02
    6875.083    315.403   9.300  9.09868E-01  9.01897E-01  8.82532E-03
    6878.635    318.956   9.350  9.02583E-01  9.00676E-01  2.11412E-03
    6882.207    322.528   9.400  8.95541E-01  8.99455E-01 -4.34336E-03
    6885.798    326.119   9.450  8.89867E-01  8.98234E-01 -9.29736E-03
    6889.408    329.729   9.500  8.86328E-01  8.97012E-01 -1.18887E-02
    6893.037    333.358   9.550  8.85060E-01  8.95750E-01 -1.19105E-02
    6896.685    337.006   9.600  8.85852E-01  8.94487E-01 -9.63303E-03
    6900.352    340.673   9.650  8.87949E-01  8.93224E-01 -5.89209E-03
    6904.038    344.359   9.700  8.90350E-01  8.91961E-01 -1.80196E-03
    6907.744    348.064   9.750  8.92077E-01  8.90698E-01  1.54498E-03
    6911.468    351.789   9.800  8.92428E-01  8.89435E-01  3.35703E-03
    6915.211    355.532   9.850  8.91134E-01  8.88172E-01  3.32608E-03
    6918.974    359.294   9.900  8.88395E-01  8.86910E-01  1.67075E-03
    6922.755    363.076   9.950  8.84791E-01  8.85647E-01 -9.63907E-04
    6926.556    366.876  10.000  8.81090E-01  8.84384E-01 -3.71392E-03
    6930.375    370.696  10.050  8.78017E-01  8.83176E-01 -5.82397E-03
    6934.214    374.534  10.100  8.76096E-01  8.81968E-01 -6.63771E-03
    6938.071    378.392  10.150  8.75528E-01  8.80760E-01 -5.92177E-03
    6941.948    382.269  10.200  8.76148E-01  8.79552E-01 -3.85762E-03
    6945.844    386.164  10.250  8.77496E-01  8.78344E-01 -9.61612E-04
    6949.758    390.079  10.300  8.78966E-01  8.77136E-01  2.07972E-03
    6953.692    394.013  10.350  8.79976E-01  8.75928E-01  4.60690E-03
    6957.645    397.966  10.400  8.80125E-01  8.74720E-01  6.15924E-03
    6961.617    401.938  10.450  8.79274E-01  8.73511E-01  6.57466E-03
    6965.608    405.929  10.500  8.77552E-01  8.72303E-01  5.99517E-03
    6969.618    409.939  10.550  8.75279E-01  8.71095E-01  4.78488E-03
    6973.647    413.968  10.600  8.72849E-01  8.69887E-01  3.39243E-03
    6977.695    418.016  10.650  8.70601E-01  8.68679E-01  2.20375E-03
    6981.762    422.083  10.700  8.68717E-01  8.67471E-01  1.43078E-03
    6985.848    426.169  10.750  8.67192E-01  8.66263E-01  1.06747E-03
    6989.954    430.274  10.800  8.65856E-01  8.65055E-01  9.21577E-04
    6994.078    434.399  10.850  8.64460E-01  8.63847E-01  7.06889E-04
    6998.221    438.542  10.900  8.62780E-01  8.62639E-01  1.62393E-04
    7002.384    442.704  10.950  8.60703E-01  8.61431E-01 -8.41705E-04
    7006.565    446.886  11.000  8.58283E-01  8.60223E-01 -2.24525E-03
    7010.766    451.086  11.050  8.55548E-01  8.58903E-01 -3.88972E-03
    7014.985    455.306  11.100  8.52953E-01  8.57583E-01 -5.37658E-03
    7019.224    459.545  11.150  8.50842E-01  8.56264E-01 -6.30461E-03
    7023.481    463.802  11.200  8.49483E-01  8.54944E-01 -6.36000E-03
    7027.758    468.079  11.250  8.48984E-01  8.53624E-01 -5.41345E-03
    7032.054    472.375  11.300  8.49252E-01  8.52304E-01 -3.56663E-03
    7036.369    476.690  11.350  8.50015E-01  8.50984E-01 -1.13439E-03
    7040.703    481.023  11.400  8.50886E-01  8.49664E-01  1.43177E-03
    7045.056    485.376  11.450  8.51459E-01  8.48344E-01  3.65620E-03
    7049.427    489.748  11.500  8.51409E-01  8.47025E-01  5.15535E-03
    7053.818    494.139  11.550  8.50566E-01  8.45705E-01  5.72541E-03
    7058.229    498.549  11.600  8.48944E-01  8.44385E-01  5.37841E-03
    7062.658    502.978  11.650  8.46721E-01  8.43065E-01  4.31987E-03
    7067.106    507.427  11.700  8.44177E-01  8.41745E-01  2.87769E-03
    7071.573    511.894  11.750  8.41611E-01  8.40425E-01  1.40572E-03
    7076.059    516.380  11.800  8.39266E-01  8.39106E-01  1.90727E-04
    7080.565    520.885  11.850  8.37272E-01  8.37786E-01 -6.11216E-04
    7085.089    525.410  11.900  8.35632E-01  8.36466E-01 -9.93645E-04
    7089.632    529.953  11.950  8.34247E-01  8.35146E-01 -1.07274E-03
    7094.195    534.516  12.000  8.32966E-01  8.33826E-01 -1.02715E-03
    7098.776    539.097  12.050  8.31490E-01  8.32366E-01 -1.04866E-03
    7103.377    543.698  12.100  8.29887E-01  8.30905E-01 -1.22100E-03
    7107.996    548.317  12.150  8.28156E-01  8.29445E-01 -1.54899E-03
    7112.635    552.956  12.200  8.26373E-01  8.27985E-01 -1.93970E-03
    7117.293    557.614  12.250  8.24668E-01  8.26524E-01 -2.23741E-03
    7121.970    562.290  12.300  8.23176E-01  8.25064E-01 -2.28055E-03
    7126.665    566.986  12.350  8.21982E-01  8.23604E-01 -1.96164E-03
    7131.380    571.701  12.400  8.21095E-01  8.22143E-01 -1.27054E-03
    7136.114    576.435  12.450  8.20430E-01  8.20683E-01 -3.07142E-04
    7140.867    581.188  12.500  8.19832E-01  8.19223E-01  7.40842E-04
    7145.639    585.960  12.550  8.19115E-01  8.17762E-01  1.64810E-03
    7150.430    590.751  12.600  8.18116E-01  8.16302E-01  2.21472E-03
    7155.240    595.561  12.650  8.16741E-01  8.14842E-01  2.32287E-03
    7160.069    600.390  12.700  8.14989E-01  8.13381E-01  1.97008E-03
    7164.918    605.238  12.750  8.12955E-01  8.11921E-01  1.26958E-03
    7169.785    610.106  12.800  8.10800E-01  8.10461E-01  4.17814E-04
    7174.671    614.992  12.850  8.08707E-01  8.09000E-01 -3.60717E-04
    7179.577    619.897  12.900  8.06831E-01  8.07540E-01 -8.75034E-04
    7184.501    624.822  12.950  8.05256E-01  8.06080E-01 -1.01771E-03
    7189.444    629.765  13.000  8.03982E-01  8.04619E-01 -7.89558E-04
    7194.407    634.728  13.050  8.02966E-01  8.03206E-01 -2.96948E-04
    7199.388    639.709  13.100  8.02046E-01  8.01792E-01  3.15669E-04
    7204.389    644.710  13.150  8.01069E-01  8.00378E-01  8.59999E-04
    7209.409    649.729  13.200  7.99906E-01  7.98965E-01  1.17342E-03
    7214.447    654.768  13.250  7.98482E-01  7.97551E-01  1.16252E-03
    7219.505    659.826  13.300  7.96797E-01  7.96138E-01  8.25544E-04
    7224.582    664.903  13.350  7.94922E-01  7.94724E-01  2.48495E-04
    7229.678    669.999  13.400  7.92974E-01  7.93310E-01 -4.22608E-04
    7234.793    675.114  13.450  7.91083E-01  7.91897E-01 -1.02426E-03
    7239.927    680.247  13.500  7.89357E-01  7.90483E-01 -1.41995E-03
    7245.080    685.400  13.550  7.87855E-01  7.89070E-01 -1.53414E-03
    7250.252    690.573  13.600  7.86576E-01  7.87656E-01 -1.36680E-03
    7255.443    695.764  13.650  7.85465E-01  7.86242E-01 -9.86171E-04
    7260.653    700.974  13.700  7.84432E-01  7.84829E-01 -5.03370E-04
    7265.882    706.203  13.750  7.83386E-01  7.83415E-01 -3.78365E-05
    7271.130    711.451  13.800  7.82249E-01  7.82002E-01  3.15755E-04
    7276.398    716.719  13.850  7.80987E-01  7.80588E-01  5.09625E-04
    7281.684    722.005  13.900  7.79603E-01  7.79174E-01  5.48740E-04
    7286.990    727.310  13.950  7.78136E-01  7.77761E-01  4.80365E-04
    7292.314    732.635  14.000  7.76637E-01  7.76347E-01  3.72235E-04
    7297.657    737.978  14.050  7.75088E-01  7.74856E-01  2.98501E-04
    7303.020    743.341  14.100  7.73587E-01  7.73365E-01  2.86136E-04
    7308.402    748.722  14.150  7.72137E-01  7.71874E-01  3.39938E-04
    7313.802    754.123  14.200  7.70716E-01  7.70382E-01  4.31719E-04
    7319.222    759.543  14.250  7.69286E-01  7.68891E-01  5.12136E-04
    7324.661    764.982  14.300  7.67807E-01  7.67400E-01  5.29265E-04
    7330.119    770.439  14.350  7.66252E-01  7.65909E-01  4.47592E-04
    7335.595    775.916  14.400  7.64618E-01  7.64417E-01  2.61256E-04
    7341.091    781.412  14.450  7.62924E-01  7.62926E-01 -2.53091E-06
    7346.606    786.927  14.500  7.61213E-01  7.61435E-01 -2.90728E-04
    7352.140    792.461  14.550  7.59532E-01  7.59944E-01 -5.39790E-04
    7357.693    798.014  14.600  7.57925E-01  7.58452E-01 -6.94104E-04
    7363.265    803.586  14.650  7.56414E-01  7.56961E-01 -7.21755E-04
    7368.857    809.177  14.700  7.54998E-01  7.55470E-01 -6.22923E-04
    7374.467    814.788  14.750  7.53655E-01  7.53979E-01 -4.28636E-04
    7380.096    820.417  14.800  7.52344E-01  7.52487E-01 -1.90704E-04
    7385.744    826.065  14.850  7.51022E-01  7.50996E-01  3.37340E-05
    7391.412    831.732  14.900  7.49654E-01  7.49505E-01  1.98119E-04
    7397.098    837.419  14.950  7.48222E-01  7.48014E-01  2.78074E-04
    7402.804    843.124  15.000  7.46729E-01  7.46522E-01  2.75513E-04
