# # Once                                                         FEFF 9.6.4  
# # POT  SCF 100  5.0000   0, core-hole, AFOLP (folp(0)= 1.150)
# # Abs   Z=25 Rmt= 1.265 Rnm= 1.346 K  shell
# # Pot 1 Z= 6 Rmt= 1.006 Rnm= 1.098
# # Pot 2 Z=31 Rmt= 1.481 Rnm= 1.501
# # Pot 3 Z=25 Rmt= 1.271 Rnm= 1.355
# # Gam_ch=1.193E+00 H-L exch Vi= 0.000E+00 Vr= 0.000E+00
# # Mu=-1.412E+01 kf=2.284E+00 Vint=-2.515E+01 Rs_int= 1.588
# # PATH  Rmax= 6.000,  Keep_limit= 0.00, Heap_limit 0.00  Pwcrit= 2.50%
#  S02=0.900  Temp=  20.00  Debye_temp= 600.00  Global_sig2= 0.00500
#  Energy zero shift, vr, vi    0.00000E+00   0.00000E+00
#  Curved wave amplitude ratio filter   4.000%
#     file         sig2 tot  cw amp ratio   deg  nlegs   reff  inp sig2
#           1       0.00969    100.00      1.00     2   1.9523
#           2       0.00969   1730.00      1.00     2   1.9523
#           3       0.00969    457.00      1.00     2   1.9523
#           4       0.00701   1298.00      1.00     2   2.6145
#           5       0.00701    599.50      1.00     2   2.6145
#           6       0.00701    150.70      1.00     2   2.6145
#           7       0.00684    918.00      1.00     2   2.7120
#           8       0.00684    463.10      1.00     2   2.7120
#           9       0.00684    159.50      1.00     2   2.7120
#          10       0.00712    220.50      4.00     2   2.9000
#          11       0.00712    491.40      2.00     2   2.9000
#          12       0.00871    406.60      2.00     3   3.2595
#          13       0.00871    303.20      2.00     3   3.2595
#          14       0.00871    125.50      2.00     3   3.2595
#          15       0.00871     30.82      2.00     3   3.2595
#          16       0.00871    258.10      2.00     3   3.2595
#          17       0.00871     80.63      2.00     3   3.2595
#          18       0.01339    426.00      2.00     3   3.4023
#          19       0.01339    138.10      2.00     3   3.4023
#          20       0.01339     44.95      2.00     3   3.4023
#          21       0.00848    117.60      2.00     3   3.4023
#          22       0.00848    105.70      2.00     3   3.4023
#          23       0.00848    243.30      2.00     3   3.4023
#          24       0.00848     95.40      2.00     3   3.4023
#          25       0.00848     38.97      2.00     3   3.4023
#          26       0.00848     57.13      2.00     3   3.4023
#          27       0.01116     11.48      1.00     2   3.4959
#          28       0.01116     32.97      1.00     2   3.4959
#          29       0.01116    286.20      1.00     2   3.4959
#          30       0.00718     14.13      1.00     2   3.9045
#          31       0.00718    367.60      1.00     2   3.9045
#          32       0.00718     98.42      1.00     2   3.9045
#          33       0.00718     43.62      2.00     3   3.9045
#          34       0.00718   1124.00      2.00     3   3.9045
#          35       0.00718    346.10      2.00     3   3.9045
#          36       0.02375      7.11      1.00     4   3.9045
#          37       0.02375    225.70      1.00     4   3.9045
#          38       0.02375     67.14      1.00     4   3.9045
#          39       0.01363     17.62      1.00     4   3.9045
#          40       0.01363      5.24      1.00     4   3.9045
#          41       0.01363    108.70      1.00     4   3.9045
#          42       0.00718     28.72      1.00     4   3.9045
#          43       0.00718    867.70      1.00     4   3.9045
#          44       0.01363    116.40      1.00     4   3.9045
#          45       0.01363     43.21      1.00     4   3.9045
#          46       0.01363     30.62      1.00     4   3.9045
#          47       0.00718    268.50      1.00     4   3.9045
#          48       0.00695    271.10      1.00     2   3.9705
#          49       0.00695      4.12      1.00     2   3.9705
#          50       0.00695     82.01      1.00     2   3.9705
#          51       0.01041     67.90      2.00     3   4.0313
#          52       0.01041    134.90      2.00     3   4.0313
#          53       0.01041    102.00      2.00     3   4.0313
#          54       0.01041     17.31      2.00     3   4.0313
#          55       0.01041    227.80      2.00     3   4.0313
#          56       0.01041     64.48      2.00     3   4.0313
#          57       0.00693    264.30      1.00     2   4.1415
#          58       0.01262     14.59      2.00     3   4.1741
#          59       0.01262    146.80      2.00     3   4.1741
#          60       0.01262     33.23      2.00     3   4.1741
#          62       0.01262     10.35      2.00     3   4.1741
#          63       0.01262    113.80      2.00     3   4.1741
#          64       0.01021     17.43      2.00     3   4.1741
#          65       0.01021     69.57      2.00     3   4.1741
#          66       0.01021     94.35      2.00     3   4.1741
#          67       0.01021     30.57      2.00     3   4.1741
#          68       0.01021     11.28      2.00     3   4.1741
#          69       0.01021     16.20      2.00     3   4.1741
#          70       0.00715    331.60      1.00     2   4.2670
#          71       0.00739     31.18      4.00     3   4.3500
#          72       0.00739     67.63      8.00     3   4.3500
#          75       0.01098     25.42      1.00     2   4.5422
#          76       0.01098    150.60      1.00     2   4.5422
#          77       0.01098     39.19      1.00     2   4.5422
#          78       0.01098     86.18      1.00     2   4.5422
#          79       0.01304     77.25      2.00     4   4.5667
#          80       0.01304     63.71      2.00     4   4.5667
#          81       0.01304      9.53      2.00     4   4.5667
#          82       0.01304      5.39      2.00     4   4.5667
#          83       0.01304     22.79      2.00     4   4.5667
#          84       0.01304     34.86      2.00     4   4.5667
#          85       0.01072      7.70      2.00     3   4.6266
#          86       0.01072     69.60      2.00     3   4.6266
#          87       0.01072    177.30      2.00     3   4.6266
#          88       0.01081      4.64      2.00     4   4.6643
#          89       0.01081     55.03      2.00     4   4.6643
#          90       0.01081    139.80      2.00     4   4.6643
#          91       0.01079     81.14      2.00     3   4.6972
#          92       0.01079     46.70      2.00     3   4.6972
#          93       0.01079     20.40      2.00     3   4.6972
#          94       0.01079    139.20      2.00     3   4.6972
#          95       0.01079     39.74      2.00     3   4.6972
#          96       0.01079      5.25      2.00     3   4.6972
#          97       0.01138    236.50      2.00     3   4.6972
#          98       0.01138     34.02      2.00     3   4.6972
#          99       0.01138      7.39      2.00     3   4.6972
#         100       0.01138     13.78      2.00     3   4.6972
#         101       0.01138    306.50      2.00     3   4.6972
#         102       0.01138     88.81      2.00     3   4.6972
#         103       0.01079     10.06      2.00     3   4.6972
#         104       0.01079     86.34      2.00     3   4.6972
#         105       0.01079     33.52      2.00     3   4.6972
#         106       0.01079     10.99      2.00     3   4.6972
#         107       0.01079     37.66      2.00     3   4.6972
#         108       0.01079    141.00      2.00     3   4.6972
#         109       0.00735    138.30      2.00     4   4.7095
#         110       0.00735     40.59      2.00     4   4.7095
#         111       0.00735    113.30      2.00     4   4.7095
#         112       0.00735     87.67      2.00     4   4.7095
#         113       0.00735     98.53      2.00     4   4.7095
#         114       0.00735     18.42      2.00     4   4.7095
#         115       0.00735      7.51      2.00     4   4.7095
#         116       0.00735     21.80      2.00     4   4.7095
#         117       0.00735      9.12      2.00     4   4.7095
#         118       0.00735     35.78      2.00     4   4.7095
#         119       0.00735     72.43      2.00     4   4.7095
#         120       0.00735     29.71      2.00     4   4.7095
#         121       0.01119     26.91      2.00     4   4.8523
#         122       0.01081    111.50      2.00     4   4.8523
#         123       0.01119     41.97      2.00     4   4.8523
#         124       0.01081     19.20      2.00     4   4.8523
#         125       0.01119     16.29      2.00     4   4.8523
#         126       0.01119     44.62      2.00     4   4.8523
#         127       0.01081     10.18      2.00     4   4.8523
#         128       0.01081    135.20      2.00     4   4.8523
#         129       0.01119     15.60      2.00     4   4.8523
#         130       0.01081     40.74      2.00     4   4.8523
#         131       0.01119      4.41      2.00     4   4.8523
#         133       0.01339     28.64      2.00     4   4.8523
#         134       0.01081     31.34      2.00     4   4.8523
#         135       0.02663    116.70      1.00     4   4.8523
#         136       0.02663    106.40      1.00     4   4.8523
#         137       0.02663      6.78      1.00     4   4.8523
#         139       0.01339     32.83      2.00     4   4.8523
#         140       0.02663     46.19      1.00     4   4.8523
#         141       0.01315     13.50      1.00     4   4.8523
#         142       0.02663     31.97      1.00     4   4.8523
#         143       0.01315      5.01      1.00     4   4.8523
#         144       0.01339     36.23      2.00     4   4.8523
#         145       0.01315    197.50      1.00     4   4.8523
#         146       0.01339     11.92      2.00     4   4.8523
#         147       0.01315    187.00      1.00     4   4.8523
#         149       0.01315     75.55      1.00     4   4.8523
#         150       0.01081    129.30      2.00     4   4.8523
#         151       0.01315     56.41      1.00     4   4.8523
#         152       0.01081    164.50      2.00     4   4.8523
#         153       0.01081     16.27      2.00     4   4.8523
#         154       0.01339     12.79      2.00     4   4.8523
#         155       0.01081      6.30      2.00     4   4.8523
#         156       0.01081     49.45      2.00     4   4.8523
#         157       0.01119     16.26      1.00     4   4.8523
#         158       0.01119     26.59      1.00     4   4.8523
#         159       0.01119      4.03      1.00     4   4.8523
#         160       0.01119     10.78      1.00     4   4.8523
#         161       0.01119     33.46      1.00     4   4.8523
#         162       0.01119     19.19      1.00     4   4.8523
#         163       0.00711      5.14      1.00     2   4.8637
#         164       0.00711      4.74      1.00     2   4.8637
#         165       0.00711    203.70      1.00     2   4.8637
#         166       0.00711      8.53      1.00     2   4.8637
#         167       0.00711    133.30      1.00     2   4.8637
#         168       0.00711     77.25      1.00     2   4.8637
#         171       0.00688    149.10      1.00     2   4.9168
#         172       0.00688     10.08      1.00     2   4.9168
#         173       0.00688     99.63      1.00     2   4.9168
#         174       0.00688     59.96      1.00     2   4.9168
#         175       0.00710     10.11      2.00     2   5.0230
#         176       0.00710    203.10      4.00     2   5.0229
#         177       0.00688    205.40      1.00     2   5.0559
#         178       0.00688    300.10      2.00     2   5.0559
#         179       0.00688     35.66      1.00     2   5.0559
#         180       0.00688    130.40      2.00     2   5.0559
#         181       0.00799    154.30      2.00     3   5.1559
#         182       0.00799     85.46      2.00     3   5.1559
#         184       0.00799      4.13      2.00     3   5.1559
#         185       0.00799      9.89      2.00     3   5.1559
#         186       0.00799     78.16      2.00     3   5.1559
#         187       0.00799      7.87      2.00     3   5.1559
#         188       0.00799     41.32      2.00     3   5.1559
#         190       0.00799    139.10      2.00     3   5.1559
#         191       0.00799      9.09      2.00     3   5.1559
#         192       0.00799    100.00      2.00     3   5.1559
#         193       0.00711    269.90      1.00     2   5.1592
#         194       0.00711    396.00      2.00     2   5.1592
#         195       0.00711    173.90      2.00     2   5.1592
#         196       0.00711     47.79      1.00     2   5.1592
#         197       0.00721     35.98      2.00     3   5.1891
#         198       0.00721     37.12      2.00     3   5.1891
#         199       0.00721     38.65      2.00     3   5.1891
#         200       0.00721     58.32      2.00     3   5.1891
#         201       0.00721     20.94      2.00     3   5.1891
#         202       0.00721     16.67      2.00     3   5.1891
#         203       0.00721     12.34      2.00     3   5.1891
#         204       0.00721     82.12      2.00     3   5.1891
#         205       0.00721     15.19      2.00     3   5.1891
#         206       0.00721    109.60      2.00     3   5.1891
#         207       0.00721     13.08      2.00     3   5.1891
#         208       0.00721      5.57      2.00     3   5.1891
#         209       0.00721     48.16      2.00     3   5.1891
#         210       0.00721     44.89      2.00     3   5.1891
#         212       0.00721      5.12      2.00     3   5.1891
#         213       0.00721     81.18      2.00     3   5.1891
#         214       0.00721     28.03      2.00     3   5.1891
#         215       0.00693     37.38      2.00     3   5.1912
#         216       0.00693     86.50      2.00     3   5.1912
#         217       0.00693     35.14      2.00     3   5.1912
#         218       0.00693     21.69      2.00     3   5.1912
#         219       0.00693     82.51      2.00     3   5.1912
#         220       0.00693    118.10      2.00     3   5.1912
#         221       0.00693    133.20      2.00     3   5.1912
#         222       0.00693    100.60      2.00     3   5.1912
#         223       0.00693     94.67      2.00     3   5.1912
#         224       0.00693     44.93      2.00     3   5.1912
#         225       0.00693     40.68      2.00     3   5.1912
#         226       0.00693     23.53      2.00     3   5.1912
#         227       0.01303     61.41      1.00     4   5.2289
#         228       0.01303     32.43      1.00     4   5.2289
#         229       0.01303     13.82      1.00     4   5.2289
#         230       0.01432     43.86      2.00     3   5.2356
#         231       0.01432     40.48      2.00     3   5.2356
#         232       0.01432     35.62      2.00     3   5.2356
#         233       0.00776     33.59      2.00     3   5.2356
#         234       0.00776     85.27      2.00     3   5.2356
#         235       0.00776     14.46      2.00     3   5.2356
#         236       0.00776     30.65      2.00     3   5.2356
#         237       0.00776     41.10      2.00     3   5.2356
#         238       0.00776     10.92      2.00     3   5.2356
#         239       0.00758     59.42      2.00     3   5.2822
#         240       0.00758    106.80      2.00     3   5.2822
#         241       0.00758     89.10      2.00     3   5.2822
#         242       0.00758     23.20      2.00     3   5.2822
#         243       0.00758     12.31      2.00     3   5.2822
#         244       0.00758     33.34      2.00     3   5.2822
#         245       0.00713     39.39      2.00     3   5.2916
#         246       0.00713     29.12      2.00     3   5.2916
#         247       0.00713     30.53      2.00     3   5.2916
#         248       0.00713     13.55      2.00     3   5.2916
#         249       0.00713     13.96      2.00     3   5.2916
#         250       0.00713      7.21      2.00     3   5.2916
#         251       0.00727      9.80      2.00     4   5.3265
#         252       0.00727     24.02      2.00     4   5.3265
#         253       0.00727     12.09      2.00     4   5.3265
#         254       0.00727     27.42      2.00     4   5.3265
#         255       0.00727      7.54      2.00     4   5.3265
#         256       0.00727     37.05      2.00     4   5.3265
#         257       0.01129     95.31      2.00     4   5.3545
#         258       0.01129    101.30      2.00     4   5.3545
#         259       0.01129     38.48      2.00     4   5.3545
#         260       0.01129     13.99      2.00     4   5.3545
#         261       0.01129     27.35      2.00     4   5.3545
#         262       0.01129     10.51      2.00     4   5.3545
#         263       0.01129    111.90      2.00     5   5.3545
#         264       0.01129    145.30      2.00     5   5.3545
#         265       0.01129     60.92      2.00     5   5.3545
#         266       0.01129     16.98      2.00     5   5.3545
#         267       0.01129     23.70      2.00     5   5.3545
#         268       0.01129      9.72      2.00     5   5.3545
#         269       0.01129      9.33      2.00     5   5.3545
#         270       0.01129      4.56      2.00     5   5.3545
#         271       0.01129    244.00      2.00     5   5.3545
#         272       0.01129    232.00      2.00     5   5.3545
#         273       0.01129     85.79      2.00     5   5.3545
#         274       0.01129     69.68      2.00     5   5.3545
#         275       0.00723     47.50      8.00     3   5.4115
#         276       0.00723     13.85      4.00     3   5.4115
#         277       0.00723      9.40      8.00     3   5.4115
#         278       0.00723     61.01      8.00     3   5.4115
#         279       0.00723     91.24      8.00     3   5.4115
#         280       0.01503     13.01      2.00     4   5.4482
#         281       0.01503     22.05      2.00     4   5.4482
#         282       0.01503     20.73      2.00     4   5.4482
#         283       0.00996      9.37      1.00     4   5.4482
#         284       0.01097     51.01      1.00     4   5.4482
#         286       0.00996     77.85      1.00     4   5.4482
#         288       0.01097     50.56      1.00     4   5.4482
#         289       0.00996     29.75      1.00     4   5.4482
#         290       0.01097     18.21      1.00     4   5.4482
#         291       0.01097     18.55      1.00     4   5.4482
#         293       0.00996      5.47      1.00     4   5.4482
#         295       0.00996      6.69      1.00     4   5.4482
#         296       0.01097      6.64      1.00     4   5.4482
#         298       0.01097     20.80      1.00     4   5.4482
#         299       0.00996     29.63      1.00     4   5.4482
#         300       0.01097     16.88      1.00     4   5.4482
#         301       0.01099    182.80      1.00     2   5.5305
#         302       0.01099    135.80      1.00     2   5.5305
#         303       0.01099     95.68      1.00     2   5.5305
#         304       0.01496     18.47      2.00     4   5.6241
#         305       0.01496     16.13      2.00     4   5.6241
#         306       0.01496     16.14      2.00     4   5.6241
#         307       0.01496     17.01      2.00     4   5.6241
#         308       0.01496     13.36      2.00     4   5.6241
#         309       0.01496     16.44      2.00     4   5.6241
#         310       0.00715     40.13      4.00     2   5.8000
#         311       0.00715     95.17      2.00     2   5.8000
#         312       0.00715     53.05      2.00     3   5.8000
#         313       0.00715     28.51      4.00     3   5.8000
#         314       0.00715    125.70      8.00     3   5.8000
#         315       0.00715    238.00      4.00     3   5.8000
#         316       0.00715     52.61      2.00     4   5.8000
#         317       0.00715     32.19      4.00     4   5.8000
#         318       0.00818     20.35      8.00     4   5.8000
#         319       0.01350     18.26      4.00     4   5.8000
#         320       0.01350     25.98      2.00     4   5.8000
#         321       0.00715     93.61      4.00     4   5.8000
#         322       0.00715    170.20      2.00     4   5.8000
#         323       0.01031     21.98      8.00     4   5.8000
#         325       0.01406     85.60      2.00     4   5.8568
#         326       0.01406     26.21      2.00     4   5.8568
#         328       0.01406     46.49      1.00     4   5.8568
#         329       0.01406     14.21      1.00     4   5.8568
#         332       0.01406    124.90      2.00     5   5.8568
#         333       0.01406    138.60      2.00     5   5.8568
#         334       0.01406     35.62      2.00     5   5.8568
#         335       0.01406     39.88      2.00     5   5.8568
#         337       0.01406    150.90      2.00     5   5.8568
#         338       0.01406     43.05      2.00     5   5.8568
#         341       0.04720     55.11      1.00     6   5.8568
#         342       0.01406    209.60      2.00     6   5.8568
#         343       0.04720     16.74      1.00     6   5.8568
#         344       0.01406     62.64      2.00     6   5.8568
#         346       0.01406    128.30      1.00     6   5.8568
#         347       0.01406     38.50      1.00     6   5.8568
#         348       0.01052     21.76      2.00     3   5.8749
#         349       0.01052     47.89      2.00     3   5.8749
#         350       0.01052     95.42      2.00     3   5.8749
#         351       0.01052    103.60      2.00     3   5.8749
#         352       0.01052     60.04      2.00     3   5.8749
#         353       0.01052     80.36      2.00     3   5.8749
#   329/ 339 paths used
#  xsedge+50, used to normalize mu           3.5307E-04
#  -----------------------------------------------------------------------
#  omega    e    k    mu    mu0     chi     @#
    6545.567    -14.113   0.050  2.29782E-01  3.28064E-01 -1.65150E-01
    6545.595    -14.084   0.100  2.44240E-01  3.34450E-01 -1.51383E-01
    6545.643    -14.036   0.150  2.85340E-01  3.53118E-01 -1.13291E-01
    6545.709    -13.970   0.200  3.25195E-01  3.71786E-01 -7.75724E-02
    6545.795    -13.884   0.250  3.83215E-01  3.99505E-01 -2.69475E-02
    6545.900    -13.779   0.300  4.37746E-01  4.27224E-01  1.72957E-02
    6546.024    -13.655   0.350  4.95819E-01  4.56532E-01  6.40158E-02
    6546.167    -13.513   0.400  5.47601E-01  4.85840E-01  9.97689E-02
    6546.329    -13.351   0.450  5.90659E-01  5.11009E-01  1.27288E-01
    6546.510    -13.170   0.500  6.25212E-01  5.36178E-01  1.40777E-01
    6546.710    -12.970   0.550  6.46841E-01  5.56572E-01  1.40957E-01
    6546.929    -12.751   0.600  6.59271E-01  5.76965E-01  1.26943E-01
    6547.167    -12.512   0.650  6.59681E-01  5.94087E-01  9.97748E-02
    6547.424    -12.255   0.700  6.51864E-01  6.11208E-01  6.10000E-02
    6547.700    -11.979   0.750  6.34921E-01  6.26453E-01  1.25176E-02
    6547.995    -11.684   0.800  6.11963E-01  6.41697E-01 -4.33103E-02
    6548.310    -11.369   0.850  5.83279E-01  6.55917E-01 -1.04164E-01
    6548.643    -11.036   0.900  5.51692E-01  6.70136E-01 -1.67265E-01
    6548.996    -10.684   0.950  5.17944E-01  6.83788E-01 -2.30496E-01
    6549.367    -10.312   1.000  4.84944E-01  6.97440E-01 -2.90733E-01
    6549.758     -9.922   1.050  4.53567E-01  7.10708E-01 -3.46249E-01
    6550.167     -9.512   1.100  4.26791E-01  7.23977E-01 -3.93936E-01
    6550.596     -9.083   1.150  4.05542E-01  7.36906E-01 -4.32391E-01
    6551.043     -8.636   1.200  3.92410E-01  7.49835E-01 -4.59235E-01
    6551.510     -8.169   1.250  3.88356E-01  7.62389E-01 -4.73322E-01
    6551.996     -7.683   1.300  3.94902E-01  7.74943E-01 -4.73776E-01
    6552.501     -7.178   1.350  4.12772E-01  7.87021E-01 -4.59858E-01
    6553.025     -6.655   1.400  4.42069E-01  7.99100E-01 -4.32492E-01
    6553.568     -6.112   1.450  4.82995E-01  8.10602E-01 -3.91504E-01
    6554.130     -5.550   1.500  5.34081E-01  8.22105E-01 -3.39625E-01
    6554.711     -4.969   1.550  5.94766E-01  8.32912E-01 -2.77324E-01
    6555.311     -4.369   1.600  6.62403E-01  8.43719E-01 -2.08554E-01
    6555.930     -3.749   1.650  7.35533E-01  8.53711E-01 -1.34405E-01
    6556.568     -3.111   1.700  8.10929E-01  8.63704E-01 -5.93533E-02
    6557.225     -2.454   1.750  8.86156E-01  8.72785E-01  1.48883E-02
    6557.901     -1.778   1.800  9.57989E-01  8.81866E-01  8.39195E-02
    6558.597     -1.082   1.850  1.02351E+00  8.89948E-01  1.45960E-01
    6559.311     -0.368   1.900  1.07989E+00  8.98030E-01  1.97038E-01
    6560.045      0.365   1.950  1.12422E+00  9.05010E-01  2.35762E-01
    6560.797      1.118   2.000  1.15483E+00  9.11990E-01  2.59290E-01
    6561.569      1.889   2.050  1.16895E+00  9.17359E-01  2.67202E-01
    6562.359      2.680   2.100  1.16792E+00  9.22729E-01  2.59034E-01
    6563.169      3.490   2.150  1.15322E+00  9.28098E-01  2.36582E-01
    6563.997      4.318   2.200  1.12764E+00  9.33468E-01  2.02997E-01
    6564.845      5.166   2.250  1.09560E+00  9.36457E-01  1.65953E-01
    6565.712      6.033   2.300  1.05996E+00  9.39446E-01  1.25347E-01
    6566.598      6.918   2.350  1.02468E+00  9.42435E-01  8.53225E-02
    6567.503      7.823   2.400  9.93243E-01  9.45424E-01  4.94846E-02
    6568.427      8.747   2.450  9.63217E-01  9.45467E-01  1.83856E-02
    6569.369      9.690   2.500  9.42128E-01  9.45511E-01 -3.50736E-03
    6570.332     10.652   2.550  9.29979E-01  9.45555E-01 -1.61649E-02
    6571.313     11.633   2.600  9.25586E-01  9.45599E-01 -2.07887E-02
    6572.313     12.633   2.650  9.32317E-01  9.48852E-01 -1.71414E-02
    6573.332     13.653   2.700  9.42532E-01  9.52105E-01 -9.90401E-03
    6574.370     14.691   2.750  9.53513E-01  9.55358E-01 -1.90480E-03
    6575.427     15.748   2.800  9.63512E-01  9.58611E-01  5.04894E-03
    6576.504     16.824   2.850  9.72629E-01  9.62355E-01  1.05467E-02
    6577.599     17.920   2.900  9.80274E-01  9.66099E-01  1.44999E-02
    6578.713     19.034   2.950  9.86726E-01  9.69842E-01  1.72076E-02
    6579.847     20.168   3.000  9.92628E-01  9.73586E-01  1.93374E-02
    6580.999     21.320   3.050  9.96638E-01  9.75481E-01  2.14412E-02
    6582.171     22.492   3.100  1.00115E+00  9.77376E-01  2.40460E-02
    6583.362     23.682   3.150  1.00628E+00  9.79272E-01  2.72576E-02
    6584.571     24.892   3.200  1.01166E+00  9.81167E-01  3.07171E-02
    6585.800     26.121   3.250  1.01621E+00  9.82115E-01  3.42994E-02
    6587.048     27.369   3.300  1.01894E+00  9.83063E-01  3.60520E-02
    6588.315     28.635   3.350  1.01871E+00  9.84010E-01  3.48315E-02
    6589.601     29.921   3.400  1.01467E+00  9.84958E-01  2.97910E-02
    6590.905     31.226   3.450  1.00646E+00  9.85143E-01  2.13589E-02
    6592.229     32.550   3.500  9.93836E-01  9.85327E-01  8.52039E-03
    6593.572     33.893   3.550  9.77294E-01  9.85512E-01 -8.22393E-03
    6594.934     35.255   3.600  9.58199E-01  9.85697E-01 -2.74988E-02
    6596.316     36.636   3.650  9.38495E-01  9.85504E-01 -4.70066E-02
    6597.716     38.037   3.700  9.19902E-01  9.85311E-01 -6.53996E-02
    6599.135     39.456   3.750  9.04219E-01  9.85118E-01 -8.08803E-02
    6600.573     40.894   3.800  8.92991E-01  9.84925E-01 -9.19040E-02
    6602.031     42.351   3.850  8.87556E-01  9.84573E-01 -9.69879E-02
    6603.507     43.828   3.900  8.87819E-01  9.84220E-01 -9.63750E-02
    6605.002     45.323   3.950  8.93467E-01  9.83867E-01 -9.03779E-02
    6606.517     46.838   4.000  9.03713E-01  9.83514E-01 -7.97841E-02
    6608.050     48.371   4.050  9.17524E-01  9.83171E-01 -6.56336E-02
    6609.603     49.924   4.100  9.33295E-01  9.82828E-01 -4.95231E-02
    6611.175     51.495   4.150  9.49829E-01  9.82485E-01 -3.26489E-02
    6612.765     53.086   4.200  9.66125E-01  9.82142E-01 -1.60137E-02
    6614.375     54.696   4.250  9.81615E-01  9.81961E-01 -3.45931E-04
    6616.004     56.324   4.300  9.95600E-01  9.81779E-01  1.38171E-02
    6617.652     57.972   4.350  1.00784E+00  9.81598E-01  2.62345E-02
    6619.318     59.639   4.400  1.01823E+00  9.81416E-01  3.68006E-02
    6621.004     61.325   4.450  1.02665E+00  9.81290E-01  4.53465E-02
    6622.709     63.030   4.500  1.03298E+00  9.81164E-01  5.17890E-02
    6624.433     64.754   4.550  1.03714E+00  9.81038E-01  5.60616E-02
    6626.176     66.497   4.600  1.03905E+00  9.80911E-01  5.80953E-02
    6627.938     68.259   4.650  1.03875E+00  9.80885E-01  5.78145E-02
    6629.720     70.040   4.700  1.03626E+00  9.80859E-01  5.53506E-02
    6631.520     71.841   4.750  1.03175E+00  9.80833E-01  5.08678E-02
    6633.339     73.660   4.800  1.02549E+00  9.80807E-01  4.46379E-02
    6635.177     75.498   4.850  1.01799E+00  9.80833E-01  3.71156E-02
    6637.035     77.356   4.900  1.00956E+00  9.80858E-01  2.86688E-02
    6638.911     79.232   4.950  1.00066E+00  9.80884E-01  1.97581E-02
    6640.807     81.127   5.000  9.91776E-01  9.80910E-01  1.08548E-02
    6642.721     83.042   5.050  9.83316E-01  9.80945E-01  2.36912E-03
    6644.655     84.976   5.100  9.75636E-01  9.80979E-01 -5.33948E-03
    6646.607     86.928   5.150  9.69116E-01  9.81014E-01 -1.18918E-02
    6648.579     88.900   5.200  9.64068E-01  9.81049E-01 -1.69746E-02
    6650.570     90.891   5.250  9.60295E-01  9.80899E-01 -2.06048E-02
    6652.580     92.900   5.300  9.58277E-01  9.80749E-01 -2.24813E-02
    6654.608     94.929   5.350  9.57947E-01  9.80598E-01 -2.26696E-02
    6656.656     96.977   5.400  9.59036E-01  9.80448E-01 -2.14378E-02
    6658.723     99.044   5.450  9.60843E-01  9.80154E-01 -1.93453E-02
    6660.809    101.130   5.500  9.63136E-01  9.79859E-01 -1.67637E-02
    6662.914    103.235   5.550  9.65326E-01  9.79565E-01 -1.42818E-02
    6665.038    105.359   5.600  9.66919E-01  9.79270E-01 -1.23967E-02
    6667.181    107.502   5.650  9.67383E-01  9.78743E-01 -1.14117E-02
    6669.343    109.664   5.700  9.67060E-01  9.78216E-01 -1.12177E-02
    6671.525    111.845   5.750  9.66300E-01  9.77688E-01 -1.14618E-02
    6673.725    114.046   5.800  9.65720E-01  9.77161E-01 -1.15259E-02
    6675.944    116.265   5.850  9.65766E-01  9.76318E-01 -1.06428E-02
    6678.183    118.503   5.900  9.67431E-01  9.75476E-01 -8.12378E-03
    6680.440    120.761   5.950  9.71105E-01  9.74634E-01 -3.56731E-03
    6682.717    123.037   6.000  9.76750E-01  9.73791E-01  2.99555E-03
    6685.012    125.333   6.050  9.83449E-01  9.72680E-01  1.09174E-02
    6687.327    127.647   6.100  9.90576E-01  9.71570E-01  1.92998E-02
    6689.660    129.981   6.150  9.96808E-01  9.70459E-01  2.67976E-02
    6692.013    132.334   6.200  1.00077E+00  9.69348E-01  3.20083E-02
    6694.385    134.705   6.250  1.00133E+00  9.68238E-01  3.37653E-02
    6696.775    137.096   6.300  9.97854E-01  9.67127E-01  3.13989E-02
    6699.185    139.506   6.350  9.90352E-01  9.66016E-01  2.49066E-02
    6701.614    141.935   6.400  9.79527E-01  9.64906E-01  1.49884E-02
    6704.062    144.383   6.450  9.66658E-01  9.63795E-01  2.93927E-03
    6706.529    146.850   6.500  9.53366E-01  9.62684E-01 -9.58270E-03
    6709.015    149.336   6.550  9.41286E-01  9.61356E-01 -2.06762E-02
    6711.520    151.841   6.600  9.31949E-01  9.60028E-01 -2.89788E-02
    6714.044    154.365   6.650  9.26240E-01  9.58700E-01 -3.35594E-02
    6716.587    156.908   6.700  9.24411E-01  9.57372E-01 -3.41385E-02
    6719.149    159.470   6.750  9.26093E-01  9.56043E-01 -3.10766E-02
    6721.731    162.052   6.800  9.30438E-01  9.54715E-01 -2.52358E-02
    6724.331    164.652   6.850  9.36337E-01  9.53387E-01 -1.77546E-02
    6726.950    167.271   6.900  9.42668E-01  9.52059E-01 -9.79645E-03
    6729.589    169.910   6.950  9.48501E-01  9.50731E-01 -2.33068E-03
    6732.246    172.567   7.000  9.53228E-01  9.49403E-01  4.00512E-03
    6734.923    175.244   7.050  9.56794E-01  9.48229E-01  8.98219E-03
    6737.618    177.939   7.100  9.59022E-01  9.47055E-01  1.25697E-02
    6740.333    180.654   7.150  9.60131E-01  9.45882E-01  1.49911E-02
    6743.067    183.387   7.200  9.60374E-01  9.44708E-01  1.65080E-02
    6745.819    186.140   7.250  9.59923E-01  9.43535E-01  1.72976E-02
    6748.591    188.912   7.300  9.58812E-01  9.42361E-01  1.73914E-02
    6751.382    191.703   7.350  9.56946E-01  9.41187E-01  1.66871E-02
    6754.192    194.513   7.400  9.54180E-01  9.40014E-01  1.50250E-02
    6757.021    197.341   7.450  9.50416E-01  9.38840E-01  1.22977E-02
    6759.869    200.189   7.500  9.45707E-01  9.37667E-01  8.55531E-03
    6762.736    203.056   7.550  9.40511E-01  9.36745E-01  4.01192E-03
    6765.622    205.943   7.600  9.35050E-01  9.35823E-01 -8.24759E-04
    6768.527    208.848   7.650  9.29917E-01  9.34901E-01 -5.32301E-03
    6771.451    211.772   7.700  9.25711E-01  9.33979E-01 -8.84045E-03
    6774.394    214.715   7.750  9.22901E-01  9.33057E-01 -1.08720E-02
    6777.357    217.677   7.800  9.21709E-01  9.32135E-01 -1.11752E-02
    6780.338    220.659   7.850  9.22046E-01  9.31213E-01 -9.83745E-03
    6783.338    223.659   7.900  9.23529E-01  9.30292E-01 -7.26565E-03
    6786.358    226.678   7.950  9.25560E-01  9.29370E-01 -4.09815E-03
    6789.396    229.717   8.000  9.27462E-01  9.28448E-01 -1.06133E-03
    6792.454    232.774   8.050  9.28678E-01  9.27545E-01  1.22097E-03
    6795.530    235.851   8.100  9.28717E-01  9.26642E-01  2.23899E-03
    6798.626    238.947   8.150  9.27459E-01  9.25739E-01  1.85698E-03
    6801.740    242.061   8.200  9.25090E-01  9.24837E-01  2.74004E-04
    6804.874    245.195   8.250  9.22049E-01  9.23934E-01 -2.03905E-03
    6808.027    248.348   8.300  9.18910E-01  9.23031E-01 -4.46238E-03
    6811.199    251.519   8.350  9.16244E-01  9.22128E-01 -6.37725E-03
    6814.390    254.710   8.400  9.14491E-01  9.21225E-01 -7.30541E-03
    6817.599    257.920   8.450  9.13871E-01  9.20322E-01 -7.00570E-03
    6820.828    261.149   8.500  9.14351E-01  9.19420E-01 -5.50841E-03
    6824.076    264.397   8.550  9.15495E-01  9.18400E-01 -3.16120E-03
    6827.344    267.664   8.600  9.17139E-01  9.17380E-01 -2.62540E-04
    6830.630    270.950   8.650  9.18844E-01  9.16361E-01  2.70752E-03
    6833.935    274.256   8.700  9.20201E-01  9.15341E-01  5.30451E-03
    6837.259    277.580   8.750  9.20912E-01  9.14322E-01  7.20182E-03
    6840.602    280.923   8.800  9.20829E-01  9.13302E-01  8.23523E-03
    6843.965    284.285   8.850  9.19956E-01  9.12283E-01  8.40465E-03
    6847.346    287.667   8.900  9.18412E-01  9.11263E-01  7.83877E-03
    6850.746    291.067   8.950  9.16382E-01  9.10243E-01  6.73774E-03
    6854.166    294.487   9.000  9.14059E-01  9.09224E-01  5.31292E-03
    6857.604    297.925   9.050  9.11448E-01  9.08003E-01  3.79072E-03
    6861.062    301.383   9.100  9.08812E-01  9.06782E-01  2.23671E-03
    6864.538    304.859   9.150  9.06214E-01  9.05560E-01  7.21288E-04
    6868.034    308.355   9.200  9.03689E-01  9.04339E-01 -7.17802E-04
    6871.549    311.870   9.250  9.01264E-01  9.03118E-01 -2.05051E-03
    6875.083    315.403   9.300  8.98976E-01  9.01897E-01 -3.23390E-03
    6878.635    318.956   9.350  8.96884E-01  9.00676E-01 -4.20383E-03
    6882.207    322.528   9.400  8.95057E-01  8.99455E-01 -4.88131E-03
    6885.798    326.119   9.450  8.93563E-01  8.98234E-01 -5.19050E-03
    6889.408    329.729   9.500  8.92446E-01  8.97012E-01 -5.08120E-03
    6893.037    333.358   9.550  8.91626E-01  8.95750E-01 -4.59427E-03
    6896.685    337.006   9.600  8.91155E-01  8.94487E-01 -3.71675E-03
    6900.352    340.673   9.650  8.90956E-01  8.93224E-01 -2.53371E-03
    6904.038    344.359   9.700  8.90915E-01  8.91961E-01 -1.17044E-03
    6907.744    348.064   9.750  8.90902E-01  8.90698E-01  2.28037E-04
    6911.468    351.789   9.800  8.90790E-01  8.89435E-01  1.51927E-03
    6915.211    355.532   9.850  8.90471E-01  8.88172E-01  2.58198E-03
    6918.974    359.294   9.900  8.89868E-01  8.86910E-01  3.32712E-03
    6922.755    363.076   9.950  8.88933E-01  8.85647E-01  3.70102E-03
    6926.556    366.876  10.000  8.87650E-01  8.84384E-01  3.68307E-03
    6930.375    370.696  10.050  8.86093E-01  8.83176E-01  3.29383E-03
    6934.214    374.534  10.100  8.84213E-01  8.81968E-01  2.53824E-03
    6938.071    378.392  10.150  8.82070E-01  8.80760E-01  1.48366E-03
    6941.948    382.269  10.200  8.79758E-01  8.79552E-01  2.34125E-04
    6945.844    386.164  10.250  8.77399E-01  8.78344E-01 -1.07170E-03
    6949.758    390.079  10.300  8.75139E-01  8.77136E-01 -2.26887E-03
    6953.692    394.013  10.350  8.73130E-01  8.75928E-01 -3.18345E-03
    6957.645    397.966  10.400  8.71508E-01  8.74720E-01 -3.65859E-03
    6961.617    401.938  10.450  8.70368E-01  8.73511E-01 -3.58582E-03
    6965.608    405.929  10.500  8.69735E-01  8.72303E-01 -2.93461E-03
    6969.618    409.939  10.550  8.69546E-01  8.71095E-01 -1.77188E-03
    6973.647    413.968  10.600  8.69657E-01  8.69887E-01 -2.63849E-04
    6977.695    418.016  10.650  8.69851E-01  8.68679E-01  1.34408E-03
    6981.762    422.083  10.700  8.69882E-01  8.67471E-01  2.76822E-03
    6985.848    426.169  10.750  8.69517E-01  8.66263E-01  3.74130E-03
    6989.954    430.274  10.800  8.68590E-01  8.65055E-01  4.06943E-03
    6994.078    434.399  10.850  8.67037E-01  8.63847E-01  3.67762E-03
    6998.221    438.542  10.900  8.64919E-01  8.62639E-01  2.63188E-03
    7002.384    442.704  10.950  8.62409E-01  8.61431E-01  1.13075E-03
    7006.565    446.886  11.000  8.59762E-01  8.60223E-01 -5.33421E-04
    7010.766    451.086  11.050  8.57109E-01  8.58903E-01 -2.07990E-03
    7014.985    455.306  11.100  8.54824E-01  8.57583E-01 -3.20443E-03
    7019.224    459.545  11.150  8.53084E-01  8.56264E-01 -3.69795E-03
    7023.481    463.802  11.200  8.51952E-01  8.54944E-01 -3.48443E-03
    7027.758    468.079  11.250  8.51365E-01  8.53624E-01 -2.63504E-03
    7032.054    472.375  11.300  8.51149E-01  8.52304E-01 -1.34906E-03
    7036.369    476.690  11.350  8.51064E-01  8.50984E-01  9.36918E-05
    7040.703    481.023  11.400  8.50856E-01  8.49664E-01  1.39736E-03
    7045.056    485.376  11.450  8.50317E-01  8.48344E-01  2.31571E-03
    7049.427    489.748  11.500  8.49324E-01  8.47025E-01  2.70341E-03
    7053.818    494.139  11.550  8.47862E-01  8.45705E-01  2.54111E-03
    7058.229    498.549  11.600  8.46021E-01  8.44385E-01  1.92959E-03
    7062.658    502.978  11.650  8.43959E-01  8.43065E-01  1.05596E-03
    7067.106    507.427  11.700  8.41865E-01  8.41745E-01  1.41787E-04
    7071.573    511.894  11.750  8.39909E-01  8.40425E-01 -6.12625E-04
    7076.059    516.380  11.800  8.38201E-01  8.39106E-01 -1.07378E-03
    7080.565    520.885  11.850  8.36777E-01  8.37786E-01 -1.19945E-03
    7085.089    525.410  11.900  8.35595E-01  8.36466E-01 -1.03737E-03
    7089.632    529.953  11.950  8.34558E-01  8.35146E-01 -7.00857E-04
    7094.195    534.516  12.000  8.33550E-01  8.33826E-01 -3.29473E-04
    7098.776    539.097  12.050  8.32322E-01  8.32366E-01 -5.26014E-05
    7103.377    543.698  12.100  8.30960E-01  8.30905E-01  6.57845E-05
    7107.996    548.317  12.150  8.29457E-01  8.29445E-01  1.47245E-05
    7112.635    552.956  12.200  8.27856E-01  8.27985E-01 -1.54747E-04
    7117.293    557.614  12.250  8.26234E-01  8.26524E-01 -3.49992E-04
    7121.970    562.290  12.300  8.24676E-01  8.25064E-01 -4.68717E-04
    7126.665    566.986  12.350  8.23246E-01  8.23604E-01 -4.32777E-04
    7131.380    571.701  12.400  8.21967E-01  8.22143E-01 -2.13933E-04
    7136.114    576.435  12.450  8.20811E-01  8.20683E-01  1.55690E-04
    7140.867    581.188  12.500  8.19709E-01  8.19223E-01  5.91167E-04
    7145.639    585.960  12.550  8.18565E-01  8.17762E-01  9.77911E-04
    7150.430    590.751  12.600  8.17288E-01  8.16302E-01  1.20365E-03
    7155.240    595.561  12.650  8.15815E-01  8.14842E-01  1.19015E-03
    7160.069    600.390  12.700  8.14129E-01  8.13381E-01  9.15927E-04
    7164.918    605.238  12.750  8.12266E-01  8.11921E-01  4.23816E-04
    7169.785    610.106  12.800  8.10307E-01  8.10461E-01 -1.88427E-04
    7174.671    614.992  12.850  8.08357E-01  8.09000E-01 -7.91728E-04
    7179.577    619.897  12.900  8.06521E-01  8.07540E-01 -1.25704E-03
    7184.501    624.822  12.950  8.04877E-01  8.06080E-01 -1.48613E-03
    7189.444    629.765  13.000  8.03461E-01  8.04619E-01 -1.43400E-03
    7194.407    634.728  13.050  8.02292E-01  8.03206E-01 -1.13389E-03
    7199.388    639.709  13.100  8.01291E-01  8.01792E-01 -6.22899E-04
    7204.389    644.710  13.150  8.00373E-01  8.00378E-01 -6.72164E-06
    7209.409    649.729  13.200  7.99439E-01  7.98965E-01  5.91336E-04
    7214.447    654.768  13.250  7.98398E-01  7.97551E-01  1.05816E-03
    7219.505    659.826  13.300  7.97188E-01  7.96138E-01  1.31456E-03
    7224.582    664.903  13.350  7.95784E-01  7.94724E-01  1.32967E-03
    7229.678    669.999  13.400  7.94205E-01  7.93310E-01  1.12328E-03
    7234.793    675.114  13.450  7.92498E-01  7.91897E-01  7.56813E-04
    7239.927    680.247  13.500  7.90734E-01  7.90483E-01  3.15863E-04
    7245.080    685.400  13.550  7.88982E-01  7.89070E-01 -1.10491E-04
    7250.252    690.573  13.600  7.87301E-01  7.87656E-01 -4.48666E-04
    7255.443    695.764  13.650  7.85727E-01  7.86242E-01 -6.53610E-04
    7260.653    700.974  13.700  7.84267E-01  7.84829E-01 -7.13706E-04
    7265.882    706.203  13.750  7.82906E-01  7.83415E-01 -6.47605E-04
    7271.130    711.451  13.800  7.81613E-01  7.82002E-01 -4.94963E-04
    7276.398    716.719  13.850  7.80350E-01  7.80588E-01 -3.04220E-04
    7281.684    722.005  13.900  7.79080E-01  7.79174E-01 -1.20749E-04
    7286.990    727.310  13.950  7.77778E-01  7.77761E-01  2.19563E-05
    7292.314    732.635  14.000  7.76430E-01  7.76347E-01  1.06636E-04
    7297.657    737.978  14.050  7.74965E-01  7.74856E-01  1.39791E-04
    7303.020    743.341  14.100  7.73462E-01  7.73365E-01  1.24924E-04
    7308.402    748.722  14.150  7.71933E-01  7.71874E-01  7.71125E-05
    7313.802    754.123  14.200  7.70393E-01  7.70382E-01  1.44342E-05
    7319.222    759.543  14.250  7.68855E-01  7.68891E-01 -4.62058E-05
    7324.661    764.982  14.300  7.67329E-01  7.67400E-01 -9.18464E-05
    7330.119    770.439  14.350  7.65821E-01  7.65909E-01 -1.14667E-04
    7335.595    775.916  14.400  7.64332E-01  7.64417E-01 -1.11902E-04
    7341.091    781.412  14.450  7.62861E-01  7.62926E-01 -8.49990E-05
    7346.606    786.927  14.500  7.61405E-01  7.61435E-01 -3.85182E-05
    7352.140    792.461  14.550  7.59960E-01  7.59944E-01  2.08970E-05
    7357.693    798.014  14.600  7.58517E-01  7.58452E-01  8.53896E-05
    7363.265    803.586  14.650  7.57072E-01  7.56961E-01  1.46684E-04
    7368.857    809.177  14.700  7.55619E-01  7.55470E-01  1.96940E-04
    7374.467    814.788  14.750  7.54152E-01  7.53979E-01  2.29706E-04
    7380.096    820.417  14.800  7.52669E-01  7.52487E-01  2.40892E-04
    7385.744    826.065  14.850  7.51169E-01  7.50996E-01  2.29499E-04
    7391.412    831.732  14.900  7.49654E-01  7.49505E-01  1.97857E-04
    7397.098    837.419  14.950  7.48127E-01  7.48014E-01  1.51167E-04
    7402.804    843.124  15.000  7.46595E-01  7.46522E-01  9.63672E-05
