# # Once                                                         FEFF 9.6.4  
# # POT  SCF 100  5.0000   0, core-hole, AFOLP (folp(0)= 1.150)
# # Abs   Z=25 Rmt= 1.265 Rnm= 1.346 K  shell
# # Pot 1 Z= 6 Rmt= 1.006 Rnm= 1.098
# # Pot 2 Z=31 Rmt= 1.481 Rnm= 1.501
# # Pot 3 Z=25 Rmt= 1.271 Rnm= 1.355
# # Gam_ch=1.193E+00 H-L exch Vi= 0.000E+00 Vr= 0.000E+00
# # Mu=-1.412E+01 kf=2.284E+00 Vint=-2.515E+01 Rs_int= 1.588
# # PATH  Rmax= 6.000,  Keep_limit= 0.00, Heap_limit 0.00  Pwcrit= 2.50%
#  S02=0.900  Temp=  20.00  Debye_temp= 600.00  Global_sig2= 0.00500
#  Energy zero shift, vr, vi    0.00000E+00   0.00000E+00
#  Curved wave amplitude ratio filter   4.000%
#     file         sig2 tot  cw amp ratio   deg  nlegs   reff  inp sig2
#           1       0.00969    100.00      1.00     2   1.9523
#           2       0.00969      8.02      2.00     2   1.9523
#           4       0.00701     52.28      2.00     2   2.6145
#           5       0.00684     35.76      1.00     2   2.7120
#           7       0.00712      4.75      2.00     2   2.9000
#           8       0.00712     83.70      4.00     2   2.9000
#           9       0.00871     31.89      4.00     3   3.2595
#          10       0.00871     13.48      4.00     3   3.2595
#          12       0.01339     11.03      4.00     3   3.4023
#          13       0.00848     33.43      4.00     3   3.4023
#          15       0.00848     12.07      4.00     3   3.4023
#          17       0.01116      9.37      1.00     2   3.4959
#          18       0.01116     15.17      2.00     2   3.4959
#          19       0.00718     21.19      1.00     2   3.9045
#          21       0.00718     63.62      2.00     3   3.9045
#          24       0.02375     12.83      1.00     4   3.9045
#          25       0.01514     15.52      2.00     4   3.9045
#          26       0.00718     49.06      1.00     4   3.9045
#          27       0.01363     14.02      2.00     4   3.9045
#          34       0.00695     12.72      2.00     2   3.9705
#          36       0.01041      4.60      2.00     3   4.0313
#          39       0.01041     10.81      4.00     3   4.0313
#          40       0.00731      8.25      4.00     3   4.0645
#          46       0.00693      4.41      1.00     2   4.1415
#          47       0.00718      4.92      4.00     3   4.1620
#          50       0.01262      9.51      4.00     3   4.1741
#          51       0.01021      6.01      4.00     3   4.1741
#          54       0.01262      4.02      4.00     3   4.1741
#          55       0.01262      5.35      4.00     3   4.1741
#          57       0.01021      9.27      4.00     3   4.1741
#          58       0.01021      8.48      4.00     3   4.1741
#          59       0.00715      5.41      1.00     2   4.2670
#          60       0.00739      6.12      4.00     3   4.3500
#          62       0.01098     19.95      2.00     2   4.5422
#          64       0.01098      5.64      2.00     2   4.5422
#          65       0.01304      6.77      4.00     4   4.5667
#          69       0.01072      8.35      2.00     3   4.6266
#          71       0.01081      6.51      2.00     4   4.6643
#          73       0.01079     17.93      4.00     3   4.6972
#          75       0.01138     37.34      4.00     3   4.6972
#          76       0.01138      4.98      4.00     3   4.6972
#          78       0.01079     18.46      4.00     3   4.6972
#          79       0.01079      5.74      4.00     3   4.6972
#          82       0.00735      7.24      4.00     3   4.7095
#          83       0.00735      6.93      4.00     3   4.7095
#          87       0.00735      6.05      4.00     4   4.7095
#          89       0.01515      5.11      4.00     4   4.7095
#          90       0.00735     12.07      4.00     4   4.7095
#          92       0.00735     11.59      4.00     4   4.7095
#          93       0.00735      6.02      4.00     4   4.7095
#         101       0.01119      6.07      4.00     4   4.8523
#         102       0.01081     16.13      4.00     4   4.8523
#         105       0.02663     11.77      2.00     4   4.8523
#         106       0.01339      4.49      4.00     4   4.8523
#         107       0.01315     20.98      2.00     4   4.8523
#         108       0.01081     19.92      4.00     4   4.8523
#         121       0.01119      4.01      2.00     4   4.8523
#         123       0.00711     15.37      2.00     2   4.8637
#         125       0.00711      4.89      2.00     2   4.8637
#         126       0.00688     15.24      2.00     2   4.9168
#         129       0.00710     14.70      2.00     2   5.0230
#         130       0.00710      6.80      4.00     2   5.0229
#         131       0.00688     12.16      2.00     2   5.0559
#         134       0.00799     13.47      4.00     3   5.1559
#         137       0.00799      9.69      4.00     3   5.1559
#         138       0.00799      4.09      4.00     3   5.1559
#         140       0.00711     15.78      2.00     2   5.1592
#         142       0.00711      4.47      2.00     2   5.1592
#         145       0.00721      4.59      4.00     3   5.1891
#         149       0.00721      7.01      4.00     3   5.1891
#         151       0.00721      7.21      4.00     3   5.1891
#         153       0.00693      7.03      4.00     3   5.1912
#         157       0.00693      7.70      4.00     3   5.1912
#         161       0.01007      9.29      4.00     3   5.1995
#         164       0.01007      5.02      4.00     4   5.1995
#         166       0.01007     18.32      4.00     4   5.1995
#         170       0.00945      4.38      4.00     5   5.2118
#         173       0.00945      9.68      4.00     5   5.2118
#         178       0.01432      7.55      2.00     3   5.2356
#         180       0.00776      8.01      2.00     3   5.2356
#         182       0.00776      5.49      2.00     3   5.2356
#         185       0.00701      4.17      4.00     3   5.2644
#         190       0.00758      8.47      4.00     3   5.2822
#         197       0.01086      6.18      4.00     3   5.3263
#         207       0.01129     12.37      4.00     4   5.3545
#         213       0.01129      4.52      4.00     5   5.3545
#         214       0.01399      4.94      4.00     5   5.3545
#         219       0.01827      6.61      4.00     5   5.3545
#         220       0.01002      5.11      4.00     5   5.3545
#         221       0.01129     25.98      4.00     5   5.3545
#         222       0.01002      7.38      4.00     5   5.3545
#         238       0.00723      4.25      8.00     3   5.4115
#         239       0.00723     10.98      8.00     3   5.4115
#         240       0.00746      4.21      4.00     4   5.4175
#         249       0.01097      5.65      2.00     4   5.4482
#         250       0.00996      4.12      1.00     4   5.4482
#         269       0.01080      5.01      4.00     3   5.4690
#         277       0.01149      6.63      4.00     4   5.4813
#         278       0.00813      5.18      4.00     4   5.4813
#         292       0.01099      6.88      2.00     2   5.5305
#         295       0.01496      5.76      4.00     4   5.6241
#         304       0.01164      5.55      4.00     4   5.6241
#         309       0.01044      4.78      4.00     3   5.6756
#         314       0.00715     14.88      4.00     2   5.8000
#         315       0.00715      8.04      4.00     3   5.8000
#         318       0.00715     36.05      8.00     3   5.8000
#         319       0.00715      7.74      4.00     4   5.8000
#         325       0.00715     25.54      4.00     4   5.8000
#         330       0.01406      4.85      2.00     4   5.8568
#         336       0.01406      7.14      2.00     5   5.8568
#         337       0.01406      7.92      2.00     5   5.8568
#         338       0.01406      8.62      2.00     5   5.8568
#         342       0.01188      5.28      4.00     6   5.8568
#         344       0.01406     11.91      2.00     6   5.8568
#         345       0.02694      6.85      4.00     6   5.8568
#         346       0.01188      7.32      4.00     6   5.8568
#         347       0.01406      7.29      1.00     6   5.8568
#         348       0.01188      8.16      4.00     6   5.8568
#   118/ 149 paths used
#  xsedge+50, used to normalize mu           3.5307E-04
#  -----------------------------------------------------------------------
#  omega    e    k    mu    mu0     chi     @#
    6545.567    -14.113   0.050 -2.40192E-01  3.28065E-01 -9.54876E-01
    6545.595    -14.084   0.100 -2.17688E-01  3.34452E-01 -9.26551E-01
    6545.643    -14.036   0.150 -1.52901E-01  3.53120E-01 -8.45822E-01
    6545.709    -13.970   0.200 -8.86402E-02  3.71788E-01 -7.66601E-01
    6545.795    -13.884   0.250  8.35700E-03  3.99507E-01 -6.47074E-01
    6545.900    -13.779   0.300  1.02633E-01  4.27225E-01 -5.33544E-01
    6546.024    -13.655   0.350  2.11724E-01  4.56534E-01 -3.98901E-01
    6546.167    -13.513   0.400  3.13628E-01  4.85842E-01 -2.78190E-01
    6546.329    -13.351   0.450  4.13163E-01  5.11012E-01 -1.56371E-01
    6546.510    -13.170   0.500  4.99984E-01  5.36182E-01 -5.72357E-02
    6546.710    -12.970   0.550  5.75015E-01  5.56576E-01  2.87925E-02
    6546.929    -12.751   0.600  6.33407E-01  5.76970E-01  8.70450E-02
    6547.167    -12.512   0.650  6.77795E-01  5.94099E-01  1.27308E-01
    6547.424    -12.255   0.700  7.04382E-01  6.11228E-01  1.39768E-01
    6547.700    -11.979   0.750  7.18126E-01  6.26473E-01  1.35478E-01
    6547.995    -11.684   0.800  7.15875E-01  6.41718E-01  1.08016E-01
    6548.310    -11.369   0.850  7.03417E-01  6.55937E-01  6.80878E-02
    6548.643    -11.036   0.900  6.79085E-01  6.70157E-01  1.26085E-02
    6548.996    -10.684   0.950  6.47669E-01  6.83800E-01 -5.02169E-02
    6549.367    -10.312   1.000  6.09961E-01  6.97444E-01 -1.19694E-01
    6549.758     -9.922   1.050  5.68889E-01  7.10712E-01 -1.90969E-01
    6550.167     -9.512   1.100  5.27729E-01  7.23980E-01 -2.60142E-01
    6550.596     -9.083   1.150  4.87575E-01  7.36909E-01 -3.25351E-01
    6551.043     -8.636   1.200  4.53317E-01  7.49839E-01 -3.80984E-01
    6551.510     -8.169   1.250  4.24976E-01  7.62394E-01 -4.26986E-01
    6551.996     -7.683   1.300  4.07554E-01  7.74949E-01 -4.58010E-01
    6552.501     -7.178   1.350  4.00613E-01  7.87035E-01 -4.74815E-01
    6553.025     -6.655   1.400  4.08118E-01  7.99121E-01 -4.73645E-01
    6553.568     -6.112   1.450  4.29727E-01  8.10625E-01 -4.55187E-01
    6554.130     -5.550   1.500  4.67094E-01  8.22128E-01 -4.18640E-01
    6554.711     -4.969   1.550  5.19770E-01  8.32927E-01 -3.64675E-01
    6555.311     -4.369   1.600  5.86578E-01  8.43727E-01 -2.95780E-01
    6555.930     -3.749   1.650  6.66293E-01  8.53727E-01 -2.13168E-01
    6556.568     -3.111   1.700  7.54757E-01  8.63727E-01 -1.22553E-01
    6557.225     -2.454   1.750  8.49013E-01  8.72808E-01 -2.64947E-02
    6557.901     -1.778   1.800  9.42514E-01  8.81890E-01  6.68335E-02
    6558.597     -1.082   1.850  1.03089E+00  8.89964E-01  1.54008E-01
    6559.311     -0.368   1.900  1.10690E+00  8.98038E-01  2.26296E-01
    6560.045      0.365   1.950  1.16588E+00  9.05026E-01  2.80560E-01
    6560.797      1.118   2.000  1.20290E+00  9.12014E-01  3.10582E-01
    6561.569      1.889   2.050  1.21466E+00  9.17384E-01  3.15721E-01
    6562.359      2.680   2.100  1.20193E+00  9.22754E-01  2.94938E-01
    6563.169      3.490   2.150  1.16825E+00  9.28124E-01  2.52356E-01
    6563.997      4.318   2.200  1.11955E+00  9.33494E-01  1.94504E-01
    6564.845      5.166   2.250  1.06008E+00  9.36477E-01  1.28886E-01
    6565.712      6.033   2.300  1.00013E+00  9.39460E-01  6.30996E-02
    6566.598      6.918   2.350  9.48021E-01  9.42443E-01  5.78618E-03
    6567.503      7.823   2.400  9.10465E-01  9.45427E-01 -3.61795E-02
    6568.427      8.747   2.450  8.88030E-01  9.45469E-01 -5.94970E-02
    6569.369      9.690   2.500  8.87880E-01  9.45512E-01 -5.97535E-02
    6570.332     10.652   2.550  9.06411E-01  9.45555E-01 -4.06240E-02
    6571.313     11.633   2.600  9.36928E-01  9.45598E-01 -9.00648E-03
    6572.313     12.633   2.650  9.75181E-01  9.48851E-01  2.72956E-02
    6573.332     13.653   2.700  1.00793E+00  9.52105E-01  5.77563E-02
    6574.370     14.691   2.750  1.03038E+00  9.55358E-01  7.74523E-02
    6575.427     15.748   2.800  1.04131E+00  9.58612E-01  8.52033E-02
    6576.504     16.824   2.850  1.04761E+00  9.62355E-01  8.75235E-02
    6577.599     17.920   2.900  1.04721E+00  9.66099E-01  8.29685E-02
    6578.713     19.034   2.950  1.04196E+00  9.69843E-01  7.35021E-02
    6579.847     20.168   3.000  1.03409E+00  9.73586E-01  6.14389E-02
    6580.999     21.320   3.050  1.02441E+00  9.75482E-01  4.95851E-02
    6582.171     22.492   3.100  1.01488E+00  9.77378E-01  3.79313E-02
    6583.362     23.682   3.150  1.00649E+00  9.79274E-01  2.74657E-02
    6584.571     24.892   3.200  9.99560E-01  9.81169E-01  1.85247E-02
    6585.800     26.121   3.250  9.93220E-01  9.82122E-01  1.11659E-02
    6587.048     27.369   3.300  9.87141E-01  9.83076E-01  4.08558E-03
    6588.315     28.635   3.350  9.80493E-01  9.84029E-01 -3.54970E-03
    6589.601     29.921   3.400  9.72543E-01  9.84982E-01 -1.24726E-02
    6590.905     31.226   3.450  9.62458E-01  9.85162E-01 -2.27499E-02
    6592.229     32.550   3.500  9.50413E-01  9.85342E-01 -3.49758E-02
    6593.572     33.893   3.550  9.36794E-01  9.85522E-01 -4.87615E-02
    6594.934     35.255   3.600  9.22685E-01  9.85702E-01 -6.30191E-02
    6596.316     36.636   3.650  9.09438E-01  9.85514E-01 -7.60720E-02
    6597.716     38.037   3.700  8.98524E-01  9.85326E-01 -8.67892E-02
    6599.135     39.456   3.750  8.91271E-01  9.85137E-01 -9.38446E-02
    6600.573     40.894   3.800  8.88752E-01  9.84949E-01 -9.61660E-02
    6602.031     42.351   3.850  8.91580E-01  9.84591E-01 -9.29830E-02
    6603.507     43.828   3.900  8.99619E-01  9.84232E-01 -8.45902E-02
    6605.002     45.323   3.950  9.12294E-01  9.83874E-01 -7.15627E-02
    6606.517     46.838   4.000  9.28624E-01  9.83515E-01 -5.48795E-02
    6608.050     48.371   4.050  9.47445E-01  9.83172E-01 -3.57192E-02
    6609.603     49.924   4.100  9.67199E-01  9.82829E-01 -1.56272E-02
    6611.175     51.495   4.150  9.86537E-01  9.82487E-01  4.04958E-03
    6612.765     53.086   4.200  1.00426E+00  9.82144E-01  2.21141E-02
    6614.375     54.696   4.250  1.01954E+00  9.81962E-01  3.75675E-02
    6616.004     56.324   4.300  1.03130E+00  9.81780E-01  4.95069E-02
    6617.652     57.972   4.350  1.03898E+00  9.81598E-01  5.73668E-02
    6619.318     59.639   4.400  1.04228E+00  9.81417E-01  6.08520E-02
    6621.004     61.325   4.450  1.04093E+00  9.81290E-01  5.96209E-02
    6622.709     63.030   4.500  1.03542E+00  9.81164E-01  5.42232E-02
    6624.433     64.754   4.550  1.02652E+00  9.81037E-01  4.54484E-02
    6626.176     66.497   4.600  1.01534E+00  9.80911E-01  3.44035E-02
    6627.938     68.259   4.650  1.00321E+00  9.80885E-01  2.23064E-02
    6629.720     70.040   4.700  9.91724E-01  9.80860E-01  1.08540E-02
    6631.520     71.841   4.750  9.82207E-01  9.80834E-01  1.37161E-03
    6633.339     73.660   4.800  9.75610E-01  9.80809E-01 -5.19368E-03
    6635.177     75.498   4.850  9.72717E-01  9.80840E-01 -8.11466E-03
    6637.035     77.356   4.900  9.73045E-01  9.80872E-01 -7.81895E-03
    6638.911     79.232   4.950  9.75740E-01  9.80903E-01 -5.15740E-03
    6640.807     81.127   5.000  9.79595E-01  9.80934E-01 -1.33825E-03
    6642.721     83.042   5.050  9.83498E-01  9.80963E-01  2.53198E-03
    6644.655     84.976   5.100  9.86049E-01  9.80993E-01  5.05328E-03
    6646.607     86.928   5.150  9.86682E-01  9.81022E-01  5.65716E-03
    6648.579     88.900   5.200  9.85483E-01  9.81051E-01  4.43084E-03
    6650.570     90.891   5.250  9.82748E-01  9.80901E-01  1.84693E-03
    6652.580     92.900   5.300  9.79889E-01  9.80751E-01 -8.61670E-04
    6654.608     94.929   5.350  9.78127E-01  9.80600E-01 -2.47549E-03
    6656.656     96.977   5.400  9.78364E-01  9.80450E-01 -2.08903E-03
    6658.723     99.044   5.450  9.80613E-01  9.80162E-01  4.51998E-04
    6660.809    101.130   5.500  9.84695E-01  9.79873E-01  4.83307E-03
    6662.914    103.235   5.550  9.89419E-01  9.79585E-01  9.86367E-03
    6665.038    105.359   5.600  9.93171E-01  9.79297E-01  1.39252E-02
    6667.181    107.502   5.650  9.93995E-01  9.78769E-01  1.52952E-02
    6669.343    109.664   5.700  9.91135E-01  9.78242E-01  1.29634E-02
    6671.525    111.845   5.750  9.84299E-01  9.77715E-01  6.62685E-03
    6673.725    114.046   5.800  9.74198E-01  9.77188E-01 -3.01253E-03
    6675.944    116.265   5.850  9.62162E-01  9.76340E-01 -1.42994E-02
    6678.183    118.503   5.900  9.50882E-01  9.75491E-01 -2.48508E-02
    6680.440    120.761   5.950  9.42681E-01  9.74643E-01 -3.23148E-02
    6682.717    123.037   6.000  9.39359E-01  9.73794E-01 -3.48568E-02
    6685.012    125.333   6.050  9.41530E-01  9.72686E-01 -3.15866E-02
    6687.327    127.647   6.100  9.48965E-01  9.71577E-01 -2.29609E-02
    6689.660    129.981   6.150  9.60013E-01  9.70469E-01 -1.06339E-02
    6692.013    132.334   6.200  9.72229E-01  9.69361E-01  2.92128E-03
    6694.385    134.705   6.250  9.82928E-01  9.68252E-01  1.49730E-02
    6696.775    137.096   6.300  9.89800E-01  9.67144E-01  2.31515E-02
    6699.185    139.506   6.350  9.91418E-01  9.66036E-01  2.59783E-02
    6701.614    141.935   6.400  9.87536E-01  9.64927E-01  2.31761E-02
    6704.062    144.383   6.450  9.79101E-01  9.63819E-01  1.56901E-02
    6706.529    146.850   6.500  9.67983E-01  9.62711E-01  5.42245E-03
    6709.015    149.336   6.550  9.56415E-01  9.61380E-01 -5.11425E-03
    6711.520    151.841   6.600  9.46863E-01  9.60049E-01 -1.36084E-02
    6714.044    154.365   6.650  9.40892E-01  9.58718E-01 -1.84308E-02
    6716.587    156.908   6.700  9.39125E-01  9.57388E-01 -1.89152E-02
    6719.149    159.470   6.750  9.41199E-01  9.56057E-01 -1.54163E-02
    6721.731    162.052   6.800  9.45957E-01  9.54726E-01 -9.11526E-03
    6724.331    164.652   6.850  9.51814E-01  9.53395E-01 -1.64687E-03
    6726.950    167.271   6.900  9.57186E-01  9.52065E-01  5.34307E-03
    6729.589    169.910   6.950  9.60865E-01  9.50734E-01  1.05882E-02
    6732.246    172.567   7.000  9.62244E-01  9.49403E-01  1.34442E-02
    6734.923    175.244   7.050  9.61563E-01  9.48230E-01  1.39823E-02
    6737.618    177.939   7.100  9.59145E-01  9.47056E-01  1.26979E-02
    6740.333    180.654   7.150  9.55770E-01  9.45882E-01  1.04022E-02
    6743.067    183.387   7.200  9.52171E-01  9.44709E-01  7.86350E-03
    6745.819    186.140   7.250  9.48818E-01  9.43535E-01  5.57592E-03
    6748.591    188.912   7.300  9.45822E-01  9.42361E-01  3.65860E-03
    6751.382    191.703   7.350  9.42985E-01  9.41188E-01  1.90349E-03
    6754.192    194.513   7.400  9.39960E-01  9.40014E-01 -5.70727E-05
    6757.021    197.341   7.450  9.36460E-01  9.38840E-01 -2.52895E-03
    6759.869    200.189   7.500  9.32440E-01  9.37667E-01 -5.56143E-03
    6762.736    203.056   7.550  9.28349E-01  9.36745E-01 -8.94413E-03
    6765.622    205.943   7.600  9.24616E-01  9.35823E-01 -1.19541E-02
    6768.527    208.848   7.650  9.22000E-01  9.34901E-01 -1.37779E-02
    6771.451    211.772   7.700  9.21176E-01  9.33979E-01 -1.36888E-02
    6774.394    214.715   7.750  9.22509E-01  9.33057E-01 -1.12924E-02
    6777.357    217.677   7.800  9.25888E-01  9.32135E-01 -6.69636E-03
    6780.338    220.659   7.850  9.30702E-01  9.31214E-01 -5.49064E-04
    6783.338    223.659   7.900  9.35944E-01  9.30292E-01  6.07305E-03
    6786.358    226.678   7.950  9.40434E-01  9.29370E-01  1.19021E-02
    6789.396    229.717   8.000  9.43098E-01  9.28448E-01  1.57781E-02
    6792.454    232.774   8.050  9.43363E-01  9.27545E-01  1.70517E-02
    6795.530    235.851   8.100  9.40870E-01  9.26642E-01  1.53506E-02
    6798.626    238.947   8.150  9.35982E-01  9.25740E-01  1.10614E-02
    6801.740    242.061   8.200  9.29551E-01  9.24837E-01  5.09608E-03
    6804.874    245.195   8.250  9.22696E-01  9.23934E-01 -1.33970E-03
    6808.027    248.348   8.300  9.16531E-01  9.23031E-01 -7.03918E-03
    6811.199    251.519   8.350  9.11914E-01  9.22129E-01 -1.10710E-02
    6814.390    254.710   8.400  9.09273E-01  9.21226E-01 -1.29672E-02
    6817.599    257.920   8.450  9.08554E-01  9.20323E-01 -1.27791E-02
    6820.828    261.149   8.500  9.09304E-01  9.19420E-01 -1.09945E-02
    6824.076    264.397   8.550  9.10625E-01  9.18403E-01 -8.46298E-03
    6827.344    267.664   8.600  9.12078E-01  9.17386E-01 -5.78185E-03
    6830.630    270.950   8.650  9.13162E-01  9.16370E-01 -3.49772E-03
    6833.935    274.256   8.700  9.13658E-01  9.15353E-01 -1.84963E-03
    6837.259    277.580   8.750  9.13649E-01  9.14336E-01 -7.50713E-04
    6840.602    280.923   8.800  9.13432E-01  9.13319E-01  1.23307E-04
    6843.965    284.285   8.850  9.13374E-01  9.12302E-01  1.17371E-03
    6847.346    287.667   8.900  9.13749E-01  9.11285E-01  2.70115E-03
    6850.746    291.067   8.950  9.14613E-01  9.10268E-01  4.76890E-03
    6854.166    294.487   9.000  9.15758E-01  9.09251E-01  7.15019E-03
    6857.604    297.925   9.050  9.16635E-01  9.08030E-01  9.46768E-03
    6861.062    301.383   9.100  9.16843E-01  9.06809E-01  1.10530E-02
    6864.538    304.859   9.150  9.15897E-01  9.05588E-01  1.13707E-02
    6868.034    308.355   9.200  9.13530E-01  9.04367E-01  1.01192E-02
    6871.549    311.870   9.250  9.09787E-01  9.03146E-01  7.34314E-03
    6875.083    315.403   9.300  9.05042E-01  9.01925E-01  3.45087E-03
    6878.635    318.956   9.350  8.99919E-01  9.00704E-01 -8.69483E-04
    6882.207    322.528   9.400  8.95146E-01  8.99482E-01 -4.81280E-03
    6885.798    326.119   9.450  8.91374E-01  8.98261E-01 -7.65363E-03
    6889.408    329.729   9.500  8.89022E-01  8.97040E-01 -8.92237E-03
    6893.037    333.358   9.550  8.88087E-01  8.95775E-01 -8.56553E-03
    6896.685    337.006   9.600  8.88427E-01  8.94509E-01 -6.78573E-03
    6900.352    340.673   9.650  8.89544E-01  8.93243E-01 -4.13290E-03
    6904.038    344.359   9.700  8.90809E-01  8.91978E-01 -1.30767E-03
    6907.744    348.064   9.750  8.91624E-01  8.90712E-01  1.02089E-03
    6911.468    351.789   9.800  8.91568E-01  8.89447E-01  2.37888E-03
    6915.211    355.532   9.850  8.90487E-01  8.88181E-01  2.58969E-03
    6918.974    359.294   9.900  8.88508E-01  8.86916E-01  1.79096E-03
    6922.755    363.076   9.950  8.85976E-01  8.85650E-01  3.67207E-04
    6926.556    366.876  10.000  8.83340E-01  8.84385E-01 -1.17754E-03
    6930.375    370.696  10.050  8.81049E-01  8.83176E-01 -2.40188E-03
    6934.214    374.534  10.100  8.79357E-01  8.81968E-01 -2.95188E-03
    6938.071    378.392  10.150  8.78368E-01  8.80760E-01 -2.70825E-03
    6941.948    382.269  10.200  8.77980E-01  8.79552E-01 -1.78167E-03
    6945.844    386.164  10.250  8.77941E-01  8.78344E-01 -4.57402E-04
    6949.758    390.079  10.300  8.77932E-01  8.77136E-01  9.04673E-04
    6953.692    394.013  10.350  8.77670E-01  8.75928E-01  1.98202E-03
    6957.645    397.966  10.400  8.76984E-01  8.74720E-01  2.57911E-03
    6961.617    401.938  10.450  8.75852E-01  8.73512E-01  2.66976E-03
    6965.608    405.929  10.500  8.74390E-01  8.72304E-01  2.38281E-03
    6969.618    409.939  10.550  8.72792E-01  8.71096E-01  1.93988E-03
    6973.647    413.968  10.600  8.71257E-01  8.69888E-01  1.56813E-03
    6977.695    418.016  10.650  8.69916E-01  8.68680E-01  1.41756E-03
    6981.762    422.083  10.700  8.68786E-01  8.67471E-01  1.50951E-03
    6985.848    426.169  10.750  8.67770E-01  8.66263E-01  1.73203E-03
    6989.954    430.274  10.800  8.66690E-01  8.65055E-01  1.88236E-03
    6994.078    434.399  10.850  8.65358E-01  8.63847E-01  1.74176E-03
    6998.221    438.542  10.900  8.63642E-01  8.62639E-01  1.15775E-03
    7002.384    442.704  10.950  8.61524E-01  8.61431E-01  1.07081E-04
    7006.565    446.886  11.000  8.59116E-01  8.60223E-01 -1.28109E-03
    7010.766    451.086  11.050  8.56477E-01  8.58903E-01 -2.81298E-03
    7014.985    455.306  11.100  8.54014E-01  8.57583E-01 -4.14493E-03
    7019.224    459.545  11.150  8.52003E-01  8.56264E-01 -4.95457E-03
    7023.481    463.802  11.200  8.50640E-01  8.54944E-01 -5.01334E-03
    7027.758    468.079  11.250  8.49980E-01  8.53624E-01 -4.25146E-03
    7032.054    472.375  11.300  8.49923E-01  8.52304E-01 -2.78177E-03
    7036.369    476.690  11.350  8.50236E-01  8.50984E-01 -8.75371E-04
    7040.703    481.023  11.400  8.50606E-01  8.49664E-01  1.10365E-03
    7045.056    485.376  11.450  8.50718E-01  8.48344E-01  2.78655E-03
    7049.427    489.748  11.500  8.50330E-01  8.47025E-01  3.88671E-03
    7053.818    494.139  11.550  8.49324E-01  8.45705E-01  4.26205E-03
    7058.229    498.549  11.600  8.47723E-01  8.44385E-01  3.93729E-03
    7062.658    502.978  11.650  8.45674E-01  8.43065E-01  3.08258E-03
    7067.106    507.427  11.700  8.43399E-01  8.41745E-01  1.95673E-03
    7071.573    511.894  11.750  8.41128E-01  8.40425E-01  8.33122E-04
    7076.059    516.380  11.800  8.39046E-01  8.39106E-01 -7.03835E-05
    7080.565    520.885  11.850  8.37249E-01  8.37786E-01 -6.38469E-04
    7085.089    525.410  11.900  8.35734E-01  8.36466E-01 -8.71420E-04
    7089.632    529.953  11.950  8.34422E-01  8.35146E-01 -8.63780E-04
    7094.195    534.516  12.000  8.33192E-01  8.33826E-01 -7.58232E-04
    7098.776    539.097  12.050  8.31774E-01  8.32366E-01 -7.08639E-04
    7103.377    543.698  12.100  8.30252E-01  8.30906E-01 -7.83092E-04
    7107.996    548.317  12.150  8.28621E-01  8.29445E-01 -9.89832E-04
    7112.635    552.956  12.200  8.26936E-01  8.27985E-01 -1.26190E-03
    7117.293    557.614  12.250  8.25294E-01  8.26525E-01 -1.48305E-03
    7121.970    562.290  12.300  8.23797E-01  8.25064E-01 -1.53021E-03
    7126.665    566.986  12.350  8.22514E-01  8.23604E-01 -1.31848E-03
    7131.380    571.701  12.400  8.21455E-01  8.22143E-01 -8.34275E-04
    7136.114    576.435  12.450  8.20563E-01  8.20683E-01 -1.46130E-04
    7140.867    581.188  12.500  8.19725E-01  8.19223E-01  6.10219E-04
    7145.639    585.960  12.550  8.18803E-01  8.17762E-01  1.26788E-03
    7150.430    590.751  12.600  8.17675E-01  8.16302E-01  1.67518E-03
    7155.240    595.561  12.650  8.16263E-01  8.14842E-01  1.73842E-03
    7160.069    600.390  12.700  8.14564E-01  8.13381E-01  1.44858E-03
    7164.918    605.238  12.750  8.12642E-01  8.11921E-01  8.84256E-04
    7169.785    610.106  12.800  8.10616E-01  8.10461E-01  1.90250E-04
    7174.671    614.992  12.850  8.08626E-01  8.09000E-01 -4.61526E-04
    7179.577    619.897  12.900  8.06797E-01  8.07540E-01 -9.17583E-04
    7184.501    624.822  12.950  8.05205E-01  8.06080E-01 -1.08185E-03
    7189.444    629.765  13.000  8.03862E-01  8.04619E-01 -9.37659E-04
    7194.407    634.728  13.050  8.02760E-01  8.03207E-01 -5.54835E-04
    7199.388    639.709  13.100  8.01773E-01  8.01795E-01 -2.69828E-05
    7204.389    644.710  13.150  8.00786E-01  8.00383E-01  5.02328E-04
    7209.409    649.729  13.200  7.99690E-01  7.98971E-01  8.97009E-04
    7214.447    654.768  13.250  7.98409E-01  7.97558E-01  1.06297E-03
    7219.505    659.826  13.300  7.96921E-01  7.96146E-01  9.69443E-04
    7224.582    664.903  13.350  7.95254E-01  7.94734E-01  6.52215E-04
    7229.678    669.999  13.400  7.93480E-01  7.93322E-01  1.99203E-04
    7234.793    675.114  13.450  7.91690E-01  7.91909E-01 -2.76430E-04
    7239.927    680.247  13.500  7.89968E-01  7.90497E-01 -6.67305E-04
    7245.080    685.400  13.550  7.88374E-01  7.89085E-01 -8.98265E-04
    7250.252    690.573  13.600  7.86929E-01  7.87673E-01 -9.41449E-04
    7255.443    695.764  13.650  7.85616E-01  7.86261E-01 -8.17079E-04
    7260.653    700.974  13.700  7.84391E-01  7.84848E-01 -5.81310E-04
    7265.882    706.203  13.750  7.83196E-01  7.83436E-01 -3.06032E-04
    7271.130    711.451  13.800  7.81979E-01  7.82024E-01 -5.73140E-05
    7276.398    716.719  13.850  7.80707E-01  7.80612E-01  1.21168E-04
    7281.684    722.005  13.900  7.79368E-01  7.79200E-01  2.15572E-04
    7286.990    727.310  13.950  7.77974E-01  7.77787E-01  2.39262E-04
    7292.314    732.635  14.000  7.76548E-01  7.76375E-01  2.22350E-04
    7297.657    737.978  14.050  7.75043E-01  7.74882E-01  2.07027E-04
    7303.020    743.341  14.100  7.73551E-01  7.73390E-01  2.08214E-04
    7308.402    748.722  14.150  7.72077E-01  7.71897E-01  2.32569E-04
    7313.802    754.123  14.200  7.70613E-01  7.70405E-01  2.69881E-04
    7319.222    759.543  14.250  7.69142E-01  7.68912E-01  2.98269E-04
    7324.661    764.982  14.300  7.67645E-01  7.67419E-01  2.93535E-04
    7330.119    770.439  14.350  7.66110E-01  7.65927E-01  2.39207E-04
    7335.595    775.916  14.400  7.64537E-01  7.64434E-01  1.33775E-04
    7341.091    781.412  14.450  7.62936E-01  7.62941E-01 -7.31434E-06
    7346.606    786.927  14.500  7.61330E-01  7.61449E-01 -1.55471E-04
    7352.140    792.461  14.550  7.59745E-01  7.59956E-01 -2.77250E-04
    7357.693    798.014  14.600  7.58202E-01  7.58464E-01 -3.44322E-04
    7363.265    803.586  14.650  7.56712E-01  7.56971E-01 -3.41910E-04
    7368.857    809.177  14.700  7.55272E-01  7.55478E-01 -2.73030E-04
    7374.467    814.788  14.750  7.53867E-01  7.53986E-01 -1.57310E-04
    7380.096    820.417  14.800  7.52474E-01  7.52493E-01 -2.49379E-05
    7385.744    826.065  14.850  7.51070E-01  7.51001E-01  9.22356E-05
    7391.412    831.732  14.900  7.49635E-01  7.49508E-01  1.69579E-04
    7397.098    837.419  14.950  7.48162E-01  7.48015E-01  1.95838E-04
    7402.804    843.124  15.000  7.46653E-01  7.46523E-01  1.74861E-04
