# # Once                                                         FEFF 9.6.4  
# # POT  SCF 100  6.0000   0, core-hole, AFOLP (folp(0)= 1.150)
# # Abs   Z=26 Rmt= 1.354 Rnm= 1.405 K  shell
# # Pot 1 Z=57 Rmt= 1.840 Rnm= 1.840
# # Pot 2 Z=14 Rmt= 1.348 Rnm= 1.400
# # Pot 3 Z=26 Rmt= 1.370 Rnm= 1.423
# # Gam_ch=1.309E+00 H-L exch Vi= 0.000E+00 Vr= 0.000E+00
# # Mu=-1.729E+01 kf=2.086E+00 Vint=-2.588E+01 Rs_int= 1.739
# # PATH  Rmax= 6.000,  Keep_limit= 0.00, Heap_limit 0.00  Pwcrit= 2.50%
#  S02=0.800  Temp=  20.00  Debye_temp= 370.00  Global_sig2= 0.00350
#  Energy zero shift, vr, vi    0.00000E+00   0.00000E+00
#  Curved wave amplitude ratio filter   4.000%
#     file         sig2 tot  cw amp ratio   deg  nlegs   reff  inp sig2
#           1       0.00630    100.00      1.00     2   2.4224
#           2       0.00633     98.06      1.00     2   2.4467
#           3       0.00634     97.31      1.00     2   2.4563
#           4       0.00635     97.02      1.00     2   2.4600
#           5       0.00636     95.84      1.00     2   2.4754
#           6       0.00642     91.91      1.00     2   2.5287
#           7       0.00796     94.00      1.00     2   2.5549
#           8       0.00648    175.50      2.00     2   2.5884
#           9       0.00804     88.30      1.00     2   2.6127
#          10       0.00593     77.48      1.00     2   3.3241
#          11       0.00594     76.72      1.00     2   3.3402
#          12       0.00699     47.49      1.00     2   3.4656
#          13       0.00670     11.10      2.00     3   3.6890
#          14       0.00673      8.31      2.00     3   3.7167
#          15       0.00785      8.18      2.00     3   3.7214
#          16       0.00787      8.01      2.00     3   3.7278
#          17       0.00675      9.50      2.00     3   3.7413
#          18       0.00675      9.84      2.00     3   3.7457
#          19       0.00675     10.01      2.00     3   3.7457
#          20       0.00790      7.99      2.00     3   3.7502
#          21       0.00676     19.56      4.00     3   3.7542
#          22       0.00791      7.79      2.00     3   3.7615
#          23       0.00702     36.42      1.00     2   3.8855
#          24       0.00701     32.59      1.00     2   4.0688
#          25       0.00701     32.00      1.00     2   4.0992
#          26       0.00700     31.41      1.00     2   4.1307
#          27       0.00700     30.83      1.00     2   4.1618
#          28       0.00700     30.76      1.00     2   4.1658
#          29       0.00700     30.74      1.00     2   4.1669
#          30       0.00874     23.16      1.00     2   4.1691
#          31       0.00702      7.80      2.00     3   4.1718
#          32       0.00700     30.53      1.00     2   4.1788
#          33       0.00703      7.63      2.00     3   4.1805
#          34       0.00700     30.44      1.00     2   4.1836
#          35       0.00700     30.40      1.00     2   4.1858
#          36       0.00699     30.18      1.00     2   4.1982
#          37       0.00699     29.97      1.00     2   4.2099
#          38       0.00699     29.48      1.00     2   4.2380
#          39       0.00705      9.73      2.00     3   4.3800
#          40       0.00706      6.44      2.00     3   4.3971
#          41       0.00706      9.26      2.00     3   4.3983
#          42       0.00706      6.38      2.00     3   4.4019
#          43       0.00704     10.55      2.00     3   4.4743
#          44       0.00703     10.66      2.00     3   4.4900
#          45       0.00695     25.32      1.00     2   4.5029
#          46       0.00695     24.96      1.00     2   4.5282
#          47       0.00861      6.87      2.00     3   4.5285
#          48       0.00704     10.08      2.00     3   4.5308
#          49       0.00704     10.09      2.00     3   4.5328
#          50       0.00707      8.95      2.00     3   4.5336
#          51       0.00694     24.79      1.00     2   4.5405
#          52       0.00866     17.98      1.00     2   4.5413
#          53       0.00758     13.10      2.00     3   4.5428
#          54       0.00694     24.71      1.00     2   4.5464
#          55       0.00706      6.27      2.00     3   4.5501
#          56       0.00705      6.45      2.00     3   4.5681
#          57       0.00747     16.44      2.00     3   4.5725
#          58       0.00694     24.25      1.00     2   4.5796
#          59       0.00705      9.16      2.00     3   4.5840
#          60       0.00705      9.15      2.00     3   4.5873
#          61       0.00750     15.13      2.00     3   4.5884
#          62       0.00705      9.13      2.00     3   4.5889
#          63       0.00705      9.21      2.00     3   4.5898
#          64       0.00694     24.11      1.00     2   4.5903
#          65       0.00761     12.01      2.00     3   4.5904
#          66       0.00704      6.95      2.00     3   4.5929
#          67       0.00753     14.28      2.00     3   4.5945
#          68       0.00706      8.91      2.00     3   4.6005
#          69       0.00693     23.83      1.00     2   4.6107
#          70       0.00707      5.88      2.00     3   4.6153
#          71       0.00707      8.57      2.00     3   4.6153
#          72       0.00705      9.09      2.00     3   4.6196
#          73       0.00862      4.90      2.00     3   4.6209
#          74       0.00706      6.18      2.00     3   4.6225
#          75       0.00706      8.90      2.00     3   4.6225
#          76       0.00705      6.46      2.00     3   4.6244
#          77       0.00705      9.19      2.00     3   4.6244
#          78       0.00757     12.59      2.00     3   4.6255
#          79       0.00706      8.60      2.00     3   4.6258
#          80       0.00706      6.11      2.00     3   4.6273
#          81       0.00706      8.81      2.00     3   4.6273
#          82       0.00762     11.46      2.00     3   4.6295
#          83       0.00761     11.48      2.00     3   4.6564
#          84       0.00698     14.05      2.00     3   4.7064
#          85       0.00861      7.65      2.00     3   4.7105
#          86       0.00698     11.49      2.00     3   4.7142
#          87       0.00697     13.91      2.00     3   4.7205
#          88       0.00698     13.84      2.00     3   4.7227
#          89       0.00699     12.83      2.00     3   4.7303
#          90       0.00698     11.46      2.00     3   4.7354
#          91       0.00861      8.81      2.00     3   4.7786
#          92       0.00698     12.14      2.00     3   4.7941
#          93       0.00698     10.02      2.00     3   4.8006
#          94       0.00698     12.60      2.00     3   4.8006
#          95       0.00698     11.71      2.00     3   4.8272
#          96       0.01472      6.15      1.00     4   4.8448
#          97       0.00691     23.10      2.00     3   4.8619
#          98       0.00690     20.76      1.00     2   4.8625
#          99       0.00690     39.02      2.00     3   4.8820
#         100       0.00698     17.70      2.00     4   4.8825
#         101       0.01483      5.89      1.00     4   4.8933
#         102       0.00689     20.35      1.00     2   4.8998
#         103       0.00689     49.84      2.00     3   4.8999
#         104       0.00689     40.01      1.00     4   4.8999
#         105       0.00697     21.43      1.00     4   4.9015
#         107       0.01487      5.79      1.00     4   4.9126
#         108       0.01489      5.76      1.00     4   4.9201
#         110       0.01496      5.61      1.00     4   4.9507
#         111       0.00689     19.70      1.00     2   4.9607
#         112       0.00689     19.66      1.00     2   4.9642
#         114       0.00689     19.52      1.00     2   4.9782
#         115       0.00858     14.56      2.00     3   4.9813
#         116       0.00689     36.95      2.00     3   4.9826
#         117       0.00690     32.18      2.00     3   4.9895
#         118       0.00696     20.57      1.00     4   5.0009
#         119       0.00688     19.22      1.00     2   5.0075
#         120       0.00688     19.19      1.00     2   5.0106
#         122       0.00869     10.21      2.00     4   5.0112
#         123       0.00690     29.23      2.00     3   5.0128
#         124       0.00700     14.67      1.00     4   5.0183
#         125       0.00857     13.93      2.00     3   5.0278
#         126       0.00692     49.23      2.00     3   5.0332
#         127       0.00689     19.77      2.00     3   5.0356
#         128       0.00689     31.18      2.00     3   5.0356
#         129       0.00702     11.78      1.00     4   5.0473
#         130       0.01090      6.55      4.00     4   5.0484
#         131       0.00708     30.31      1.00     4   5.0558
#         132       0.01519      5.13      1.00     4   5.0574
#         133       0.00869      9.55      2.00     4   5.0593
#         134       0.00699     13.64      2.00     4   5.0637
#         135       0.00699     14.19      1.00     4   5.0637
#         136       0.00688     18.34      1.00     2   5.0969
#         138       0.00588     27.97      1.00     2   5.1244
#         139       0.00689     29.45      2.00     3   5.1266
#         140       0.00588     27.86      1.00     2   5.1325
#         141       0.00699     13.26      1.00     4   5.1563
#         142       0.01543      9.32      2.00     4   5.1768
#         143       0.00609      5.13      2.00     3   5.3688
#         144       0.00610      5.03      2.00     3   5.3708
#         145       0.00855     10.78      1.00     2   5.3817
#         146       0.00686     15.75      1.00     2   5.3925
#         147       0.00686     15.67      1.00     2   5.4034
#         148       0.00686     15.47      1.00     2   5.4280
#         149       0.00605      5.96      2.00     3   5.4512
#         150       0.00605      8.34      2.00     3   5.4631
#         151       0.00605      8.35      2.00     3   5.4642
#         152       0.00605      5.92      2.00     3   5.4902
#         153       0.00763      4.85      2.00     3   5.4975
#         154       0.00764      4.47      2.00     3   5.5141
#         155       0.00609      4.86      2.00     3   5.5225
#         156       0.00609      7.71      2.00     3   5.5225
#         157       0.00764      4.40      2.00     3   5.5264
#         158       0.00654     13.59      2.00     3   5.5425
#         159       0.00655     13.20      2.00     3   5.5603
#         160       0.00699      4.70      2.00     3   5.6946
#         161       0.00687     13.50      1.00     2   5.7045
#         162       0.00701      4.28      2.00     3   5.7287
#         163       0.00701      4.59      2.00     3   5.7287
#         164       0.00687     26.59      2.00     2   5.7351
#         165       0.00737      8.36      2.00     3   5.7701
#         166       0.00857      8.66      1.00     2   5.7795
#         167       0.00688     12.94      1.00     2   5.7916
#         168       0.00692      7.62      2.00     3   5.8050
#         169       0.00688     12.79      1.00     2   5.8152
#         170       0.00688     12.78      1.00     2   5.8174
#         171       0.00692      9.12      2.00     3   5.8260
#         172       0.00589     19.24      2.00     3   5.8637
#         173       0.00591     12.65      2.00     4   5.8689
#         174       0.00689     12.38      1.00     2   5.8832
#         175       0.00589     19.23      1.00     2   5.8997
#         176       0.00589     53.34      2.00     3   5.9013
#         177       0.00590     36.50      1.00     4   5.9029
#         178       0.00689     12.26      1.00     2   5.9041
#         179       0.00589     19.17      1.00     2   5.9068
#         180       0.00589     18.88      2.00     3   5.9096
#         181       0.00589     35.52      2.00     3   5.9096
#         182       0.00590     12.58      2.00     4   5.9124
#         183       0.00590     21.59      1.00     4   5.9124
#         185       0.00692      8.91      2.00     3   5.9613
#         186       0.00690     11.85      1.00     2   5.9753
#         187       0.00690     11.80      1.00     2   5.9842
#         188       0.00690     11.79      1.00     2   5.9872
#         189       0.00690     11.74      1.00     2   5.9958
#         190       0.00859      6.45      2.00     3   5.9969
#   184/ 188 paths used
#  xsedge+50, used to normalize mu           3.1998E-04
#  -----------------------------------------------------------------------
#  omega    e    k    mu    mu0     chi     @#
    7120.354    -17.293   0.000  2.13209E-01  2.96454E-01 -1.59427E-01
    7120.364    -17.283   0.050  2.17740E-01  3.01766E-01 -1.60604E-01
    7120.392    -17.255   0.100  2.22384E-01  3.07078E-01 -1.61560E-01
    7120.440    -17.207   0.150  2.36587E-01  3.22697E-01 -1.63298E-01
    7120.507    -17.141   0.200  2.51666E-01  3.38317E-01 -1.63364E-01
    7120.592    -17.055   0.250  2.75804E-01  3.62139E-01 -1.61226E-01
    7120.697    -16.950   0.300  3.01662E-01  3.85962E-01 -1.55947E-01
    7120.821    -16.826   0.350  3.31761E-01  4.12570E-01 -1.47574E-01
    7120.964    -16.683   0.400  3.63626E-01  4.39178E-01 -1.36227E-01
    7121.126    -16.521   0.450  3.93538E-01  4.63628E-01 -1.24408E-01
    7121.307    -16.340   0.500  4.24132E-01  4.88077E-01 -1.11760E-01
    7121.507    -16.140   0.550  4.49215E-01  5.09212E-01 -1.02984E-01
    7121.726    -15.921   0.600  4.73205E-01  5.30346E-01 -9.63578E-02
    7121.964    -15.683   0.650  4.90224E-01  5.49071E-01 -9.72901E-02
    7122.221    -15.426   0.700  5.04424E-01  5.67795E-01 -1.02758E-01
    7122.497    -15.150   0.750  5.10741E-01  5.85165E-01 -1.18181E-01
    7122.793    -14.855   0.800  5.13133E-01  6.02535E-01 -1.39083E-01
    7123.107    -14.540   0.850  5.05721E-01  6.19203E-01 -1.72788E-01
    7123.440    -14.207   0.900  4.95314E-01  6.35871E-01 -2.09557E-01
    7123.793    -13.854   0.950  4.81909E-01  6.52131E-01 -2.48374E-01
    7124.164    -13.483   1.000  4.69953E-01  6.68392E-01 -2.83502E-01
    7124.555    -13.092   1.050  4.60727E-01  6.84313E-01 -3.12748E-01
    7124.964    -12.683   1.100  4.52785E-01  7.00235E-01 -3.39035E-01
    7125.393    -12.254   1.150  4.45406E-01  7.15745E-01 -3.62945E-01
    7125.841    -11.807   1.200  4.44278E-01  7.31255E-01 -3.77683E-01
    7126.307    -11.340   1.250  4.51099E-01  7.46211E-01 -3.81016E-01
    7126.793    -10.854   1.300  4.70215E-01  7.61167E-01 -3.68646E-01
    7127.298    -10.349   1.350  5.02762E-01  7.75385E-01 -3.39356E-01
    7127.822     -9.825   1.400  5.49515E-01  7.89602E-01 -2.93698E-01
    7128.365     -9.282   1.450  6.08385E-01  8.02905E-01 -2.34155E-01
    7128.927     -8.720   1.500  6.75905E-01  8.16207E-01 -1.66235E-01
    7129.508     -8.139   1.550  7.46471E-01  8.28431E-01 -9.57279E-02
    7130.108     -7.539   1.600  8.14635E-01  8.40655E-01 -2.99649E-02
    7130.727     -6.920   1.650  8.74085E-01  8.51658E-01  2.55077E-02
    7131.365     -6.282   1.700  9.21453E-01  8.62661E-01  6.60519E-02
    7132.022     -5.625   1.750  9.53525E-01  8.72329E-01  9.02648E-02
    7132.699     -4.949   1.800  9.71273E-01  8.81996E-01  9.82176E-02
    7133.394     -4.253   1.850  9.76950E-01  8.90273E-01  9.45345E-02
    7134.108     -3.539   1.900  9.73932E-01  8.98550E-01  8.15125E-02
    7134.842     -2.805   1.950  9.67760E-01  9.05344E-01  6.70354E-02
    7135.594     -2.053   2.000  9.62121E-01  9.12137E-01  5.33214E-02
    7136.366     -1.282   2.050  9.60106E-01  9.16826E-01  4.59750E-02
    7137.156     -0.491   2.100  9.62438E-01  9.21516E-01  4.32883E-02
    7137.966      0.319   2.150  9.68349E-01  9.26205E-01  4.43946E-02
    7138.795      1.147   2.200  9.75902E-01  9.30895E-01  4.72149E-02
    7139.642      1.995   2.250  9.79848E-01  9.31964E-01  5.02401E-02
    7140.509      2.862   2.300  9.79593E-01  9.33033E-01  4.88572E-02
    7141.395      3.748   2.350  9.74678E-01  9.34102E-01  4.25844E-02
    7142.300      4.653   2.400  9.66453E-01  9.35172E-01  3.28343E-02
    7143.224      5.576   2.450  9.59802E-01  9.39156E-01  2.16285E-02
    7144.167      6.519   2.500  9.54932E-01  9.43140E-01  1.23290E-02
    7145.129      7.481   2.550  9.53881E-01  9.47124E-01  7.05024E-03
    7146.110      8.463   2.600  9.56945E-01  9.51109E-01  6.07789E-03
    7147.110      9.463   2.650  9.60355E-01  9.55618E-01  4.91388E-03
    7148.129     10.482   2.700  9.64365E-01  9.60128E-01  4.37840E-03
    7149.167     11.520   2.750  9.67974E-01  9.64638E-01  3.43442E-03
    7150.225     12.577   2.800  9.70265E-01  9.69148E-01  1.14542E-03
    7151.301     13.654   2.850  9.68245E-01  9.71601E-01 -3.43280E-03
    7152.396     14.749   2.900  9.64825E-01  9.74054E-01 -9.41663E-03
    7153.511     15.863   2.950  9.60707E-01  9.76508E-01 -1.60810E-02
    7154.644     16.997   3.000  9.56945E-01  9.78961E-01 -2.23512E-02
    7155.797     18.149   3.050  9.52434E-01  9.80560E-01 -2.85031E-02
    7156.968     19.321   3.100  9.50172E-01  9.82159E-01 -3.23590E-02
    7158.159     20.512   3.150  9.51310E-01  9.83758E-01 -3.27673E-02
    7159.369     21.721   3.200  9.56507E-01  9.85357E-01 -2.90824E-02
    7160.597     22.950   3.250  9.63483E-01  9.85776E-01 -2.24446E-02
    7161.845     24.198   3.300  9.73981E-01  9.86196E-01 -1.22822E-02
    7163.112     25.465   3.350  9.87040E-01  9.86616E-01  4.25665E-04
    7164.398     26.750   3.400  1.00125E+00  9.87036E-01  1.42527E-02
    7165.703     28.055   3.450  1.01451E+00  9.87436E-01  2.71381E-02
    7167.027     29.379   3.500  1.02622E+00  9.87836E-01  3.84456E-02
    7168.370     30.722   3.550  1.03511E+00  9.88236E-01  4.69220E-02
    7169.732     32.084   3.600  1.04036E+00  9.88636E-01  5.17394E-02
    7171.113     33.466   3.650  1.04107E+00  9.88475E-01  5.25776E-02
    7172.513     34.866   3.700  1.03807E+00  9.88315E-01  4.97050E-02
    7173.932     36.285   3.750  1.03192E+00  9.88155E-01  4.36933E-02
    7175.370     37.723   3.800  1.02348E+00  9.87994E-01  3.54031E-02
    7176.828     39.181   3.850  1.01405E+00  9.88253E-01  2.57147E-02
    7178.304     40.657   3.900  1.00409E+00  9.88512E-01  1.55188E-02
    7179.800     42.152   3.950  9.94235E-01  9.88771E-01  5.44122E-03
    7181.314     43.667   4.000  9.84793E-01  9.89030E-01 -4.21648E-03
    7182.848     45.200   4.050  9.75591E-01  9.89202E-01 -1.35359E-02
    7184.400     46.753   4.100  9.66882E-01  9.89374E-01 -2.23539E-02
    7185.972     48.324   4.150  9.58652E-01  9.89546E-01 -3.06833E-02
    7187.562     49.915   4.200  9.51033E-01  9.89718E-01 -3.83959E-02
    7189.172     51.525   4.250  9.44666E-01  9.90036E-01 -4.49996E-02
    7190.801     53.154   4.300  9.39998E-01  9.90353E-01 -4.99109E-02
    7192.449     54.801   4.350  9.37649E-01  9.90670E-01 -5.25187E-02
    7194.116     56.468   4.400  9.38125E-01  9.90987E-01 -5.23269E-02
    7195.802     58.154   4.450  9.42213E-01  9.91470E-01 -4.87305E-02
    7197.506     59.859   4.500  9.49152E-01  9.91952E-01 -4.23192E-02
    7199.230     61.583   4.550  9.58244E-01  9.92435E-01 -3.37870E-02
    7200.974     63.326   4.600  9.68498E-01  9.92917E-01 -2.41182E-02
    7202.736     65.088   4.650  9.78650E-01  9.93228E-01 -1.43916E-02
    7204.517     66.870   4.700  9.87863E-01  9.93538E-01 -5.60012E-03
    7206.317     68.670   4.750  9.95638E-01  9.93848E-01  1.76560E-03
    7208.136     70.489   4.800  1.00199E+00  9.94159E-01  7.71762E-03
    7209.975     72.327   4.850  1.00729E+00  9.94400E-01  1.27037E-02
    7211.832     74.185   4.900  1.01247E+00  9.94642E-01  1.75721E-02
    7213.708     76.061   4.950  1.01835E+00  9.94883E-01  2.31313E-02
    7215.604     77.957   5.000  1.02546E+00  9.95125E-01  2.98912E-02
    7217.518     79.871   5.050  1.03360E+00  9.95144E-01  3.79009E-02
    7219.452     81.805   5.100  1.04228E+00  9.95164E-01  4.64352E-02
    7221.405     83.757   5.150  1.05022E+00  9.95183E-01  5.42457E-02
    7223.376     85.729   5.200  1.05584E+00  9.95202E-01  5.97763E-02
    7225.367     87.720   5.250  1.05722E+00  9.94960E-01  6.13971E-02
    7227.377     89.729   5.300  1.05354E+00  9.94717E-01  5.80337E-02
    7229.406     91.758   5.350  1.04443E+00  9.94475E-01  4.93096E-02
    7231.453     93.806   5.400  1.03039E+00  9.94233E-01  3.57049E-02
    7233.520     95.873   5.450  1.01231E+00  9.93712E-01  1.83799E-02
    7235.606     97.959   5.500  9.92555E-01  9.93190E-01 -6.28953E-04
    7237.711    100.064   5.550  9.73254E-01  9.92669E-01 -1.92185E-02
    7239.835    102.188   5.600  9.56358E-01  9.92148E-01 -3.54550E-02
    7241.979    104.331   5.650  9.43169E-01  9.91336E-01 -4.77644E-02
    7244.141    106.493   5.700  9.34684E-01  9.90524E-01 -5.54293E-02
    7246.322    108.675   5.750  9.30959E-01  9.89713E-01 -5.83796E-02
    7248.522    110.875   5.800  9.31491E-01  9.88901E-01 -5.71021E-02
    7250.741    113.094   5.850  9.35396E-01  9.87905E-01 -5.22954E-02
    7252.980    115.333   5.900  9.41706E-01  9.86910E-01 -4.50782E-02
    7255.237    117.590   5.950  9.49520E-01  9.85915E-01 -3.63402E-02
    7257.514    119.866   6.000  9.58115E-01  9.84920E-01 -2.67995E-02
    7259.809    122.162   6.050  9.66762E-01  9.83758E-01 -1.70162E-02
    7262.124    124.477   6.100  9.75135E-01  9.82595E-01 -7.48054E-03
    7264.457    126.810   6.150  9.82808E-01  9.81432E-01  1.38157E-03
    7266.810    129.163   6.200  9.89332E-01  9.80269E-01  9.11380E-03
    7269.182    131.535   6.250  9.94259E-01  9.79107E-01  1.52598E-02
    7271.573    133.925   6.300  9.97235E-01  9.77944E-01  1.94572E-02
    7273.982    136.335   6.350  9.98124E-01  9.76781E-01  2.15587E-02
    7276.411    138.764   6.400  9.97098E-01  9.75619E-01  2.17291E-02
    7278.859    141.212   6.450  9.94662E-01  9.74456E-01  2.04706E-02
    7281.326    143.679   6.500  9.91576E-01  9.73293E-01  1.85494E-02
    7283.812    146.165   6.550  9.88656E-01  9.72184E-01  1.67370E-02
    7286.317    148.670   6.600  9.86700E-01  9.71075E-01  1.58994E-02
    7288.841    151.194   6.650  9.86152E-01  9.69966E-01  1.64943E-02
    7291.384    153.737   6.700  9.86963E-01  9.68857E-01  1.84782E-02
    7293.947    156.299   6.750  9.88559E-01  9.67749E-01  2.12701E-02
    7296.528    158.881   6.800  9.89956E-01  9.66640E-01  2.38659E-02
    7299.128    161.481   6.850  9.89997E-01  9.65531E-01  2.50808E-02
    7301.748    164.100   6.900  9.87661E-01  9.64422E-01  2.38579E-02
    7304.386    166.739   6.950  9.82339E-01  9.63313E-01  1.95616E-02
    7307.044    169.396   7.000  9.74028E-01  9.62204E-01  1.21751E-02
    7309.720    172.073   7.050  9.63571E-01  9.61293E-01  2.34917E-03
    7312.416    174.768   7.100  9.51856E-01  9.60382E-01 -8.80297E-03
    7315.130    177.483   7.150  9.40360E-01  9.59472E-01 -1.97578E-02
    7317.864    180.217   7.200  9.30583E-01  9.58561E-01 -2.89635E-02
    7320.617    182.969   7.250  9.23729E-01  9.57650E-01 -3.51631E-02
    7323.388    185.741   7.300  9.20477E-01  9.56740E-01 -3.76409E-02
    7326.179    188.532   7.350  9.20873E-01  9.55829E-01 -3.63337E-02
    7328.989    191.342   7.400  9.24379E-01  9.54918E-01 -3.17867E-02
    7331.818    194.171   7.450  9.30042E-01  9.54008E-01 -2.49786E-02
    7334.666    197.019   7.500  9.36741E-01  9.53097E-01 -1.70699E-02
    7337.533    199.886   7.550  9.43540E-01  9.52229E-01 -9.08079E-03
    7340.419    202.772   7.600  9.49536E-01  9.51361E-01 -1.90956E-03
    7343.324    205.677   7.650  9.54239E-01  9.50493E-01  3.92528E-03
    7346.248    208.601   7.700  9.57501E-01  9.49625E-01  8.26390E-03
    7349.191    211.544   7.750  9.59437E-01  9.48757E-01  1.12208E-02
    7352.154    214.506   7.800  9.60298E-01  9.47888E-01  1.30549E-02
    7355.135    217.488   7.850  9.60351E-01  9.47020E-01  1.40421E-02
    7358.135    220.488   7.900  9.59794E-01  9.46152E-01  1.43890E-02
    7361.155    223.508   7.950  9.58734E-01  9.45284E-01  1.42060E-02
    7364.193    226.546   8.000  9.57213E-01  9.44416E-01  1.35337E-02
    7367.251    229.604   8.050  9.55176E-01  9.43448E-01  1.24194E-02
    7370.327    232.680   8.100  9.52814E-01  9.42480E-01  1.09565E-02
    7373.423    235.776   8.150  9.50244E-01  9.41511E-01  9.27024E-03
    7376.538    238.890   8.200  9.47626E-01  9.40543E-01  7.52791E-03
    7379.671    242.024   8.250  9.45116E-01  9.39575E-01  5.89652E-03
    7382.824    245.177   8.300  9.42819E-01  9.38607E-01  4.48820E-03
    7385.996    248.349   8.350  9.40747E-01  9.37639E-01  3.31650E-03
    7389.187    251.540   8.400  9.38809E-01  9.36670E-01  2.28486E-03
    7392.397    254.749   8.450  9.36840E-01  9.35702E-01  1.21644E-03
    7395.626    257.978   8.500  9.34658E-01  9.34734E-01 -8.13719E-05
    7398.874    261.226   8.550  9.31977E-01  9.33623E-01 -1.76482E-03
    7402.141    264.493   8.600  9.28929E-01  9.32512E-01 -3.84494E-03
    7405.427    267.780   8.650  9.25667E-01  9.31400E-01 -6.16122E-03
    7408.732    271.085   8.700  9.22462E-01  9.30289E-01 -8.42026E-03
    7412.056    274.409   8.750  9.19649E-01  9.29178E-01 -1.02629E-02
    7415.399    277.752   8.800  9.17534E-01  9.28067E-01 -1.13566E-02
    7418.762    281.115   8.850  9.16315E-01  9.26956E-01 -1.14856E-02
    7422.143    284.496   8.900  9.16025E-01  9.25844E-01 -1.06110E-02
    7425.544    287.896   8.950  9.16523E-01  9.24733E-01 -8.88210E-03
    7428.963    291.316   9.000  9.17533E-01  9.23622E-01 -6.59460E-03
    7432.402    294.754   9.050  9.18658E-01  9.22501E-01 -4.16735E-03
    7435.859    298.212   9.100  9.19686E-01  9.21380E-01 -1.83910E-03
    7439.336    301.688   9.150  9.20426E-01  9.20259E-01  1.80785E-04
    7442.831    305.184   9.200  9.20811E-01  9.19138E-01  1.81913E-03
    7446.346    308.699   9.250  9.20887E-01  9.18017E-01  3.12446E-03
    7449.880    312.233   9.300  9.20761E-01  9.16897E-01  4.21219E-03
    7453.433    315.785   9.350  9.20532E-01  9.15776E-01  5.19075E-03
    7457.004    319.357   9.400  9.20235E-01  9.14655E-01  6.09582E-03
    7460.595    322.948   9.450  9.19804E-01  9.13534E-01  6.85715E-03
    7464.205    326.558   9.500  9.19091E-01  9.12413E-01  7.31095E-03
    7467.834    330.187   9.550  9.18006E-01  9.11323E-01  7.32416E-03
    7471.482    333.835   9.600  9.16285E-01  9.10232E-01  6.64093E-03
    7475.150    337.502   9.650  9.13891E-01  9.09142E-01  5.21519E-03
    7478.836    341.188   9.700  9.10947E-01  9.08052E-01  3.18296E-03
    7482.541    344.894   9.750  9.07742E-01  9.06962E-01  8.58382E-04
    7486.265    348.618   9.800  9.04665E-01  9.05871E-01 -1.32885E-03
    7490.008    352.361   9.850  9.02116E-01  9.04781E-01 -2.94014E-03
    7493.771    356.124   9.900  9.00386E-01  9.03691E-01 -3.64915E-03
    7497.552    359.905   9.950  8.99578E-01  9.02601E-01 -3.34117E-03
    7501.353    363.705  10.000  8.99559E-01  9.01510E-01 -2.15936E-03
    7505.172    367.525  10.050  8.99937E-01  9.00389E-01 -5.00387E-04
    7509.011    371.364  10.100  9.00301E-01  8.99267E-01  1.14713E-03
    7512.868    375.221  10.150  9.00174E-01  8.98145E-01  2.25383E-03
    7516.745    379.098  10.200  8.99200E-01  8.97023E-01  2.42046E-03
    7520.641    382.993  10.250  8.97241E-01  8.95901E-01  1.49099E-03
    7524.556    386.908  10.300  8.94423E-01  8.94780E-01 -3.97342E-04
    7528.489    390.842  10.350  8.91111E-01  8.93658E-01 -2.84213E-03
    7532.442    394.795  10.400  8.87815E-01  8.92536E-01 -5.27525E-03
    7536.414    398.767  10.450  8.85061E-01  8.91414E-01 -7.10696E-03
    7540.405    402.758  10.500  8.83261E-01  8.90293E-01 -7.87566E-03
    7544.415    406.768  10.550  8.82605E-01  8.89171E-01 -7.36309E-03
    7548.444    410.797  10.600  8.83022E-01  8.88049E-01 -5.64472E-03
    7552.492    414.845  10.650  8.84202E-01  8.86927E-01 -3.06368E-03
    7556.559    418.912  10.700  8.85683E-01  8.85806E-01 -1.37560E-04
    7560.646    422.998  10.750  8.86968E-01  8.84684E-01  2.57436E-03
    7564.751    427.104  10.800  8.87645E-01  8.83562E-01  4.60658E-03
    7568.875    431.228  10.850  8.87477E-01  8.82440E-01  5.68948E-03
    7573.019    435.371  10.900  8.86440E-01  8.81318E-01  5.79304E-03
    7577.181    439.534  10.950  8.84705E-01  8.80197E-01  5.10512E-03
    7581.362    443.715  11.000  8.82563E-01  8.79075E-01  3.95521E-03
    7585.563    447.916  11.050  8.80197E-01  8.77773E-01  2.75151E-03
    7589.782    452.135  11.100  8.78003E-01  8.76472E-01  1.74034E-03
    7594.021    456.374  11.150  8.76123E-01  8.75171E-01  1.08497E-03
    7598.279    460.631  11.200  8.74563E-01  8.73869E-01  7.91190E-04
    7602.555    464.908  11.250  8.73209E-01  8.72568E-01  7.31999E-04
    7606.851    469.204  11.300  8.71887E-01  8.71267E-01  7.10088E-04
    7611.166    473.519  11.350  8.70433E-01  8.69965E-01  5.35862E-04
    7615.500    477.853  11.400  8.68747E-01  8.68664E-01  9.57681E-05
    7619.853    482.205  11.450  8.66832E-01  8.67363E-01 -6.09523E-04
    7624.225    486.577  11.500  8.64786E-01  8.66061E-01 -1.46688E-03
    7628.616    490.968  11.550  8.62773E-01  8.64760E-01 -2.28930E-03
    7633.026    495.379  11.600  8.60966E-01  8.63458E-01 -2.87696E-03
    7637.455    499.808  11.650  8.59492E-01  8.62157E-01 -3.08043E-03
    7641.903    504.256  11.700  8.58397E-01  8.60856E-01 -2.84615E-03
    7646.370    508.723  11.750  8.57630E-01  8.59554E-01 -2.23096E-03
    7650.856    513.209  11.800  8.57062E-01  8.58253E-01 -1.38290E-03
    7655.362    517.715  11.850  8.56525E-01  8.56952E-01 -4.95960E-04
    7659.886    522.239  11.900  8.55861E-01  8.55650E-01  2.46017E-04
    7664.430    526.782  11.950  8.54965E-01  8.54349E-01  7.18467E-04
    7668.992    531.345  12.000  8.53804E-01  8.53048E-01  8.84023E-04
    7673.574    535.926  12.050  8.52400E-01  8.51723E-01  7.92356E-04
    7678.174    540.527  12.100  8.50870E-01  8.50399E-01  5.51927E-04
    7682.794    545.146  12.150  8.49325E-01  8.49074E-01  2.94300E-04
    7687.432    549.785  12.200  8.47862E-01  8.47750E-01  1.31092E-04
    7692.090    554.443  12.250  8.46528E-01  8.46426E-01  1.20715E-04
    7696.767    559.120  12.300  8.45318E-01  8.45101E-01  2.55239E-04
    7701.463    563.815  12.350  8.44175E-01  8.43777E-01  4.70123E-04
    7706.177    568.530  12.400  8.43021E-01  8.42453E-01  6.72027E-04
    7710.911    573.264  12.450  8.41782E-01  8.41128E-01  7.74425E-04
    7715.664    578.017  12.500  8.40418E-01  8.39804E-01  7.28696E-04
    7720.436    582.789  12.550  8.38935E-01  8.38480E-01  5.40577E-04
    7725.227    587.580  12.600  8.37380E-01  8.37155E-01  2.67103E-04
    7730.037    592.390  12.650  8.35828E-01  8.35831E-01 -4.14486E-06
    7734.867    597.219  12.700  8.34351E-01  8.34507E-01 -1.85883E-04
    7739.715    602.068  12.750  8.32997E-01  8.33182E-01 -2.21385E-04
    7744.582    606.935  12.800  8.31771E-01  8.31858E-01 -1.04008E-04
    7749.468    611.821  12.850  8.30634E-01  8.30534E-01  1.20297E-04
    7754.374    616.726  12.900  8.29516E-01  8.29209E-01  3.68051E-04
    7759.298    621.651  12.950  8.28338E-01  8.27885E-01  5.45596E-04
    7764.242    626.594  13.000  8.27041E-01  8.26561E-01  5.79610E-04
    7769.204    631.557  13.050  8.25553E-01  8.25192E-01  4.35061E-04
    7774.186    636.538  13.100  8.23934E-01  8.23824E-01  1.33428E-04
    7779.186    641.539  13.150  8.22245E-01  8.22456E-01 -2.55838E-04
    7784.206    646.559  13.200  8.20564E-01  8.21088E-01 -6.35575E-04
    7789.245    651.597  13.250  8.18971E-01  8.19720E-01 -9.09891E-04
    7794.302    656.655  13.300  8.17520E-01  8.18351E-01 -1.01253E-03
    7799.379    661.732  13.350  8.16224E-01  8.16983E-01 -9.25866E-04
    7804.475    666.828  13.400  8.15054E-01  8.15615E-01 -6.84835E-04
    7809.590    671.943  13.450  8.13949E-01  8.14247E-01 -3.64910E-04
    7814.724    677.077  13.500  8.12831E-01  8.12878E-01 -5.81679E-05
    7819.877    682.230  13.550  8.11636E-01  8.11510E-01  1.54899E-04
    7825.049    687.402  13.600  8.10328E-01  8.10142E-01  2.29082E-04
    7830.240    692.593  13.650  8.08909E-01  8.08774E-01  1.66529E-04
    7835.450    697.803  13.700  8.07417E-01  8.07406E-01  1.38497E-05
    7840.679    703.032  13.750  8.05913E-01  8.06037E-01 -1.54383E-04
    7845.928    708.280  13.800  8.04459E-01  8.04669E-01 -2.60218E-04
    7851.195    713.548  13.850  8.03102E-01  8.03301E-01 -2.47198E-04
    7856.481    718.834  13.900  8.01854E-01  8.01933E-01 -9.78872E-05
    7861.787    724.139  13.950  8.00694E-01  8.00565E-01  1.61052E-04
    7867.111    729.464  14.000  7.99571E-01  7.99196E-01  4.67334E-04
    7872.455    734.807  14.050  7.98359E-01  7.97758E-01  7.51674E-04
    7877.817    740.170  14.100  7.97068E-01  7.96319E-01  9.37015E-04
    7883.199    745.552  14.150  7.95657E-01  7.94881E-01  9.73812E-04
    7888.599    750.952  14.200  7.94118E-01  7.93442E-01  8.49832E-04
    7894.019    756.372  14.250  7.92474E-01  7.92004E-01  5.92149E-04
    7899.458    761.811  14.300  7.90770E-01  7.90565E-01  2.57972E-04
    7904.916    767.268  14.350  7.89061E-01  7.89126E-01 -8.24048E-05
    7910.393    772.745  14.400  7.87400E-01  7.87688E-01 -3.65058E-04
    7915.889    778.241  14.450  7.85817E-01  7.86249E-01 -5.48434E-04
    7921.403    783.756  14.500  7.84322E-01  7.84811E-01 -6.21428E-04
    7926.937    789.290  14.550  7.82900E-01  7.83372E-01 -6.01796E-04
    7932.491    794.843  14.600  7.81521E-01  7.81934E-01 -5.26211E-04
    7938.063    800.415  14.650  7.80154E-01  7.80495E-01 -4.35791E-04
    7943.654    806.007  14.700  7.78774E-01  7.79057E-01 -3.62037E-04
    7949.264    811.617  14.750  7.77371E-01  7.77618E-01 -3.17662E-04
    7954.893    817.246  14.800  7.75950E-01  7.76180E-01 -2.94896E-04
    7960.542    822.894  14.850  7.74530E-01  7.74741E-01 -2.71273E-04
    7966.209    828.562  14.900  7.73132E-01  7.73302E-01 -2.20439E-04
    7971.895    834.248  14.950  7.71768E-01  7.71864E-01 -1.24004E-04
    7977.601    839.953  15.000  7.70441E-01  7.70425E-01  1.97136E-05
