# # Once                                                         FEFF 9.6.4  
# # POT  SCF  30  6.0000   0, core-hole, AFOLP (folp(0)= 1.150)
# # Abs   Z=27 Rmt= 1.363 Rnm= 1.419 K  shell
# # Pot 1 Z=62 Rmt= 1.684 Rnm= 1.728
# # Pot 2 Z=27 Rmt= 1.370 Rnm= 1.425
# # Gam_ch=1.436E+00 H-L exch Vi= 0.000E+00 Vr= 0.000E+00
# # Mu=-1.659E+01 kf=1.974E+00 Vint=-2.493E+01 Rs_int= 1.837
# # PATH  Rmax= 6.000,  Keep_limit= 0.00, Heap_limit 0.00  Pwcrit= 2.50%
#  S02=1.000  Temp=   0.00  Debye_temp=   0.00  Global_sig2= 0.00000
#  Energy zero shift, vr, vi    0.00000E+00   0.00000E+00
#  Curved wave amplitude ratio filter   4.000%
#     file         sig2 tot  cw amp ratio   deg  nlegs   reff  inp sig2
#           1       0.00000    100.00      4.00     2   2.4522
#           2       0.00000     96.17      4.00     2   2.5010
#           3       0.00000     80.65      4.00     2   3.1911
#           4       0.00000     18.80     16.00     3   3.7027
#           5       0.00000     17.51      2.00     2   3.9640
#           6       0.00000     13.20     16.00     3   4.2656
#           7       0.00000     57.10      8.00     2   4.3039
#           8       0.00000     28.09      4.00     2   4.3319
#           9       0.00000      8.44      8.00     3   4.4342
#          10       0.00000     14.31     16.00     3   4.6285
#          11       0.00000     17.40     16.00     3   4.6286
#          13       0.00000      8.16      8.00     3   4.6669
#          14       0.00000     45.85      8.00     2   4.6870
#          15       0.00000     32.86      4.00     2   4.7638
#          16       0.00000     24.09     16.00     3   4.7957
#          17       0.00000     11.96      4.00     3   4.9044
#          18       0.00000     10.40      4.00     4   4.9044
#          19       0.00000      5.41      4.00     4   4.9044
#          20       0.00000      5.27      8.00     4   4.9044
#          21       0.00000      5.16     16.00     4   4.9532
#          22       0.00000      5.79     16.00     4   4.9532
#          23       0.00000     28.94      6.00     2   5.0020
#          24       0.00000     11.14      4.00     3   5.0020
#          25       0.00000     44.20      8.00     3   5.0020
#          26       0.00000      9.59      4.00     4   5.0020
#          27       0.00000      4.98      4.00     4   5.0020
#          28       0.00000     34.28      4.00     4   5.0020
#          29       0.00000     10.42      8.00     3   5.0519
#          30       0.00000     11.96     16.00     3   5.1915
#          31       0.00000     10.00     16.00     3   5.2279
#          32       0.00000     14.64     16.00     3   5.2279
#          33       0.00000     11.29     16.00     3   5.2739
#          34       0.00000      8.72     16.00     3   5.3571
#          35       0.00000     10.73     16.00     3   5.5347
#          36       0.00000     28.74      8.00     2   5.5707
#          37       0.00000      4.14     16.00     4   5.6433
#          38       0.00000     31.95     16.00     3   5.8249
#          39       0.00000     24.78      8.00     2   5.8718
#    38/  39 paths used
#  xsedge+50, used to normalize mu           2.9084E-04
#  -----------------------------------------------------------------------
#  omega    e    k    mu    mu0     chi     @#
    7718.296    -16.577   0.050  3.12216E-01  3.04929E-01  1.39412E-02
    7718.325    -16.549   0.100  3.15394E-01  3.09789E-01  1.07006E-02
    7718.372    -16.501   0.150  3.24667E-01  3.24225E-01  8.37445E-04
    7718.439    -16.435   0.200  3.34352E-01  3.38662E-01 -8.12779E-03
    7718.525    -16.349   0.250  3.49907E-01  3.61072E-01 -2.08403E-02
    7718.630    -16.244   0.300  3.66941E-01  3.83481E-01 -3.05691E-02
    7718.753    -16.120   0.350  3.91490E-01  4.09400E-01 -3.26527E-02
    7718.896    -15.977   0.400  4.19436E-01  4.35318E-01 -2.85711E-02
    7719.058    -15.815   0.450  4.54170E-01  4.60053E-01 -1.04081E-02
    7719.239    -15.634   0.500  4.91429E-01  4.84787E-01  1.15618E-02
    7719.439    -15.434   0.550  5.24423E-01  5.06681E-01  3.03023E-02
    7719.658    -15.215   0.600  5.55556E-01  5.28575E-01  4.52333E-02
    7719.896    -14.977   0.650  5.72539E-01  5.48166E-01  4.00250E-02
    7720.154    -14.720   0.700  5.83570E-01  5.67758E-01  2.54456E-02
    7720.430    -14.444   0.750  5.77852E-01  5.85945E-01 -1.27421E-02
    7720.725    -14.149   0.800  5.64308E-01  6.04132E-01 -6.13802E-02
    7721.039    -13.834   0.850  5.36562E-01  6.21531E-01 -1.28076E-01
    7721.373    -13.501   0.900  5.02777E-01  6.38929E-01 -2.00803E-01
    7721.725    -13.148   0.950  4.61209E-01  6.55830E-01 -2.80736E-01
    7722.097    -12.777   1.000  4.19615E-01  6.72731E-01 -3.57272E-01
    7722.487    -12.386   1.050  3.79828E-01  6.89192E-01 -4.27345E-01
    7722.897    -11.977   1.100  3.48429E-01  7.05654E-01 -4.83142E-01
    7723.325    -11.548   1.150  3.28589E-01  7.21587E-01 -5.20713E-01
    7723.773    -11.101   1.200  3.24436E-01  7.37521E-01 -5.36416E-01
    7724.240    -10.634   1.250  3.37807E-01  7.52759E-01 -5.28599E-01
    7724.725    -10.148   1.300  3.69657E-01  7.67998E-01 -4.97973E-01
    7725.230     -9.643   1.350  4.19045E-01  7.82370E-01 -4.46304E-01
    7725.754     -9.119   1.400  4.83814E-01  7.96742E-01 -3.77830E-01
    7726.297     -8.577   1.450  5.60403E-01  8.10051E-01 -2.96727E-01
    7726.859     -8.015   1.500  6.44151E-01  8.23360E-01 -2.09734E-01
    7727.440     -7.434   1.550  7.30191E-01  8.35464E-01 -1.21519E-01
    7728.040     -6.833   1.600  8.12639E-01  8.47567E-01 -3.97747E-02
    7728.659     -6.214   1.650  8.86961E-01  8.58324E-01  3.22290E-02
    7729.297     -5.576   1.700  9.48430E-01  8.69082E-01  8.82680E-02
    7729.955     -4.919   1.750  9.94330E-01  8.78430E-01  1.27670E-01
    7730.631     -4.243   1.800  1.02368E+00  8.87779E-01  1.48257E-01
    7731.326     -3.547   1.850  1.03639E+00  8.95678E-01  1.52293E-01
    7732.041     -2.833   1.900  1.03598E+00  9.03577E-01  1.42184E-01
    7732.774     -2.100   1.950  1.02415E+00  9.09974E-01  1.21864E-01
    7733.527     -1.347   2.000  1.00829E+00  9.16371E-01  9.75107E-02
    7734.298     -0.576   2.050  9.93841E-01  9.20707E-01  7.73004E-02
    7735.089      0.215   2.100  9.83399E-01  9.25044E-01  6.14529E-02
    7735.898      1.025   2.150  9.77033E-01  9.29381E-01  4.99989E-02
    7736.727      1.853   2.200  9.73519E-01  9.33718E-01  4.16096E-02
    7737.575      2.701   2.250  9.68754E-01  9.36092E-01  3.41493E-02
    7738.441      3.568   2.300  9.61831E-01  9.38466E-01  2.44320E-02
    7739.327      4.454   2.350  9.53199E-01  9.40840E-01  1.29246E-02
    7740.232      5.359   2.400  9.44847E-01  9.43213E-01  1.70836E-03
    7741.156      6.282   2.450  9.43535E-01  9.48032E-01 -4.69617E-03
    7742.099      7.225   2.500  9.44183E-01  9.52850E-01 -9.03993E-03
    7743.061      8.187   2.550  9.47002E-01  9.57669E-01 -1.11096E-02
    7744.042      9.169   2.600  9.51731E-01  9.62487E-01 -1.11877E-02
    7745.042     10.169   2.650  9.52995E-01  9.65379E-01 -1.28472E-02
    7746.061     11.188   2.700  9.56064E-01  9.68271E-01 -1.26307E-02
    7747.100     12.226   2.750  9.60878E-01  9.71163E-01 -1.06136E-02
    7748.157     13.283   2.800  9.67132E-01  9.74055E-01 -7.12554E-03
    7749.233     14.360   2.850  9.71649E-01  9.75887E-01 -4.35175E-03
    7750.329     15.455   2.900  9.76678E-01  9.77719E-01 -1.06683E-03
    7751.443     16.569   2.950  9.81845E-01  9.79552E-01  2.34341E-03
    7752.576     17.703   3.000  9.86822E-01  9.81384E-01  5.54221E-03
    7753.729     18.855   3.050  9.88589E-01  9.82803E-01  5.88586E-03
    7754.901     20.027   3.100  9.90335E-01  9.84222E-01  6.20720E-03
    7756.091     21.218   3.150  9.92625E-01  9.85640E-01  7.07876E-03
    7757.301     22.427   3.200  9.95967E-01  9.87059E-01  9.01086E-03
    7758.530     23.656   3.250  9.98824E-01  9.87551E-01  1.13851E-02
    7759.777     24.904   3.300  1.00398E+00  9.88042E-01  1.60676E-02
    7761.044     26.171   3.350  1.01106E+00  9.88534E-01  2.26750E-02
    7762.330     27.456   3.400  1.01925E+00  9.89025E-01  3.03807E-02
    7763.635     28.761   3.450  1.02820E+00  9.89730E-01  3.86160E-02
    7764.959     30.085   3.500  1.03613E+00  9.90435E-01  4.58191E-02
    7766.302     31.428   3.550  1.04146E+00  9.91140E-01  5.04084E-02
    7767.664     32.790   3.600  1.04314E+00  9.91845E-01  5.13199E-02
    7769.045     34.172   3.650  1.03999E+00  9.92106E-01  4.78489E-02
    7770.445     35.572   3.700  1.03264E+00  9.92368E-01  4.01988E-02
    7771.865     36.991   3.750  1.02189E+00  9.92629E-01  2.91632E-02
    7773.303     38.429   3.800  1.00901E+00  9.92891E-01  1.60451E-02
    7774.760     39.886   3.850  9.95945E-01  9.93589E-01  2.34310E-03
    7776.236     41.363   3.900  9.83672E-01  9.94287E-01 -1.05458E-02
    7777.732     42.858   3.950  9.73214E-01  9.94985E-01 -2.16048E-02
    7779.246     44.373   4.000  9.65036E-01  9.95683E-01 -3.03793E-02
    7780.780     45.906   4.050  9.58786E-01  9.96199E-01 -3.70434E-02
    7782.332     47.459   4.100  9.54058E-01  9.96715E-01 -4.21863E-02
    7783.904     49.030   4.150  9.50096E-01  9.97231E-01 -4.65608E-02
    7785.495     50.621   4.200  9.46198E-01  9.97747E-01 -5.08615E-02
    7787.104     52.231   4.250  9.42118E-01  9.98414E-01 -5.54870E-02
    7788.733     53.860   4.300  9.37986E-01  9.99082E-01 -6.01545E-02
    7790.381     55.507   4.350  9.34333E-01  9.99749E-01 -6.43406E-02
    7792.048     57.174   4.400  9.32032E-01  1.00042E+00 -6.71901E-02
    7793.734     58.860   4.450  9.32484E-01  1.00111E+00 -6.73719E-02
    7795.439     60.565   4.500  9.36129E-01  1.00181E+00 -6.44230E-02
    7797.163     62.289   4.550  9.43455E-01  1.00251E+00 -5.78706E-02
    7798.906     64.032   4.600  9.54537E-01  1.00320E+00 -4.76528E-02
    7800.668     65.794   4.650  9.68783E-01  1.00362E+00 -3.40924E-02
    7802.449     67.576   4.700  9.85648E-01  1.00404E+00 -1.79873E-02
    7804.249     69.376   4.750  1.00436E+00  1.00446E+00 -9.19998E-05
    7806.069     71.195   4.800  1.02418E+00  1.00488E+00  1.88557E-02
    7807.907     73.033   4.850  1.04436E+00  1.00518E+00  3.82619E-02
    7809.764     74.891   4.900  1.06444E+00  1.00547E+00  5.75634E-02
    7811.641     76.767   4.950  1.08393E+00  1.00577E+00  7.62653E-02
    7813.536     78.663   5.000  1.10214E+00  1.00607E+00  9.37170E-02
    7815.451     80.577   5.050  1.11771E+00  1.00610E+00  1.08869E-01
    7817.384     82.511   5.100  1.12973E+00  1.00614E+00  1.20550E-01
    7819.337     84.463   5.150  1.13633E+00  1.00617E+00  1.26957E-01
    7821.309     86.435   5.200  1.13570E+00  1.00620E+00  1.26296E-01
    7823.299     88.426   5.250  1.12592E+00  1.00595E+00  1.17056E-01
    7825.309     90.435   5.300  1.10661E+00  1.00569E+00  9.85041E-02
    7827.338     92.464   5.350  1.07805E+00  1.00544E+00  7.09003E-02
    7829.386     94.512   5.400  1.04185E+00  1.00518E+00  3.58182E-02
    7831.453     96.579   5.450  1.00066E+00  1.00468E+00 -3.92846E-03
    7833.539     98.665   5.500  9.58855E-01  1.00417E+00 -4.43208E-02
    7835.644    100.770   5.550  9.20855E-01  1.00367E+00 -8.10454E-02
    7837.768    102.894   5.600  8.90735E-01  1.00316E+00 -1.10101E-01
    7839.911    105.037   5.650  8.71413E-01  1.00241E+00 -1.28394E-01
    7842.073    107.199   5.700  8.64414E-01  1.00165E+00 -1.34630E-01
    7844.254    109.381   5.750  8.69128E-01  1.00090E+00 -1.29376E-01
    7846.454    111.581   5.800  8.83173E-01  1.00014E+00 -1.14944E-01
    7848.674    113.800   5.850  9.03079E-01  9.99275E-01 -9.46358E-02
    7850.912    116.039   5.900  9.24485E-01  9.98409E-01 -7.28060E-02
    7853.170    118.296   5.950  9.43684E-01  9.97543E-01 -5.31030E-02
    7855.446    120.572   6.000  9.58187E-01  9.96676E-01 -3.79913E-02
    7857.742    122.868   6.050  9.67218E-01  9.95677E-01 -2.81269E-02
    7860.056    125.183   6.100  9.71709E-01  9.94679E-01 -2.27291E-02
    7862.390    127.516   6.150  9.74120E-01  9.93680E-01 -1.93794E-02
    7864.742    129.869   6.200  9.77626E-01  9.92681E-01 -1.49344E-02
    7867.114    132.241   6.250  9.85268E-01  9.91682E-01 -6.37096E-03
    7869.505    134.631   6.300  9.99127E-01  9.90683E-01  8.39808E-03
    7871.915    137.041   6.350  1.01973E+00  9.89684E-01  2.99221E-02
    7874.344    139.470   6.400  1.04581E+00  9.88685E-01  5.69539E-02
    7876.791    141.918   6.450  1.07442E+00  9.87686E-01  8.65865E-02
    7879.258    144.385   6.500  1.10148E+00  9.86687E-01  1.14747E-01
    7881.744    146.871   6.550  1.12214E+00  9.85747E-01  1.36508E-01
    7884.250    149.376   6.600  1.13242E+00  9.84806E-01  1.47916E-01
    7886.774    151.900   6.650  1.12963E+00  9.83866E-01  1.46247E-01
    7889.317    154.443   6.700  1.11291E+00  9.82925E-01  1.30575E-01
    7891.879    157.005   6.750  1.08336E+00  9.81984E-01  1.01963E-01
    7894.460    159.587   6.800  1.04391E+00  9.81044E-01  6.33142E-02
    7897.061    162.187   6.850  9.98874E-01  9.80103E-01  1.89270E-02
    7899.680    164.806   6.900  9.53261E-01  9.79163E-01 -2.61499E-02
    7902.318    167.445   6.950  9.12085E-01  9.78222E-01 -6.68539E-02
    7904.976    170.102   7.000  8.79650E-01  9.77282E-01 -9.88141E-02
    7907.652    172.779   7.050  8.59156E-01  9.76449E-01 -1.18854E-01
    7910.348    175.474   7.100  8.51967E-01  9.75616E-01 -1.25443E-01
    7913.063    178.189   7.150  8.57616E-01  9.74783E-01 -1.19008E-01
    7915.796    180.923   7.200  8.73984E-01  9.73950E-01 -1.01658E-01
    7918.549    183.675   7.250  8.97647E-01  9.73118E-01 -7.68390E-02
    7921.321    186.447   7.300  9.24408E-01  9.72285E-01 -4.88033E-02
    7924.111    189.238   7.350  9.49922E-01  9.71452E-01 -2.19728E-02
    7926.921    192.048   7.400  9.70360E-01  9.70619E-01 -2.64224E-04
    7929.750    194.877   7.450  9.83005E-01  9.69786E-01  1.35230E-02
    7932.598    197.725   7.500  9.86686E-01  9.68953E-01  1.81623E-02
    7935.465    200.592   7.550  9.81996E-01  9.68071E-01  1.42816E-02
    7938.351    203.478   7.600  9.71112E-01  9.67188E-01  4.02945E-03
    7941.256    206.383   7.650  9.57529E-01  9.66305E-01 -9.02412E-03
    7944.181    209.307   7.700  9.45337E-01  9.65423E-01 -2.06791E-02
    7947.124    212.250   7.750  9.38412E-01  9.64540E-01 -2.69344E-02
    7950.086    215.212   7.800  9.39612E-01  9.63657E-01 -2.48200E-02
    7953.067    218.194   7.850  9.50136E-01  9.62775E-01 -1.30624E-02
    7956.068    221.194   7.900  9.69202E-01  9.61892E-01  7.56567E-03
    7959.087    224.214   7.950  9.94110E-01  9.61009E-01  3.43022E-02
    7962.126    227.252   8.000  1.02072E+00  9.60126E-01  6.28695E-02
    7965.183    230.310   8.050  1.04393E+00  9.59124E-01  8.81221E-02
    7968.260    233.386   8.100  1.05941E+00  9.58121E-01  1.05396E-01
    7971.355    236.482   8.150  1.06391E+00  9.57118E-01  1.11274E-01
    7974.470    239.596   8.200  1.05605E+00  9.56115E-01  1.04270E-01
    7977.604    242.730   8.250  1.03656E+00  9.55113E-01  8.51000E-02
    7980.756    245.883   8.300  1.00812E+00  9.54110E-01  5.65128E-02
    7983.928    249.055   8.350  9.74780E-01  9.53107E-01  2.27084E-02
    7987.119    252.245   8.400  9.41130E-01  9.52104E-01 -1.15146E-02
    7990.329    255.455   8.450  9.11424E-01  9.51102E-01 -4.16889E-02
    7993.558    258.684   8.500  8.88818E-01  9.50099E-01 -6.44781E-02
    7996.806    261.932   8.550  8.74887E-01  9.49030E-01 -7.81092E-02
    8000.073    265.199   8.600  8.69528E-01  9.47961E-01 -8.27333E-02
    8003.359    268.486   8.650  8.71274E-01  9.46892E-01 -7.98648E-02
    8006.664    271.791   8.700  8.77861E-01  9.45822E-01 -7.18692E-02
    8009.989    275.115   8.750  8.86873E-01  9.44753E-01 -6.12861E-02
    8013.332    278.458   8.800  8.96310E-01  9.43684E-01 -5.02263E-02
    8016.694    281.820   8.850  9.04948E-01  9.42615E-01 -3.99857E-02
    8020.075    285.202   8.900  9.12433E-01  9.41546E-01 -3.09445E-02
    8023.476    288.602   8.950  9.19110E-01  9.40477E-01 -2.27396E-02
    8026.895    292.022   9.000  9.25683E-01  9.39408E-01 -1.46252E-02
    8030.334    295.460   9.050  9.32766E-01  9.38338E-01 -5.94351E-03
    8033.791    298.918   9.100  9.40745E-01  9.37268E-01  3.71385E-03
    8037.268    302.394   9.150  9.49401E-01  9.36197E-01  1.41140E-02
    8040.764    305.890   9.200  9.58031E-01  9.35127E-01  2.45081E-02
    8044.278    309.405   9.250  9.65667E-01  9.34057E-01  3.38595E-02
    8047.812    312.939   9.300  9.71375E-01  9.32987E-01  4.11642E-02
    8051.365    316.491   9.350  9.74538E-01  9.31917E-01  4.57505E-02
    8054.937    320.063   9.400  9.75011E-01  9.30847E-01  4.74570E-02
    8058.528    323.654   9.450  9.73130E-01  9.29777E-01  4.66350E-02
    8062.138    327.264   9.500  9.69548E-01  9.28707E-01  4.39785E-02
    8065.767    330.893   9.550  9.65126E-01  9.27721E-01  4.03175E-02
    8069.415    334.541   9.600  9.60240E-01  9.26734E-01  3.61489E-02
    8073.082    338.208   9.650  9.54995E-01  9.25748E-01  3.15835E-02
    8076.768    341.894   9.700  9.49055E-01  9.24762E-01  2.62596E-02
    8080.473    345.600   9.750  9.41798E-01  9.23775E-01  1.94998E-02
    8084.197    349.324   9.800  9.32593E-01  9.22789E-01  1.06182E-02
    8087.941    353.067   9.850  9.21137E-01  9.21803E-01 -7.21470E-04
    8091.703    356.830   9.900  9.07718E-01  9.20816E-01 -1.42128E-02
    8095.485    360.611   9.950  8.93329E-01  9.19830E-01 -2.87839E-02
    8099.285    364.411  10.000  8.79566E-01  9.18844E-01 -4.27012E-02
    8103.105    368.231  10.050  8.68217E-01  9.17774E-01 -5.39351E-02
    8106.943    372.069  10.100  8.61108E-01  9.16703E-01 -6.05727E-02
    8110.801    375.927  10.150  8.59470E-01  9.15633E-01 -6.12587E-02
    8114.677    379.804  10.200  8.63655E-01  9.14563E-01 -5.55869E-02
    8118.573    383.699  10.250  8.73006E-01  9.13493E-01 -4.42571E-02
    8122.488    387.614  10.300  8.85950E-01  9.12423E-01 -2.89690E-02
    8126.422    391.548  10.350  9.00329E-01  9.11353E-01 -1.20770E-02
    8130.375    395.501  10.400  9.13848E-01  9.10283E-01  3.91027E-03
    8134.346    399.473  10.450  9.24566E-01  9.09213E-01  1.68558E-02
    8138.337    403.464  10.500  9.31265E-01  9.08143E-01  2.54136E-02
    8142.347    407.474  10.550  9.33645E-01  9.07073E-01  2.92380E-02
    8146.376    411.503  10.600  9.32276E-01  9.06003E-01  2.89409E-02
    8150.425    415.551  10.650  9.28348E-01  9.04933E-01  2.58212E-02
    8154.492    419.618  10.700  9.23295E-01  9.03862E-01  2.14529E-02
    8158.578    423.704  10.750  9.18403E-01  9.02792E-01  1.72522E-02
    8162.683    427.810  10.800  9.14503E-01  9.01722E-01  1.41400E-02
    8166.807    431.934  10.850  9.11835E-01  9.00652E-01  1.23862E-02
    8170.951    436.077  10.900  9.10100E-01  8.99582E-01  1.16622E-02
    8175.113    440.240  10.950  9.08662E-01  8.98512E-01  1.12675E-02
    8179.295    444.421  11.000  9.06843E-01  8.97442E-01  1.04475E-02
    8183.495    448.622  11.050  9.04033E-01  8.96216E-01  8.69813E-03
    8187.715    452.841  11.100  9.00250E-01  8.94990E-01  5.86108E-03
    8191.953    457.080  11.150  8.95909E-01  8.93765E-01  2.39306E-03
    8196.211    461.337  11.200  8.91714E-01  8.92539E-01 -9.21034E-04
    8200.488    465.614  11.250  8.88405E-01  8.91313E-01 -3.25339E-03
    8204.783    469.910  11.300  8.86478E-01  8.90087E-01 -4.04285E-03
    8209.098    474.225  11.350  8.85986E-01  8.88861E-01 -3.22582E-03
    8213.432    478.559  11.400  8.86469E-01  8.87635E-01 -1.31027E-03
    8217.785    482.911  11.450  8.87065E-01  8.86410E-01  7.36647E-04
    8222.157    487.283  11.500  8.86746E-01  8.85184E-01  1.75908E-03
    8226.548    491.674  11.550  8.84635E-01  8.83958E-01  7.63591E-04
    8230.958    496.084  11.600  8.80295E-01  8.82732E-01 -2.75313E-03
    8235.387    500.514  11.650  8.73904E-01  8.81506E-01 -8.59894E-03
    8239.835    504.962  11.700  8.66270E-01  8.80281E-01 -1.58686E-02
    8244.303    509.429  11.750  8.58665E-01  8.79055E-01 -2.31256E-02
    8248.789    513.915  11.800  8.52525E-01  8.77829E-01 -2.87377E-02
    8253.294    518.421  11.850  8.49100E-01  8.76603E-01 -3.12783E-02
    8257.818    522.945  11.900  8.49136E-01  8.75377E-01 -2.98841E-02
    8262.362    527.488  11.950  8.52690E-01  8.74152E-01 -2.44752E-02
    8266.924    532.051  12.000  8.59109E-01  8.72926E-01 -1.57781E-02
    8271.506    536.632  12.050  8.67340E-01  8.71672E-01 -4.95353E-03
    8276.106    541.233  12.100  8.75790E-01  8.70417E-01  6.15327E-03
    8280.726    545.852  12.150  8.83003E-01  8.69163E-01  1.58720E-02
    8285.365    550.491  12.200  8.87906E-01  8.67909E-01  2.29669E-02
    8290.022    555.149  12.250  8.90016E-01  8.66655E-01  2.68693E-02
    8294.699    559.826  12.300  8.89470E-01  8.65401E-01  2.77228E-02
    8299.395    564.521  12.350  8.86897E-01  8.64146E-01  2.62419E-02
    8304.110    569.236  12.400  8.83180E-01  8.62892E-01  2.34348E-02
    8308.844    573.970  12.450  8.79167E-01  8.61638E-01  2.02771E-02
    8313.597    578.723  12.500  8.75433E-01  8.60384E-01  1.74333E-02
    8318.369    583.495  12.550  8.72146E-01  8.59129E-01  1.51005E-02
    8323.160    588.286  12.600  8.69076E-01  8.57875E-01  1.30133E-02
    8327.970    593.096  12.650  8.65730E-01  8.56621E-01  1.05978E-02
    8332.799    597.925  12.700  8.61564E-01  8.55367E-01  7.22024E-03
    8337.647    602.774  12.750  8.56213E-01  8.54113E-01  2.45097E-03
    8342.514    607.641  12.800  8.49659E-01  8.52858E-01 -3.73850E-03
    8347.401    612.527  12.850  8.42288E-01  8.51604E-01 -1.09023E-02
    8352.306    617.432  12.900  8.34827E-01  8.50350E-01 -1.81920E-02
    8357.230    622.357  12.950  8.28179E-01  8.49096E-01 -2.45490E-02
    8362.174    627.300  13.000  8.23202E-01  8.47842E-01 -2.89614E-02
    8367.136    632.263  13.050  8.20365E-01  8.46527E-01 -3.07999E-02
    8372.118    637.244  13.100  8.20037E-01  8.45213E-01 -2.96847E-02
    8377.119    642.245  13.150  8.22019E-01  8.43899E-01 -2.58391E-02
    8382.138    647.265  13.200  8.25745E-01  8.42585E-01 -1.99187E-02
    8387.177    652.303  13.250  8.30439E-01  8.41271E-01 -1.28322E-02
    8392.235    657.361  13.300  8.35308E-01  8.39957E-01 -5.51554E-03
    8397.312    662.438  13.350  8.39714E-01  8.38643E-01  1.27310E-03
    8402.407    667.534  13.400  8.43280E-01  8.37328E-01  7.08359E-03
    8407.522    672.649  13.450  8.45910E-01  8.36014E-01  1.17970E-02
    8412.656    677.783  13.500  8.47719E-01  8.34700E-01  1.55457E-02
    8417.809    682.936  13.550  8.48908E-01  8.33386E-01  1.85635E-02
    8422.981    688.108  13.600  8.49620E-01  8.32072E-01  2.10202E-02
    8428.172    693.299  13.650  8.49842E-01  8.30758E-01  2.28965E-02
    8433.383    698.509  13.700  8.49367E-01  8.29444E-01  2.39418E-02
    8438.612    703.738  13.750  8.47845E-01  8.28129E-01  2.37297E-02
    8443.860    708.986  13.800  8.44895E-01  8.26815E-01  2.17960E-02
    8449.127    714.254  13.850  8.40257E-01  8.25501E-01  1.78176E-02
    8454.414    719.540  13.900  8.33925E-01  8.24187E-01  1.17768E-02
    8459.719    724.845  13.950  8.26224E-01  8.22873E-01  4.05961E-03
    8465.044    730.170  14.000  8.17811E-01  8.21559E-01 -4.54783E-03
    8470.387    735.513  14.050  8.09515E-01  8.20193E-01 -1.29784E-02
    8475.750    740.876  14.100  8.02339E-01  8.18828E-01 -2.00751E-02
    8481.131    746.258  14.150  7.97119E-01  8.17463E-01 -2.48106E-02
    8486.532    751.658  14.200  7.94397E-01  8.16097E-01 -2.65103E-02
    8491.952    757.078  14.250  7.94309E-01  8.14732E-01 -2.49928E-02
    8497.390    762.517  14.300  7.96558E-01  8.13367E-01 -2.06054E-02
    8502.848    767.974  14.350  8.00479E-01  8.12001E-01 -1.41491E-02
    8508.325    773.451  14.400  8.05178E-01  8.10636E-01 -6.71336E-03
    8513.821    778.947  14.450  8.09708E-01  8.09270E-01  5.39116E-04
    8519.336    784.462  14.500  8.13241E-01  8.07905E-01  6.58605E-03
    8524.870    789.996  14.550  8.15205E-01  8.06540E-01  1.07143E-02
    8530.423    795.549  14.600  8.15356E-01  8.05174E-01  1.26120E-02
    8535.995    801.121  14.650  8.13781E-01  8.03809E-01  1.23737E-02
    8541.586    806.712  14.700  8.10834E-01  8.02443E-01  1.04296E-02
    8547.196    812.323  14.750  8.07039E-01  8.01078E-01  7.42171E-03
    8552.826    817.952  14.800  8.02969E-01  7.99713E-01  4.06197E-03
    8558.474    823.600  14.850  7.99147E-01  7.98347E-01  9.99511E-04
    8564.141    829.268  14.900  7.95961E-01  7.96982E-01 -1.27823E-03
    8569.828    834.954  14.950  7.93622E-01  7.95617E-01 -2.50086E-03
    8575.533    840.659  15.000  7.92160E-01  7.94251E-01 -2.62617E-03
