# # Once                                                         FEFF 9.6.4  
# # POT  SCF 100  5.0000   0, core-hole, AFOLP (folp(0)= 1.150)
# # Abs   Z=26 Rmt= 1.357 Rnm= 1.407 K  shell
# # Pot 1 Z=57 Rmt= 1.836 Rnm= 1.836
# # Pot 2 Z=14 Rmt= 1.347 Rnm= 1.400
# # Pot 3 Z=26 Rmt= 1.368 Rnm= 1.422
# # Gam_ch=1.309E+00 H-L exch Vi= 0.000E+00 Vr= 0.000E+00
# # Mu=-1.717E+01 kf=2.098E+00 Vint=-2.591E+01 Rs_int= 1.728
# # PATH  Rmax= 8.000,  Keep_limit= 0.00, Heap_limit 0.00  Pwcrit= 2.50%
#  S02=1.000  Temp=   0.00  Debye_temp=   0.00  Global_sig2= 0.00000
#  Energy zero shift, vr, vi    0.00000E+00   0.00000E+00
#  Curved wave amplitude ratio filter   4.000%
#     file         sig2 tot  cw amp ratio   deg  nlegs   reff  inp sig2
#           1       0.00000    100.00      1.00     2   2.4470
#           2       0.00000     99.80      1.00     2   2.4495
#           3       0.00000     98.86      1.00     2   2.4613
#           4       0.00000     98.70      1.00     2   2.4633
#           5       0.00000     98.09      1.00     2   2.4710
#           6       0.00000     94.81      1.00     2   2.5338
#           7       0.00000     92.80      1.00     2   2.5414
#           8       0.00000    179.30      2.00     2   2.5861
#           9       0.00000     88.78      1.00     2   2.5990
#          10       0.00000     81.70      1.00     2   3.3227
#          11       0.00000     80.60      1.00     2   3.3448
#          12       0.00000     49.36      1.00     2   3.4334
#          13       0.00000      8.11      2.00     3   3.7025
#          14       0.00000     10.59      2.00     3   3.7050
#          15       0.00000      7.83      2.00     3   3.7215
#          16       0.00000      9.53      2.00     3   3.7274
#          17       0.00000     10.53      2.00     3   3.7337
#          18       0.00000      8.08      2.00     3   3.7343
#          19       0.00000      9.59      2.00     3   3.7472
#          20       0.00000      9.82      2.00     3   3.7472
#          21       0.00000     19.11      4.00     3   3.7563
#          22       0.00000      9.50      2.00     3   3.7633
#          23       0.00000      9.59      2.00     3   3.7653
#          24       0.00000      8.34      2.00     3   3.8633
#          25       0.00000     37.32      1.00     2   3.8713
#          26       0.00000     32.78      1.00     2   4.0842
#          27       0.00000     24.48      1.00     2   4.1079
#          28       0.00000     31.57      1.00     2   4.1470
#          29       0.00000     23.79      1.00     2   4.1478
#          30       0.00000      7.96      2.00     3   4.1478
#          31       0.00000     31.30      1.00     2   4.1612
#          32       0.00000      7.68      2.00     3   4.1639
#          33       0.00000     61.71      2.00     2   4.1855
#          34       0.00000     30.81      1.00     2   4.1880
#          35       0.00000     30.76      1.00     2   4.1907
#          36       0.00000     30.74      1.00     2   4.1920
#          37       0.00000     30.56      1.00     2   4.2017
#          38       0.00000     30.41      1.00     2   4.2102
#          39       0.00000     29.67      1.00     2   4.2521
#          40       0.00000      9.46      2.00     3   4.3852
#          41       0.00000      9.37      2.00     3   4.3885
#          42       0.00000      6.26      2.00     3   4.4036
#          43       0.00000      7.13      2.00     3   4.4896
#          44       0.00000     25.61      1.00     2   4.5072
#          45       0.00000     10.51      2.00     3   4.5077
#          46       0.00000      7.00      2.00     3   4.5095
#          47       0.00000     25.55      1.00     2   4.5118
#          48       0.00000     25.36      1.00     2   4.5248
#          49       0.00000     18.16      1.00     2   4.5444
#          50       0.00000      8.79      2.00     3   4.5540
#          51       0.00000      4.64      2.00     3   4.5571
#          52       0.00000      9.83      2.00     3   4.5608
#          53       0.00000      9.84      2.00     3   4.5614
#          54       0.00000     24.77      1.00     2   4.5667
#          55       0.00000      5.71      2.00     3   4.5693
#          56       0.00000      9.55      2.00     3   4.5743
#          57       0.00000     24.64      1.00     2   4.5758
#          58       0.00000      5.01      2.00     3   4.5780
#          59       0.00000      9.12      2.00     3   4.5816
#          60       0.00000      9.21      2.00     3   4.5939
#          61       0.00000      9.05      2.00     3   4.5949
#          62       0.00000     14.53      2.00     3   4.5968
#          63       0.00000      8.98      2.00     3   4.5975
#          64       0.00000      9.05      2.00     3   4.5982
#          65       0.00000      6.10      2.00     3   4.5995
#          66       0.00000      5.76      2.00     3   4.6092
#          67       0.00000      8.65      2.00     3   4.6092
#          68       0.00000      8.80      2.00     3   4.6108
#          69       0.00000     24.12      1.00     2   4.6137
#          70       0.00000     24.09      1.00     2   4.6159
#          71       0.00000      5.41      2.00     3   4.6171
#          72       0.00000      6.04      2.00     3   4.6217
#          73       0.00000      8.94      2.00     3   4.6217
#          74       0.00000      8.65      2.00     3   4.6264
#          75       0.00000      5.94      2.00     3   4.6288
#          76       0.00000      9.14      2.00     3   4.6285
#          77       0.00000      8.80      2.00     3   4.6288
#          78       0.00000      8.42      2.00     3   4.6373
#          79       0.00000     12.61      2.00     3   4.6405
#          80       0.00000      6.16      2.00     3   4.6439
#          81       0.00000      8.98      2.00     3   4.6439
#          82       0.00000     11.34      2.00     3   4.6703
#          83       0.00000     14.54      2.00     3   4.6941
#          84       0.00000     14.14      2.00     3   4.7111
#          85       0.00000     11.11      2.00     3   4.7168
#          86       0.00000      7.36      2.00     3   4.7238
#          87       0.00000     22.90      2.00     3   4.7274
#          88       0.00000     14.36      2.00     3   4.7297
#          89       0.00000     11.27      2.00     3   4.7315
#          90       0.00000     12.42      2.00     3   4.7876
#          91       0.00000     10.57      2.00     3   4.7976
#          92       0.00000      9.68      2.00     3   4.8247
#          93       0.00000     12.38      2.00     3   4.8247
#          94       0.00000     12.00      2.00     3   4.8264
#          95       0.00000     21.24      1.00     2   4.8455
#          96       0.00000     38.69      2.00     3   4.8684
#          97       0.00000     22.04      2.00     3   4.8913
#          98       0.00000     19.81      1.00     4   4.8914
#         100       0.00000      5.87      1.00     4   4.8941
#         101       0.00000      5.85      1.00     4   4.8989
#         103       0.00000     16.70      2.00     4   4.9128
#         105       0.00000      5.73      1.00     4   4.9226
#         106       0.00000      5.71      1.00     4   4.9266
#         107       0.00000     20.29      1.00     2   4.9309
#         108       0.00000     51.12      2.00     3   4.9309
#         109       0.00000     41.70      1.00     4   4.9309
#         110       0.00000      5.63      1.00     4   4.9421
#         111       0.00000     20.12      1.00     2   4.9460
#         112       0.00000      5.59      1.00     4   4.9475
#         113       0.00000     20.02      1.00     2   4.9559
#         114       0.00000     52.68      2.00     3   4.9668
#         115       0.00000     19.94      2.00     3   4.9718
#         116       0.00000     33.02      2.00     3   4.9848
#         117       0.00000     33.14      1.00     4   4.9876
#         119       0.00000     19.58      1.00     2   4.9971
#         120       0.00000     19.57      1.00     2   4.9981
#         121       0.00000     13.43      2.00     4   5.0027
#         122       0.00000     19.28      2.00     3   5.0140
#         123       0.00000     15.06      1.00     4   5.0137
#         124       0.00000     19.27      1.00     2   5.0280
#         125       0.00000     19.32      2.00     3   5.0276
#         126       0.00000     31.51      2.00     3   5.0276
#         127       0.00000     28.67      2.00     3   5.0336
#         129       0.00000     12.75      2.00     4   5.0460
#         130       0.00000     35.46      2.00     3   5.0485
#         131       0.00000      6.30      4.00     4   5.0494
#         132       0.00000     13.15      2.00     4   5.0572
#         133       0.00000     14.03      1.00     4   5.0572
#         135       0.00000     18.82      1.00     4   5.0689
#         136       0.00000     11.29      1.00     4   5.0700
#         137       0.00000      5.00      1.00     4   5.0828
#         138       0.00000     18.65      1.00     2   5.0903
#         139       0.00000     29.89      2.00     3   5.1206
#         140       0.00000     29.66      1.00     2   5.1227
#         141       0.00000     29.50      1.00     2   5.1342
#         142       0.00000     13.32      1.00     4   5.1510
#         143       0.00000      9.30      2.00     4   5.1722
#         144       0.00000      4.55      1.00     4   5.1980
#         145       0.00000     16.13      1.00     2   5.3721
#         146       0.00000      5.05      2.00     3   5.3725
#         147       0.00000     16.07      1.00     2   5.3791
#         148       0.00000      4.93      2.00     3   5.3801
#         149       0.00000     15.98      1.00     2   5.3908
#         150       0.00000     10.70      1.00     2   5.4069
#         151       0.00000      5.82      2.00     3   5.4520
#         152       0.00000      8.77      2.00     3   5.4517
#         153       0.00000      8.65      2.00     3   5.4675
#         154       0.00000      4.86      2.00     3   5.4912
#         155       0.00000      5.92      2.00     3   5.4960
#         156       0.00000      4.55      2.00     3   5.5020
#         157       0.00000     13.94      2.00     3   5.5194
#         158       0.00000      4.49      2.00     3   5.5200
#         159       0.00000      4.82      2.00     3   5.5215
#         160       0.00000      7.93      2.00     3   5.5215
#         162       0.00000      5.83      2.00     3   5.6775
#         163       0.00000      4.28      2.00     3   5.6958
#         164       0.00000      4.82      2.00     3   5.6958
#         165       0.00000     13.71      1.00     2   5.7002
#         166       0.00000     26.98      2.00     2   5.7344
#         167       0.00000     13.19      1.00     2   5.7802
#         168       0.00000     13.14      1.00     2   5.7893
#         169       0.00000      9.11      2.00     3   5.7973
#         170       0.00000      7.71      2.00     3   5.8006
#         171       0.00000      8.58      1.00     2   5.8034
#         172       0.00000     12.92      1.00     2   5.8234
#         173       0.00000     13.65      2.00     3   5.8741
#         174       0.00000     10.03      2.00     4   5.8786
#         175       0.00000     20.57      1.00     2   5.8936
#         176       0.00000     42.61      2.00     3   5.8945
#         177       0.00000     28.46      1.00     4   5.8954
#         178       0.00000      8.16      1.00     2   5.8965
#         180       0.00000     20.48      1.00     2   5.9036
#         181       0.00000      8.12      1.00     2   5.9042
#         182       0.00000     18.79      2.00     3   5.9062
#         183       0.00000     41.07      2.00     3   5.9062
#         184       0.00000     12.82      2.00     4   5.9088
#         185       0.00000     26.38      1.00     4   5.9088
#         186       0.00000      9.05      2.00     3   5.9542
#         187       0.00000     12.08      1.00     2   5.9668
#         188       0.00000      7.84      1.00     2   5.9701
#         189       0.00000      7.46      2.00     3   5.9730
#         190       0.00000      7.81      1.00     2   5.9778
#         191       0.00000     11.89      1.00     2   5.9995
#         192       0.00000     11.87      1.00     2   6.0040
#         193       0.00000      4.15      2.00     3   6.0118
#         194       0.00000     11.81      1.00     2   6.0134
#         196       0.00000     11.80      1.00     2   6.0155
#         197       0.00000     11.80      1.00     2   6.0162
#         199       0.00000     11.77      1.00     2   6.0221
#         201       0.00000     11.67      1.00     2   6.0405
#         202       0.00000      6.10      2.00     3   6.0674
#         203       0.00000     11.11      1.00     2   6.1461
#         204       0.00000     11.06      1.00     2   6.1551
#         205       0.00000      5.44      2.00     3   6.1625
#         206       0.00000      5.45      2.00     3   6.1656
#         207       0.00000      5.00      2.00     3   6.1753
#         208       0.00000      5.02      2.00     3   6.1767
#         209       0.00000     10.95      1.00     2   6.1787
#         210       0.00000      4.47      2.00     3   6.1840
#         211       0.00000     17.20      4.00     3   6.1899
#         212       0.00000     10.85      1.00     2   6.1968
#         213       0.00000      5.18      2.00     3   6.1992
#         214       0.00000      4.86      2.00     3   6.2065
#         215       0.00000      8.84      2.00     3   6.2124
#         216       0.00000     10.70      1.00     2   6.2289
#         217       0.00000     10.70      1.00     2   6.2291
#         218       0.00000      8.90      2.00     3   6.2425
#         219       0.00000      8.34      2.00     3   6.2440
#         220       0.00000      4.53      2.00     3   6.2565
#         221       0.00000      5.35      2.00     3   6.2652
#         222       0.00000      8.01      2.00     3   6.2875
#         223       0.00000      6.05      2.00     3   6.2933
#         224       0.00000      6.63      1.00     2   6.2955
#         226       0.00000     20.70      2.00     2   6.3017
#         228       0.00000     10.34      1.00     2   6.3047
#         230       0.00000      7.61      2.00     3   6.3089
#         231       0.00000      6.88      2.00     3   6.3102
#         233       0.00000      9.97      2.00     3   6.3106
#         235       0.00000      7.92      2.00     3   6.3115
#         236       0.00000     10.25      2.00     3   6.3267
#         239       0.00000     12.12      2.00     3   6.3379
#         241       0.00000      6.48      2.00     3   6.3432
#         242       0.00000      5.68      2.00     3   6.3432
#         244       0.00000      6.00      2.00     3   6.3486
#         245       0.00000      4.80      2.00     3   6.3574
#         246       0.00000     10.07      1.00     2   6.3620
#         247       0.00000     10.05      1.00     2   6.3671
#         249       0.00000      4.70      2.00     3   6.3804
#         250       0.00000      7.79      2.00     3   6.3865
#         252       0.00000      9.89      1.00     2   6.4032
#         253       0.00000      9.87      1.00     2   6.4078
#         256       0.00000      9.86      1.00     2   6.4106
#         257       0.00000      4.16      2.00     3   6.4120
#         260       0.00000      4.90      2.00     3   6.4247
#         261       0.00000      5.09      2.00     3   6.4285
#         262       0.00000      4.79      2.00     3   6.4285
#         264       0.00000      9.75      1.00     2   6.4352
#         265       0.00000      4.38      2.00     3   6.4406
#         266       0.00000      4.54      2.00     3   6.4417
#         267       0.00000      4.61      1.00     4   6.4466
#         268       0.00000      4.36      2.00     3   6.4551
#         270       0.00000      4.31      2.00     3   6.4597
#         271       0.00000     11.21      2.00     3   6.4617
#         272       0.00000      9.62      1.00     2   6.4656
#         273       0.00000      4.12      2.00     3   6.4755
#         274       0.00000      4.54      2.00     3   6.4755
#         277       0.00000      9.57      1.00     2   6.4775
#         279       0.00000     17.34      2.00     3   6.4784
#         280       0.00000     19.08      2.00     2   6.4836
#         281       0.00000      5.15      2.00     3   6.4882
#         282       0.00000      6.21      2.00     3   6.4896
#         283       0.00000      5.64      2.00     3   6.4897
#         284       0.00000      5.53      2.00     3   6.4951
#         286       0.00000      8.18      2.00     3   6.5020
#         287       0.00000      9.45      1.00     2   6.5041
#         288       0.00000      5.28      2.00     3   6.5074
#         289       0.00000     16.23      2.00     3   6.5107
#         290       0.00000      9.41      1.00     2   6.5153
#         291       0.00000      5.56      2.00     3   6.5184
#         292       0.00000      5.00      2.00     3   6.5191
#         293       0.00000     12.70      2.00     3   6.5207
#         294       0.00000      9.38      1.00     2   6.5219
#         295       0.00000      7.83      1.00     4   6.5216
#         296       0.00000      4.99      2.00     3   6.5238
#         297       0.00000     12.19      2.00     3   6.5240
#         298       0.00000      4.84      2.00     4   6.5313
#         299       0.00000     16.77      2.00     3   6.5326
#         300       0.00000      9.32      1.00     2   6.5358
#         301       0.00000      6.18      2.00     3   6.5386
#         303       0.00000      9.27      1.00     2   6.5487
#         305       0.00000      4.66      1.00     4   6.5578
#         306       0.00000     13.81      2.00     3   6.5594
#         308       0.00000      4.27      1.00     4   6.5640
#         309       0.00000      5.99      2.00     3   6.5737
#         310       0.00000      9.16      1.00     2   6.5770
#         311       0.00000      6.24      1.00     4   6.5830
#         312       0.00000     23.81      2.00     3   6.5879
#         315       0.00000     17.54      2.00     3   6.6014
#         316       0.00000      9.03      1.00     2   6.6075
#         317       0.00000     23.56      2.00     3   6.6157
#         318       0.00000     17.28      2.00     3   6.6158
#         321       0.00000      7.86      2.00     3   6.6241
#         322       0.00000     14.15      2.00     3   6.6268
#         323       0.00000     16.09      1.00     4   6.6271
#         327       0.00000      6.82      1.00     4   6.6461
#         328       0.00000      4.91      2.00     4   6.6468
#         329       0.00000      5.55      1.00     2   6.6538
#         330       0.00000      8.85      1.00     2   6.6540
#         332       0.00000     15.92      1.00     4   6.6544
#         333       0.00000      8.15      1.00     4   6.6544
#         335       0.00000      8.82      1.00     4   6.6621
#         336       0.00000      8.82      1.00     2   6.6623
#         337       0.00000      8.82      1.00     2   6.6627
#         338       0.00000      8.80      1.00     2   6.6690
#         339       0.00000      9.46      2.00     3   6.6724
#         340       0.00000     13.10      2.00     3   6.6770
#         341       0.00000     14.29      2.00     3   6.6849
#         343       0.00000      4.73      1.00     4   6.6909
#         344       0.00000      8.71      1.00     2   6.6921
#         345       0.00000     12.36      2.00     3   6.6954
#         346       0.00000      7.52      2.00     3   6.6989
#         347       0.00000     10.30      1.00     4   6.6988
#         348       0.00000      5.94      1.00     4   6.7000
#         349       0.00000      8.67      1.00     2   6.7033
#         350       0.00000     16.81      2.00     3   6.7054
#         351       0.00000      6.78      1.00     4   6.7071
#         352       0.00000      7.13      2.00     3   6.7073
#   307/ 347 paths used
#  xsedge+50, used to normalize mu           3.1906E-04
#  -----------------------------------------------------------------------
#  omega    e    k    mu    mu0     chi     @#
    7120.620    -17.159   0.050  3.15822E-01  3.11987E-01  7.04459E-03
    7120.648    -17.131   0.100  3.22541E-01  3.17439E-01  9.35569E-03
    7120.696    -17.083   0.150  3.42286E-01  3.33623E-01  1.57974E-02
    7120.762    -17.016   0.200  3.62088E-01  3.49806E-01  2.22709E-02
    7120.848    -16.931   0.250  3.91551E-01  3.74463E-01  3.07074E-02
    7120.953    -16.826   0.300  4.20573E-01  3.99119E-01  3.82059E-02
    7121.077    -16.702   0.350  4.50552E-01  4.26589E-01  4.21498E-02
    7121.220    -16.559   0.400  4.78606E-01  4.54060E-01  4.26550E-02
    7121.382    -16.397   0.450  4.97825E-01  4.79170E-01  3.19361E-02
    7121.563    -16.216   0.500  5.13109E-01  5.04279E-01  1.48925E-02
    7121.763    -16.016   0.550  5.14124E-01  5.25828E-01 -1.94055E-02
    7121.982    -15.797   0.600  5.09982E-01  5.47377E-01 -6.09613E-02
    7122.220    -15.559   0.650  4.90645E-01  5.66296E-01 -1.21026E-01
    7122.477    -15.302   0.700  4.67087E-01  5.85215E-01 -1.85521E-01
    7122.753    -15.026   0.750  4.29633E-01  6.02616E-01 -2.66328E-01
    7123.048    -14.730   0.800  3.91705E-01  6.20016E-01 -3.44734E-01
    7123.363    -14.416   0.850  3.43182E-01  6.36569E-01 -4.34058E-01
    7123.696    -14.083   0.900  3.04526E-01  6.53121E-01 -5.05540E-01
    7124.049    -13.730   0.950  2.86981E-01  6.69141E-01 -5.43037E-01
    7124.420    -13.359   1.000  2.89312E-01  6.85161E-01 -5.51365E-01
    7124.811    -12.968   1.050  3.08848E-01  7.00724E-01 -5.35074E-01
    7125.220    -12.559   1.100  3.42958E-01  7.16286E-01 -4.99897E-01
    7125.649    -12.130   1.150  3.89112E-01  7.31343E-01 -4.49597E-01
    7126.096    -11.682   1.200  4.42983E-01  7.46401E-01 -3.91213E-01
    7126.563    -11.216   1.250  5.02412E-01  7.60803E-01 -3.27247E-01
    7127.049    -10.730   1.300  5.59272E-01  7.75206E-01 -2.68708E-01
    7127.554    -10.225   1.350  6.10284E-01  7.88804E-01 -2.18518E-01
    7128.078     -9.701   1.400  6.51402E-01  8.02401E-01 -1.81860E-01
    7128.621     -9.158   1.450  6.81132E-01  8.15026E-01 -1.58874E-01
    7129.183     -8.596   1.500  7.03078E-01  8.27650E-01 -1.45660E-01
    7129.764     -8.015   1.550  7.19039E-01  8.39147E-01 -1.38604E-01
    7130.364     -7.415   1.600  7.37310E-01  8.50645E-01 -1.29100E-01
    7130.983     -6.796   1.650  7.60573E-01  8.60909E-01 -1.13003E-01
    7131.621     -6.158   1.700  7.94695E-01  8.71174E-01 -8.51719E-02
    7132.278     -5.501   1.750  8.39633E-01  8.80111E-01 -4.46498E-02
    7132.954     -4.824   1.800  8.92408E-01  8.89047E-01  3.67152E-03
    7133.650     -4.129   1.850  9.49659E-01  8.96619E-01  5.75081E-02
    7134.364     -3.415   1.900  1.00277E+00  9.04192E-01  1.06067E-01
    7135.098     -2.681   1.950  1.04679E+00  9.10314E-01  1.45958E-01
    7135.850     -1.929   2.000  1.07478E+00  9.16437E-01  1.68346E-01
    7136.622     -1.157   2.050  1.08469E+00  9.20607E-01  1.73814E-01
    7137.412     -0.367   2.100  1.07566E+00  9.24777E-01  1.59265E-01
    7138.222      0.443   2.150  1.05301E+00  9.28946E-01  1.30481E-01
    7139.050      1.272   2.200  1.02369E+00  9.33116E-01  9.49240E-02
    7139.898      2.119   2.250  9.88936E-01  9.33965E-01  5.76358E-02
    7140.765      2.986   2.300  9.60364E-01  9.34814E-01  2.68001E-02
    7141.651      3.872   2.350  9.42103E-01  9.35663E-01  6.75813E-03
    7142.556      4.777   2.400  9.34516E-01  9.36512E-01 -2.09562E-03
    7143.480      5.701   2.450  9.37029E-01  9.39985E-01 -3.09858E-03
    7144.422      6.644   2.500  9.42032E-01  9.43457E-01 -1.49219E-03
    7145.384      7.606   2.550  9.47008E-01  9.46930E-01  8.12270E-05
    7146.366      8.587   2.600  9.51207E-01  9.50403E-01  8.40392E-04
    7147.366      9.587   2.650  9.53374E-01  9.54721E-01 -1.40115E-03
    7148.385     10.606   2.700  9.55223E-01  9.59039E-01 -3.95565E-03
    7149.423     11.644   2.750  9.57214E-01  9.63357E-01 -6.34518E-03
    7150.480     12.702   2.800  9.59639E-01  9.67675E-01 -8.27051E-03
    7151.557     13.778   2.850  9.58868E-01  9.70068E-01 -1.14973E-02
    7152.652     14.873   2.900  9.58628E-01  9.72461E-01 -1.41637E-02
    7153.766     15.988   2.950  9.59398E-01  9.74853E-01 -1.57855E-02
    7154.900     17.121   3.000  9.61575E-01  9.77246E-01 -1.59658E-02
    7156.052     18.274   3.050  9.62328E-01  9.78894E-01 -1.68439E-02
    7157.224     19.445   3.100  9.64924E-01  9.80542E-01 -1.58491E-02
    7158.415     20.636   3.150  9.70173E-01  9.82190E-01 -1.21707E-02
    7159.624     21.846   3.200  9.78677E-01  9.83838E-01 -5.21756E-03
    7160.853     23.074   3.250  9.87542E-01  9.84443E-01  3.12756E-03
    7162.101     24.322   3.300  9.99540E-01  9.85047E-01  1.46029E-02
    7163.368     25.589   3.350  1.01397E+00  9.85652E-01  2.84922E-02
    7164.653     26.875   3.400  1.02944E+00  9.86256E-01  4.33694E-02
    7165.958     28.180   3.450  1.04353E+00  9.86871E-01  5.68503E-02
    7167.282     29.504   3.500  1.05535E+00  9.87486E-01  6.80285E-02
    7168.625     30.847   3.550  1.06308E+00  9.88100E-01  7.50836E-02
    7169.987     32.209   3.600  1.06539E+00  9.88715E-01  7.67112E-02
    7171.369     33.590   3.650  1.06131E+00  9.88814E-01  7.24534E-02
    7172.769     34.990   3.700  1.05162E+00  9.88914E-01  6.26077E-02
    7174.188     36.409   3.750  1.03723E+00  9.89013E-01  4.80948E-02
    7175.626     37.848   3.800  1.01960E+00  9.89112E-01  3.03769E-02
    7177.084     39.305   3.850  1.00053E+00  9.89602E-01  1.08744E-02
    7178.560     40.781   3.900  9.81320E-01  9.90092E-01 -8.72483E-03
    7180.055     42.277   3.950  9.63167E-01  9.90582E-01 -2.72422E-02
    7181.570     43.791   4.000  9.46700E-01  9.91072E-01 -4.40517E-02
    7183.103     45.325   4.050  9.32011E-01  9.91460E-01 -5.89652E-02
    7184.656     46.877   4.100  9.19717E-01  9.91848E-01 -7.14766E-02
    7186.228     48.449   4.150  9.10017E-01  9.92236E-01 -8.13957E-02
    7187.818     50.039   4.200  9.03285E-01  9.92623E-01 -8.83621E-02
    7189.428     51.649   4.250  9.00662E-01  9.93093E-01 -9.13421E-02
    7191.057     53.278   4.300  9.02436E-01  9.93563E-01 -8.99762E-02
    7192.705     54.926   4.350  9.08908E-01  9.94032E-01 -8.39773E-02
    7194.371     56.593   4.400  9.19896E-01  9.94502E-01 -7.35378E-02
    7196.057     58.279   4.450  9.35217E-01  9.95089E-01 -5.89745E-02
    7197.762     59.984   4.500  9.52826E-01  9.95675E-01 -4.21785E-02
    7199.486     61.708   4.550  9.70980E-01  9.96262E-01 -2.48688E-02
    7201.229     63.451   4.600  9.88069E-01  9.96849E-01 -8.63097E-03
    7202.991     65.213   4.650  1.00283E+00  9.97206E-01  5.52872E-03
    7204.773     66.994   4.700  1.01496E+00  9.97563E-01  1.70900E-02
    7206.573     68.794   4.750  1.02507E+00  9.97919E-01  2.66583E-02
    7208.392     70.613   4.800  1.03436E+00  9.98276E-01  3.54048E-02
    7210.230     72.452   4.850  1.04395E+00  9.98503E-01  4.45934E-02
    7212.088     74.309   4.900  1.05499E+00  9.98730E-01  5.51965E-02
    7213.964     76.185   4.950  1.06753E+00  9.98957E-01  6.72746E-02
    7215.860     78.081   5.000  1.08063E+00  9.99184E-01  7.98954E-02
    7217.774     79.995   5.050  1.09224E+00  9.99141E-01  9.13402E-02
    7219.708     81.929   5.100  1.10028E+00  9.99098E-01  9.92840E-02
    7221.660     83.882   5.150  1.10259E+00  9.99055E-01  1.01612E-01
    7223.632     85.853   5.200  1.09771E+00  9.99012E-01  9.68829E-02
    7225.623     87.844   5.250  1.08461E+00  9.98668E-01  8.44172E-02
    7227.633     89.854   5.300  1.06453E+00  9.98325E-01  6.50712E-02
    7229.661     91.883   5.350  1.03912E+00  9.97982E-01  4.04591E-02
    7231.709     93.930   5.400  1.01058E+00  9.97639E-01  1.27308E-02
    7233.776     95.997   5.450  9.80869E-01  9.97006E-01 -1.58939E-02
    7235.862     98.083   5.500  9.52568E-01  9.96373E-01 -4.31849E-02
    7237.967    100.188   5.550  9.27378E-01  9.95741E-01 -6.74566E-02
    7240.091    102.312   5.600  9.06598E-01  9.95108E-01 -8.74180E-02
    7242.234    104.456   5.650  8.91168E-01  9.94185E-01 -1.01863E-01
    7244.396    106.618   5.700  8.81931E-01  9.93262E-01 -1.10211E-01
    7246.578    108.799   5.750  8.79412E-01  9.92340E-01 -1.11921E-01
    7248.778    110.999   5.800  8.83845E-01  9.91417E-01 -1.06736E-01
    7250.997    113.219   5.850  8.95064E-01  9.90334E-01 -9.46622E-02
    7253.236    115.457   5.900  9.12052E-01  9.89251E-01 -7.68134E-02
    7255.493    117.714   5.950  9.33239E-01  9.88168E-01 -5.47314E-02
    7257.770    119.991   6.000  9.56485E-01  9.87085E-01 -3.05332E-02
    7260.065    122.286   6.050  9.79329E-01  9.85892E-01 -6.55823E-03
    7262.380    124.601   6.100  9.99260E-01  9.84698E-01  1.45734E-02
    7264.713    126.934   6.150  1.01451E+00  9.83504E-01  3.10805E-02
    7267.066    129.287   6.200  1.02421E+00  9.82311E-01  4.20602E-02
    7269.438    131.659   6.250  1.02849E+00  9.81117E-01  4.76239E-02
    7271.828    134.050   6.300  1.02839E+00  9.79923E-01  4.88008E-02
    7274.238    136.459   6.350  1.02558E+00  9.78730E-01  4.72375E-02
    7276.667    138.888   6.400  1.02188E+00  9.77536E-01  4.47766E-02
    7279.115    141.336   6.450  1.01888E+00  9.76342E-01  4.30248E-02
    7281.582    143.803   6.500  1.01761E+00  9.75149E-01  4.30086E-02
    7284.068    146.289   6.550  1.01813E+00  9.74088E-01  4.46692E-02
    7286.573    148.794   6.600  1.02015E+00  9.73028E-01  4.78606E-02
    7289.097    151.318   6.650  1.02262E+00  9.71967E-01  5.15192E-02
    7291.640    153.862   6.700  1.02409E+00  9.70907E-01  5.41688E-02
    7294.202    156.424   6.750  1.02299E+00  9.69846E-01  5.42089E-02
    7296.784    159.005   6.800  1.01796E+00  9.68786E-01  5.02259E-02
    7299.384    161.605   6.850  1.00809E+00  9.67725E-01  4.12888E-02
    7302.003    164.225   6.900  9.93205E-01  9.66665E-01  2.71842E-02
    7304.642    166.863   6.950  9.73940E-01  9.65604E-01  8.55030E-03
    7307.299    169.521   7.000  9.51760E-01  9.64544E-01 -1.31298E-02
    7309.976    172.197   7.050  9.28967E-01  9.63692E-01 -3.57118E-02
    7312.671    174.893   7.100  9.07769E-01  9.62841E-01 -5.67077E-02
    7315.386    177.607   7.150  8.90569E-01  9.61989E-01 -7.36339E-02
    7318.120    180.341   7.200  8.79317E-01  9.61137E-01 -8.44632E-02
    7320.872    183.094   7.250  8.75137E-01  9.60286E-01 -8.80107E-02
    7323.644    185.865   7.300  8.78120E-01  9.59434E-01 -8.41530E-02
    7326.435    188.656   7.350  8.87353E-01  9.58583E-01 -7.38100E-02
    7329.245    191.466   7.400  9.01166E-01  9.57731E-01 -5.86882E-02
    7332.074    194.295   7.450  9.17549E-01  9.56880E-01 -4.08595E-02
    7334.922    197.143   7.500  9.34588E-01  9.56028E-01 -2.23017E-02
    7337.789    200.010   7.550  9.51058E-01  9.55179E-01 -4.29253E-03
    7340.675    202.896   7.600  9.65763E-01  9.54331E-01  1.19233E-02
    7343.580    205.801   7.650  9.78238E-01  9.53482E-01  2.58524E-02
    7346.504    208.725   7.700  9.88335E-01  9.52633E-01  3.73316E-02
    7349.447    211.669   7.750  9.95958E-01  9.51784E-01  4.62501E-02
    7352.410    214.631   7.800  1.00086E+00  9.50935E-01  5.23394E-02
    7355.391    217.612   7.850  1.00261E+00  9.50086E-01  5.51358E-02
    7358.391    220.612   7.900  1.00074E+00  9.49238E-01  5.41406E-02
    7361.411    223.632   7.950  9.95056E-01  9.48389E-01  4.91183E-02
    7364.449    226.670   8.000  9.85875E-01  9.47540E-01  4.04017E-02
    7367.507    229.728   8.050  9.74062E-01  9.46541E-01  2.90418E-02
    7370.583    232.804   8.100  9.61545E-01  9.45543E-01  1.69085E-02
    7373.679    235.900   8.150  9.50197E-01  9.44544E-01  5.98097E-03
    7376.793    239.015   8.200  9.41642E-01  9.43546E-01 -2.01694E-03
    7379.927    242.148   8.250  9.36776E-01  9.42547E-01 -6.12216E-03
    7383.080    245.301   8.300  9.35471E-01  9.41549E-01 -6.45525E-03
    7386.252    248.473   8.350  9.36575E-01  9.40550E-01 -4.22786E-03
    7389.443    251.664   8.400  9.38234E-01  9.39552E-01 -1.40299E-03
    7392.652    254.874   8.450  9.38463E-01  9.38553E-01 -9.56728E-05
    7395.881    258.103   8.500  9.35778E-01  9.37555E-01 -1.89727E-03
    7399.129    261.351   8.550  9.29428E-01  9.36403E-01 -7.45582E-03
    7402.397    264.618   8.600  9.20330E-01  9.35252E-01 -1.59681E-02
    7405.683    267.904   8.650  9.10213E-01  9.34100E-01 -2.55924E-02
    7408.988    271.209   8.700  9.01284E-01  9.32949E-01 -3.39649E-02
    7412.312    274.533   8.750  8.95562E-01  9.31797E-01 -3.89139E-02
    7415.655    277.877   8.800  8.94269E-01  9.30645E-01 -3.91118E-02
    7419.018    281.239   8.850  8.97488E-01  9.29494E-01 -3.44535E-02
    7422.399    284.620   8.900  9.04177E-01  9.28342E-01 -2.60447E-02
    7425.799    288.021   8.950  9.12539E-01  9.27191E-01 -1.58096E-02
    7429.219    291.440   9.000  9.20615E-01  9.26039E-01 -5.85969E-03
    7432.657    294.879   9.050  9.26889E-01  9.24906E-01  2.14457E-03
    7436.115    298.336   9.100  9.30749E-01  9.23772E-01  7.55347E-03
    7439.591    301.813   9.150  9.32506E-01  9.22638E-01  1.06943E-02
    7443.087    305.308   9.200  9.33158E-01  9.21505E-01  1.26438E-02
    7446.602    308.823   9.250  9.33904E-01  9.20371E-01  1.46994E-02
    7450.136    312.357   9.300  9.35599E-01  9.19237E-01  1.77912E-02
    7453.688    315.910   9.350  9.38358E-01  9.18104E-01  2.20473E-02
    7457.260    319.482   9.400  9.41444E-01  9.16970E-01  2.66700E-02
    7460.851    323.072   9.450  9.43491E-01  9.15836E-01  3.01688E-02
    7464.461    326.682   9.500  9.42972E-01  9.14703E-01  3.08728E-02
    7468.090    330.311   9.550  9.38955E-01  9.13630E-01  2.76852E-02
    7471.738    333.959   9.600  9.30928E-01  9.12558E-01  2.01037E-02
    7475.405    337.627   9.650  9.19714E-01  9.11486E-01  9.01406E-03
    7479.091    341.313   9.700  9.07125E-01  9.10413E-01 -3.60663E-03
    7482.797    345.018   9.750  8.95522E-01  9.09341E-01 -1.51708E-02
    7486.521    348.742   9.800  8.87186E-01  9.08269E-01 -2.31687E-02
    7490.264    352.486   9.850  8.83690E-01  9.07196E-01 -2.58592E-02
    7494.027    356.248   9.900  8.85455E-01  9.06124E-01 -2.27613E-02
    7497.808    360.029   9.950  8.91620E-01  9.05051E-01 -1.48066E-02
    7501.608    363.830  10.000  9.00251E-01  9.03979E-01 -4.11477E-03
    7505.428    367.649  10.050  9.08739E-01  9.02865E-01  6.48995E-03
    7509.267    371.488  10.100  9.14713E-01  9.01750E-01  1.43387E-02
    7513.124    375.345  10.150  9.16336E-01  9.00636E-01  1.73878E-02
    7517.001    379.222  10.200  9.12846E-01  8.99521E-01  1.47746E-02
    7520.897    383.118  10.250  9.04707E-01  8.98407E-01  6.99374E-03
    7524.811    387.033  10.300  8.93465E-01  8.97292E-01 -4.25351E-03
    7528.745    390.966  10.350  8.81371E-01  8.96178E-01 -1.64773E-02
    7532.698    394.919  10.400  8.70853E-01  8.95063E-01 -2.69726E-02
    7536.670    398.891  10.450  8.63997E-01  8.93949E-01 -3.34100E-02
    7540.661    402.882  10.500  8.62105E-01  8.92834E-01 -3.43178E-02
    7544.671    406.892  10.550  8.65460E-01  8.91720E-01 -2.93622E-02
    7548.700    410.921  10.600  8.73292E-01  8.90606E-01 -1.93817E-02
    7552.748    414.969  10.650  8.83976E-01  8.89491E-01 -6.18180E-03
    7556.815    419.036  10.700  8.95380E-01  8.88377E-01  7.85863E-03
    7560.901    423.123  10.750  9.05317E-01  8.87262E-01  2.02852E-02
    7565.007    427.228  10.800  9.11988E-01  8.86148E-01  2.90668E-02
    7569.131    431.352  10.850  9.14329E-01  8.85033E-01  3.29929E-02
    7573.274    435.496  10.900  9.12196E-01  8.83919E-01  3.18844E-02
    7577.437    439.658  10.950  9.06341E-01  8.82804E-01  2.65713E-02
    7581.618    443.839  11.000  8.98183E-01  8.81690E-01  1.86426E-02
    7585.819    448.040  11.050  8.89281E-01  8.80369E-01  1.00877E-02
    7590.038    452.259  11.100  8.81340E-01  8.79049E-01  2.59780E-03
    7594.277    456.498  11.150  8.75411E-01  8.77728E-01 -2.63095E-03
    7598.534    460.756  11.200  8.71833E-01  8.76407E-01 -5.20150E-03
    7602.811    465.032  11.250  8.70233E-01  8.75087E-01 -5.52795E-03
    7607.107    469.328  11.300  8.69718E-01  8.73766E-01 -4.61663E-03
    7611.422    473.643  11.350  8.69221E-01  8.72446E-01 -3.68388E-03
    7615.756    477.977  11.400  8.67865E-01  8.71125E-01 -3.72917E-03
    7620.109    482.330  11.450  8.65267E-01  8.69804E-01 -5.19841E-03
    7624.480    486.702  11.500  8.61647E-01  8.68484E-01 -7.84483E-03
    7628.871    491.093  11.550  8.57737E-01  8.67163E-01 -1.08321E-02
    7633.282    495.503  11.600  8.54509E-01  8.65843E-01 -1.30442E-02
    7637.711    499.932  11.650  8.52814E-01  8.64522E-01 -1.34962E-02
    7642.159    504.380  11.700  8.53063E-01  8.63201E-01 -1.17041E-02
    7646.626    508.847  11.750  8.55062E-01  8.61881E-01 -7.88380E-03
    7651.112    513.334  11.800  8.58049E-01  8.60560E-01 -2.90798E-03
    7655.618    517.839  11.850  8.60937E-01  8.59240E-01  1.96895E-03
    7660.142    522.363  11.900  8.62674E-01  8.57919E-01  5.52284E-03
    7664.685    526.907  11.950  8.62586E-01  8.56598E-01  6.96637E-03
    7669.248    531.469  12.000  8.60605E-01  8.55278E-01  6.20663E-03
    7673.829    536.051  12.050  8.57257E-01  8.53959E-01  3.84848E-03
    7678.430    540.651  12.100  8.53497E-01  8.52641E-01  9.99675E-04
    7683.049    545.271  12.150  8.50345E-01  8.51323E-01 -1.14428E-03
    7687.688    549.909  12.200  8.48534E-01  8.50005E-01 -1.72422E-03
    7692.346    554.567  12.250  8.48241E-01  8.48687E-01 -5.22764E-04
    7697.023    559.244  12.300  8.49038E-01  8.47368E-01  1.96401E-03
    7701.718    563.940  12.350  8.50055E-01  8.46050E-01  4.71673E-03
    7706.433    568.655  12.400  8.50309E-01  8.44732E-01  6.57814E-03
    7711.167    573.388  12.450  8.49081E-01  8.43414E-01  6.69531E-03
    7715.920    578.141  12.500  8.46200E-01  8.42095E-01  4.85715E-03
    7720.692    582.913  12.550  8.42128E-01  8.40777E-01  1.60128E-03
    7725.483    587.704  12.600  8.37812E-01  8.39459E-01 -1.95456E-03
    7730.293    592.515  12.650  8.34353E-01  8.38141E-01 -4.50192E-03
    7735.122    597.344  12.700  8.32609E-01  8.36822E-01 -5.01664E-03
    7739.971    602.192  12.750  8.32863E-01  8.35504E-01 -3.15003E-03
    7744.838    607.059  12.800  8.34694E-01  8.34186E-01  6.06401E-04
    7749.724    611.945  12.850  8.37088E-01  8.32868E-01  5.04804E-03
    7754.630    616.851  12.900  8.38761E-01  8.31549E-01  8.63948E-03
    7759.554    621.775  12.950  8.38586E-01  8.30231E-01  1.00254E-02
    7764.497    626.719  13.000  8.35982E-01  8.28913E-01  8.49618E-03
    7769.460    631.681  13.050  8.31023E-01  8.27537E-01  4.19744E-03
    7774.441    636.663  13.100  8.24682E-01  8.26160E-01 -1.78298E-03
    7779.442    641.663  13.150  8.18329E-01  8.24784E-01 -7.79721E-03
    7784.462    646.683  13.200  8.13367E-01  8.23407E-01 -1.21491E-02
    7789.500    651.722  13.250  8.10784E-01  8.22031E-01 -1.36324E-02
    7794.558    656.779  13.300  8.10843E-01  8.20654E-01 -1.19124E-02
    7799.635    661.856  13.350  8.13008E-01  8.19278E-01 -7.62584E-03
    7804.731    666.952  13.400  8.16121E-01  8.17902E-01 -2.16937E-03
    7809.846    672.067  13.450  8.18780E-01  8.16525E-01  2.75180E-03
    7814.980    677.201  13.500  8.19783E-01  8.15149E-01  5.66487E-03
    7820.133    682.354  13.550  8.18497E-01  8.13772E-01  5.78566E-03
    7825.305    687.526  13.600  8.15043E-01  8.12396E-01  3.24691E-03
    7830.496    692.717  13.650  8.10233E-01  8.11019E-01 -9.66690E-04
    7835.706    697.927  13.700  8.05300E-01  8.09643E-01 -5.34608E-03
    7840.935    703.156  13.750  8.01506E-01  8.08266E-01 -8.33600E-03
    7846.183    708.405  13.800  7.99758E-01  8.06890E-01 -8.80949E-03
    7851.451    713.672  13.850  8.00346E-01  8.05514E-01 -6.39386E-03
    7856.737    718.958  13.900  8.02881E-01  8.04137E-01 -1.55747E-03
    7862.043    724.264  13.950  8.06428E-01  8.02761E-01  4.55391E-03
    7867.367    729.588  14.000  8.09798E-01  8.01384E-01  1.04659E-02
    7872.710    734.932  14.050  8.11826E-01  7.99930E-01  1.48240E-02
    7878.073    740.294  14.100  8.11821E-01  7.98476E-01  1.66610E-02
    7883.455    745.676  14.150  8.09556E-01  7.97021E-01  1.56791E-02
    7888.855    751.077  14.200  8.05345E-01  7.95567E-01  1.22538E-02
    7894.275    756.496  14.250  7.99901E-01  7.94112E-01  7.26697E-03
    7899.714    761.935  14.300  7.94107E-01  7.92658E-01  1.82314E-03
    7905.172    767.393  14.350  7.88779E-01  7.91204E-01 -3.05481E-03
    7910.648    772.870  14.400  7.84471E-01  7.89749E-01 -6.66351E-03
    7916.144    778.366  14.450  7.81391E-01  7.88295E-01 -8.73204E-03
    7921.659    783.881  14.500  7.79425E-01  7.86840E-01 -9.39710E-03
    7927.193    789.415  14.550  7.78243E-01  7.85386E-01 -9.06934E-03
    7932.746    794.968  14.600  7.77448E-01  7.83932E-01 -8.24741E-03
    7938.318    800.540  14.650  7.76716E-01  7.82477E-01 -7.34311E-03
    7943.910    806.131  14.700  7.75879E-01  7.81023E-01 -6.56809E-03
    7949.520    811.741  14.750  7.74951E-01  7.79569E-01 -5.90693E-03
    7955.149    817.370  14.800  7.74079E-01  7.78114E-01 -5.17220E-03
    7960.797    823.019  14.850  7.73456E-01  7.76660E-01 -4.11409E-03
    7966.465    828.686  14.900  7.73228E-01  7.75205E-01 -2.54422E-03
    7972.151    834.372  14.950  7.73414E-01  7.73751E-01 -4.34328E-04
    7977.857    840.078  15.000  7.73876E-01  7.72297E-01  2.03950E-03
    7983.581    845.802  15.050  7.74369E-01  7.70856E-01  4.54515E-03
    7989.325    851.546  15.100  7.74518E-01  7.69416E-01  6.61494E-03
    7995.087    857.308  15.150  7.73974E-01  7.67976E-01  7.79097E-03
    8000.869    863.090  15.200  7.72496E-01  7.66535E-01  7.75743E-03
    8006.670    868.891  15.250  7.70041E-01  7.65095E-01  6.44856E-03
    8012.489    874.711  15.300  7.66793E-01  7.63655E-01  4.09980E-03
    8018.328    880.549  15.350  7.63147E-01  7.62214E-01  1.22131E-03
    8024.186    886.407  15.400  7.59624E-01  7.60774E-01 -1.50768E-03
    8030.063    892.284  15.450  7.56743E-01  7.59334E-01 -3.40360E-03
    8035.959    898.180  15.500  7.54884E-01  7.57893E-01 -3.96237E-03
    8041.874    904.095  15.550  7.54170E-01  7.56453E-01 -3.01188E-03
    8047.808    910.029  15.600  7.54418E-01  7.55013E-01 -7.85435E-04
    8053.761    915.982  15.650  7.55168E-01  7.53572E-01  2.11346E-03
    8059.733    921.954  15.700  7.55791E-01  7.52132E-01  4.85521E-03
    8065.724    927.946  15.750  7.55660E-01  7.50692E-01  6.60435E-03
    8071.735    933.956  15.800  7.54324E-01  7.49251E-01  6.75650E-03
    8077.764    939.985  15.850  7.51649E-01  7.47811E-01  5.12265E-03
    8083.812    946.033  15.900  7.47868E-01  7.46371E-01  2.00199E-03
    8089.880    952.101  15.950  7.43524E-01  7.44930E-01 -1.88498E-03
    8095.966    958.187  16.000  7.39327E-01  7.43490E-01 -5.58955E-03
    8102.072    964.293  16.050  7.35877E-01  7.41997E-01 -8.23402E-03
    8108.196    970.417  16.100  7.33685E-01  7.40505E-01 -9.19306E-03
    8114.340    976.561  16.150  7.32866E-01  7.39012E-01 -8.30241E-03
    8120.502    982.724  16.200  7.33158E-01  7.37519E-01 -5.90316E-03
    8126.684    988.905  16.250  7.34011E-01  7.36027E-01 -2.73393E-03
    8132.885    995.106  16.300  7.34752E-01  7.34534E-01  2.96914E-04
    8139.105   1001.326  16.350  7.34794E-01  7.33041E-01  2.38774E-03
    8145.343   1007.565  16.400  7.33806E-01  7.31548E-01  3.08155E-03
    8151.601   1013.823  16.450  7.31803E-01  7.30056E-01  2.39016E-03
    8157.878   1020.100  16.500  7.29122E-01  7.28563E-01  7.66496E-04
    8164.174   1026.396  16.550  7.26296E-01  7.27070E-01 -1.06296E-03
    8170.489   1032.711  16.600  7.23872E-01  7.25578E-01 -2.34762E-03
    8176.823   1039.045  16.650  7.22229E-01  7.24085E-01 -2.56023E-03
    8183.177   1045.398  16.700  7.21463E-01  7.22592E-01 -1.56048E-03
    8189.549   1051.770  16.750  7.21372E-01  7.21100E-01  3.76938E-04
    8195.940   1058.161  16.800  7.21533E-01  7.19607E-01  2.67424E-03
    8202.350   1064.572  16.850  7.21463E-01  7.18114E-01  4.65931E-03
    8208.780   1071.001  16.900  7.20779E-01  7.16621E-01  5.79622E-03
    8215.228   1077.449  16.950  7.19321E-01  7.15129E-01  5.85712E-03
    8221.695   1083.917  17.000  7.17192E-01  7.13636E-01  4.97802E-03
    8228.182   1090.403  17.050  7.14700E-01  7.12161E-01  3.56219E-03
    8234.688   1096.909  17.100  7.12224E-01  7.10687E-01  2.16093E-03
    8241.212   1103.433  17.150  7.10089E-01  7.09212E-01  1.23628E-03
    8247.756   1109.977  17.200  7.08431E-01  7.07737E-01  9.79466E-04
    8254.318   1116.540  17.250  7.07138E-01  7.06262E-01  1.23933E-03
    8260.900   1123.122  17.300  7.05904E-01  7.04788E-01  1.58293E-03
    8267.501   1129.722  17.350  7.04345E-01  7.03313E-01  1.46682E-03
    8274.121   1136.342  17.400  7.02159E-01  7.01838E-01  4.57153E-04
    8280.760   1142.981  17.450  6.99256E-01  7.00364E-01 -1.58099E-03
    8287.418   1149.639  17.500  6.95816E-01  6.98889E-01 -4.39466E-03
    8294.095   1156.316  17.550  6.92259E-01  6.97414E-01 -7.38885E-03
    8300.791   1163.012  17.600  6.89120E-01  6.95939E-01 -9.79446E-03
    8307.506   1169.727  17.650  6.86890E-01  6.94465E-01 -1.09032E-02
    8314.240   1176.461  17.700  6.85856E-01  6.92990E-01 -1.02912E-02
    8320.993   1183.214  17.750  6.86011E-01  6.91515E-01 -7.95804E-03
    8327.765   1189.987  17.800  6.87049E-01  6.90040E-01 -4.33455E-03
    8334.557   1196.778  17.850  6.88455E-01  6.88566E-01 -1.60951E-04
    8341.367   1203.588  17.900  6.89651E-01  6.87091E-01  3.72494E-03
    8348.196   1210.418  17.950  6.90155E-01  6.85616E-01  6.61901E-03
    8355.045   1217.266  18.000  6.89703E-01  6.84142E-01  8.12917E-03
    8361.912   1224.134  18.050  6.88310E-01  6.82660E-01  8.27652E-03
    8368.799   1231.020  18.100  6.86193E-01  6.81178E-01  7.36230E-03
    8375.705   1237.926  18.150  6.83713E-01  6.79696E-01  5.90994E-03
    8382.629   1244.850  18.200  6.81231E-01  6.78214E-01  4.44942E-03
    8389.573   1251.794  18.250  6.78996E-01  6.76732E-01  3.34564E-03
    8396.536   1258.757  18.300  6.77074E-01  6.75250E-01  2.70123E-03
    8403.517   1265.739  18.350  6.75358E-01  6.73768E-01  2.36051E-03
    8410.518   1272.740  18.400  6.73634E-01  6.72286E-01  2.00564E-03
    8417.538   1279.759  18.450  6.71680E-01  6.70804E-01  1.30554E-03
    8424.577   1286.798  18.500  6.69364E-01  6.69322E-01  6.27105E-05
    8431.635   1293.856  18.550  6.66710E-01  6.67841E-01 -1.69337E-03
    8438.712   1300.933  18.600  6.63896E-01  6.66359E-01 -3.69667E-03
    8445.808   1308.030  18.650  6.61208E-01  6.64877E-01 -5.52004E-03
    8452.923   1315.145  18.700  6.58947E-01  6.63395E-01 -6.70829E-03
    8460.058   1322.279  18.750  6.57332E-01  6.61913E-01 -6.92383E-03
    8467.211   1329.432  18.800  6.56433E-01  6.60431E-01 -6.05762E-03
    8474.383   1336.604  18.850  6.56137E-01  6.58949E-01 -4.27086E-03
    8481.575   1343.796  18.900  6.56182E-01  6.57467E-01 -1.95605E-03
    8488.785   1351.006  18.950  6.56227E-01  6.55985E-01  3.68941E-04
    8496.014   1358.236  19.000  6.55943E-01  6.54503E-01  2.20053E-03
    8503.263   1365.484  19.050  6.55114E-01  6.53034E-01  3.18752E-03
    8510.530   1372.752  19.100  6.53644E-01  6.51564E-01  3.19449E-03
    8517.817   1380.038  19.150  6.51623E-01  6.50094E-01  2.35269E-03
    8525.123   1387.344  19.200  6.49276E-01  6.48625E-01  1.00501E-03
    8532.447   1394.669  19.250  6.46899E-01  6.47155E-01 -3.95669E-04
    8539.791   1402.012  19.300  6.44775E-01  6.45686E-01 -1.41153E-03
    8547.154   1409.375  19.350  6.43100E-01  6.44216E-01 -1.73365E-03
    8554.536   1416.757  19.400  6.41940E-01  6.42746E-01 -1.25590E-03
    8561.937   1424.158  19.450  6.41217E-01  6.41277E-01 -9.23521E-05
    8569.357   1431.578  19.500  6.40741E-01  6.39807E-01  1.46228E-03
    8576.796   1439.017  19.550  6.40260E-01  6.38337E-01  3.01546E-03
    8584.254   1446.475  19.600  6.39526E-01  6.36868E-01  4.17940E-03
    8591.731   1453.952  19.650  6.38360E-01  6.35398E-01  4.66645E-03
    8599.227   1461.448  19.700  6.36685E-01  6.33928E-01  4.35457E-03
    8606.742   1468.963  19.750  6.34548E-01  6.32459E-01  3.30830E-03
    8614.276   1476.498  19.800  6.32094E-01  6.30989E-01  1.75314E-03
    8621.830   1484.051  19.850  6.29527E-01  6.29519E-01  1.22645E-05
    8629.402   1491.623  19.900  6.27061E-01  6.28050E-01 -1.57632E-03
    8636.993   1499.215  19.950  6.24865E-01  6.26580E-01 -2.74039E-03
    8644.604   1506.825  20.000  6.23031E-01  6.25110E-01 -3.33171E-03
