# # Once                                                         FEFF 9.6.4  
# # POT  SCF 100  6.0000   0, core-hole, AFOLP (folp(0)= 1.150)
# # Abs   Z=24 Rmt= 1.318 Rnm= 1.398 K  shell
# # Pot 1 Z=24 Rmt= 1.321 Rnm= 1.406
# # Pot 2 Z= 8 Rmt= 1.016 Rnm= 1.082
# # Gam_ch=1.087E+00 H-L exch Vi= 0.000E+00 Vr= 0.000E+00
# # Mu=-1.153E+01 kf=2.215E+00 Vint=-2.063E+01 Rs_int= 1.637
# # PATH  Rmax= 9.000,  Keep_limit= 0.00, Heap_limit 0.00  Pwcrit= 2.50%
#  S02=1.000  Temp=   0.00  Debye_temp=   0.00  Global_sig2= 0.00000
#  Energy zero shift, vr, vi    0.00000E+00   0.00000E+00
#  Curved wave amplitude ratio filter   4.000%
#     file         sig2 tot  cw amp ratio   deg  nlegs   reff  inp sig2
#           1       0.00000    100.00      3.00     2   2.0087
#           2       0.00000     94.65      3.00     2   2.0557
#           3       0.00000     15.72      1.00     2   2.7229
#           4       0.00000     39.78      3.00     2   2.9558
#           5       0.00000     14.07      6.00     3   3.3895
#           6       0.00000     10.18      6.00     3   3.4171
#           7       0.00000     12.15      6.00     3   3.4272
#           8       0.00000     26.82      3.00     2   3.4414
#           9       0.00000     10.24      6.00     3   3.4879
#          10       0.00000     27.65      3.00     2   3.4901
#          11       0.00000     12.54      6.00     3   3.5100
#          12       0.00000     12.67      6.00     3   3.5100
#          13       0.00000      8.50      6.00     3   3.5411
#          14       0.00000     22.09      3.00     2   3.7114
#          15       0.00000     47.55      6.00     2   3.7300
#          16       0.00000     19.54      6.00     3   3.7537
#          17       0.00000     21.02      3.00     2   3.7831
#          18       0.00000     21.00      6.00     3   3.8971
#          19       0.00000     20.88      6.00     3   3.8971
#          20       0.00000     11.64      3.00     4   4.0173
#          21       0.00000      5.49      3.00     4   4.0173
#          22       0.00000     33.35      6.00     3   4.0499
#          23       0.00000     10.04      6.00     3   4.0589
#          24       0.00000     34.76      6.00     4   4.0643
#          25       0.00000      6.64      3.00     4   4.0643
#          26       0.00000      8.84      3.00     4   4.0643
#          27       0.00000      6.78      3.00     4   4.0643
#          28       0.00000      8.59      3.00     4   4.0643
#          29       0.00000     17.28      3.00     2   4.0774
#          30       0.00000     10.45      3.00     4   4.1114
#          31       0.00000      8.08      6.00     3   4.2042
#          32       0.00000      5.97      1.00     2   4.2128
#          33       0.00000      7.36      6.00     3   4.2264
#          34       0.00000      7.62      6.00     3   4.2575
#          35       0.00000     16.61     12.00     3   4.3157
#          36       0.00000      8.39      6.00     3   4.3516
#          37       0.00000      9.30      6.00     3   4.3737
#          38       0.00000      5.56      6.00     3   4.4045
#          39       0.00000     10.87      6.00     3   4.4045
#          40       0.00000     13.83      3.00     2   4.4330
#          41       0.00000     14.11     12.00     3   4.4518
#          42       0.00000     10.48      6.00     3   4.4616
#          43       0.00000      8.91      6.00     3   4.5222
#          44       0.00000     21.85      6.00     3   4.5547
#          45       0.00000     12.19      3.00     2   4.6457
#          46       0.00000     11.54      3.00     4   4.6764
#          47       0.00000     11.93      3.00     2   4.6828
#          48       0.00000     23.59      6.00     2   4.7032
#          49       0.00000      5.42      6.00     3   4.7222
#          50       0.00000     23.10      6.00     3   4.7222
#          51       0.00000      8.30      6.00     3   4.7222
#          52       0.00000      8.66      6.00     4   4.7234
#          54       0.00000     12.98      3.00     4   4.7987
#          55       0.00000      9.71      6.00     3   4.8338
#          56       0.00000     10.64      6.00     3   4.8338
#          57       0.00000      7.46      6.00     4   4.8439
#          59       0.00000     13.71      6.00     3   4.8782
#          60       0.00000     25.74     12.00     3   4.9119
#          62       0.00000     10.30      3.00     2   4.9430
#          63       0.00000     25.11      6.00     3   4.9551
#          67       0.00000     15.57      3.00     4   4.9671
#          71       0.00000      5.88      6.00     4   5.0425
#          72       0.00000      7.32      6.00     4   5.0425
#          73       0.00000     22.69      6.00     2   5.0698
#          74       0.00000      8.23      6.00     4   5.0736
#          75       0.00000      6.26      3.00     4   5.0736
#          77       0.00000     11.44      6.00     4   5.1206
#          78       0.00000      4.53      6.00     3   5.1673
#          79       0.00000      5.16      6.00     3   5.2028
#          80       0.00000      7.42      6.00     3   5.2599
#          81       0.00000      9.64      6.00     3   5.2599
#          82       0.00000      8.23      6.00     3   5.2599
#          86       0.00000      5.45      6.00     4   5.3881
#          87       0.00000      7.97      3.00     2   5.4214
#          90       0.00000      4.45      3.00     4   5.4500
#          93       0.00000      5.30      6.00     3   5.4543
#          94       0.00000      5.86      6.00     3   5.4543
#          96       0.00000     18.64      6.00     2   5.4724
#          97       0.00000      8.67      6.00     3   5.4836
#          98       0.00000     11.72      6.00     3   5.4836
#          99       0.00000      7.96     12.00     3   5.4907
#         105       0.00000      5.01      6.00     3   5.5395
#         107       0.00000      5.65      6.00     4   5.5458
#         108       0.00000      4.71      3.00     4   5.5458
#         109       0.00000      6.35      6.00     3   5.5880
#         110       0.00000      6.93      6.00     3   5.6198
#         111       0.00000      9.60      6.00     3   5.6198
#         112       0.00000      7.84      6.00     3   5.6198
#         113       0.00000      7.18      3.00     2   5.6275
#         114       0.00000      7.00      3.00     2   5.6782
#         115       0.00000      8.09      6.00     3   5.6831
#         116       0.00000     11.13      6.00     3   5.6831
#         118       0.00000      7.82      6.00     3   5.7319
#         119       0.00000     10.93      6.00     3   5.7319
#         120       0.00000      6.08      6.00     3   5.7327
#         122       0.00000      5.65      6.00     4   5.7386
#         125       0.00000      4.81      3.00     4   5.7386
#         126       0.00000      5.68      6.00     4   5.7472
#         127       0.00000      7.29      6.00     4   5.7472
#         128       0.00000     16.33      6.00     2   5.7547
#         134       0.00000      4.46      3.00     4   5.7671
#         137       0.00000      5.39      6.00     3   5.7792
#         138       0.00000      5.43      6.00     3   5.7792
#         139       0.00000      6.65      3.00     2   5.7832
#         140       0.00000      5.48      6.00     4   5.7856
#         142       0.00000      4.73      3.00     4   5.7856
#         145       0.00000      5.08      6.00     4   5.7950
#         146       0.00000     14.84      6.00     3   5.7967
#         147       0.00000     12.87      6.00     3   5.7967
#         148       0.00000      4.95      6.00     5   5.8094
#         150       0.00000      7.26      6.00     5   5.8094
#         154       0.00000      7.91      3.00     2   5.8239
#         155       0.00000      7.67      6.00     3   5.8358
#         156       0.00000      7.50      3.00     4   5.8387
#         158       0.00000      6.03      3.00     4   5.8387
#         163       0.00000      5.87      6.00     4   5.8502
#         164       0.00000      8.77      6.00     4   5.8502
#   117/ 145 paths used
#  xsedge+50, used to normalize mu           3.9052E-04
#  -----------------------------------------------------------------------
#  omega    e    k    mu    mu0     chi     @#
    5994.837    -11.531   0.000  1.17494E-01  3.13947E-01 -3.44932E-01
    5994.846    -11.521   0.050  1.36472E-01  3.20764E-01 -3.23025E-01
    5994.875    -11.493   0.100  1.55246E-01  3.27580E-01 -3.01549E-01
    5994.922    -11.445   0.150  2.09119E-01  3.47429E-01 -2.40795E-01
    5994.989    -11.379   0.200  2.61122E-01  3.67278E-01 -1.83889E-01
    5995.075    -11.293   0.250  3.37966E-01  3.96250E-01 -1.00135E-01
    5995.179    -11.188   0.300  4.09639E-01  4.25221E-01 -2.65553E-02
    5995.303    -11.064   0.350  4.89262E-01  4.54983E-01  5.77711E-02
    5995.446    -10.921   0.400  5.59357E-01  4.84744E-01  1.24376E-01
    5995.608    -10.759   0.450  6.23694E-01  5.09933E-01  1.87074E-01
    5995.789    -10.578   0.500  6.74263E-01  5.35122E-01  2.25765E-01
    5995.989    -10.378   0.550  7.12494E-01  5.55826E-01  2.50268E-01
    5996.208    -10.159   0.600  7.33998E-01  5.76529E-01  2.47712E-01
    5996.446     -9.921   0.650  7.40401E-01  5.94443E-01  2.25695E-01
    5996.703     -9.664   0.700  7.29057E-01  6.12356E-01  1.77433E-01
    5996.980     -9.388   0.750  7.00741E-01  6.28806E-01  1.07397E-01
    5997.275     -9.093   0.800  6.56128E-01  6.45256E-01  1.59440E-02
    5997.589     -8.778   0.850  5.94821E-01  6.60962E-01 -9.51898E-02
    5997.923     -8.445   0.900  5.21789E-01  6.76669E-01 -2.18824E-01
    5998.275     -8.092   0.950  4.35502E-01  6.91949E-01 -3.55535E-01
    5998.647     -7.721   1.000  3.45481E-01  7.07228E-01 -4.92295E-01
    5999.037     -7.330   1.050  2.49873E-01  7.22166E-01 -6.30841E-01
    5999.447     -6.921   1.100  1.61522E-01  7.37103E-01 -7.54835E-01
    5999.875     -6.492   1.150  7.92163E-02  7.51627E-01 -8.66057E-01
    6000.323     -6.045   1.200  1.64609E-02  7.66151E-01 -9.48634E-01
    6000.790     -5.578   1.250 -2.70177E-02  7.80149E-01 -1.00402E+00
    6001.275     -5.092   1.300 -4.03632E-02  7.94147E-01 -1.02071E+00
    6001.780     -4.587   1.350 -2.33904E-02  8.07441E-01 -1.00011E+00
    6002.304     -4.063   1.400  2.90854E-02  8.20735E-01 -9.38079E-01
    6002.847     -3.520   1.450  1.16640E-01  8.33173E-01 -8.36755E-01
    6003.409     -2.959   1.500  2.37000E-01  8.45612E-01 -7.00566E-01
    6003.990     -2.377   1.550  3.88143E-01  8.57026E-01 -5.32706E-01
    6004.590     -1.777   1.600  5.60522E-01  8.68439E-01 -3.45340E-01
    6005.209     -1.158   1.650  7.50261E-01  8.78681E-01 -1.42384E-01
    6005.847     -0.520   1.700  9.42692E-01  8.88924E-01  5.89427E-02
    6006.505      0.137   1.750  1.13250E+00  8.97904E-01  2.54671E-01
    6007.181      0.813   1.800  1.30389E+00  9.06884E-01  4.26821E-01
    6007.876      1.509   1.850  1.45184E+00  9.14497E-01  5.73070E-01
    6008.591      2.223   1.900  1.56370E+00  9.22109E-01  6.78816E-01
    6009.324      2.956   1.950  1.63662E+00  9.28260E-01  7.44770E-01
    6010.076      3.709   2.000  1.66531E+00  9.34410E-01  7.63691E-01
    6010.848      4.480   2.050  1.64960E+00  9.38510E-01  7.40255E-01
    6011.639      5.271   2.100  1.59437E+00  9.42610E-01  6.76005E-01
    6012.448      6.081   2.150  1.50925E+00  9.46710E-01  5.81327E-01
    6013.277      6.909   2.200  1.40615E+00  9.50810E-01  4.68833E-01
    6014.125      7.757   2.250  1.28313E+00  9.51008E-01  3.42210E-01
    6014.991      8.624   2.300  1.16621E+00  9.51205E-01  2.21695E-01
    6015.877      9.510   2.350  1.06902E+00  9.51403E-01  1.21366E-01
    6016.782     10.415   2.400  1.00112E+00  9.51600E-01  5.11314E-02
    6017.706     11.338   2.450  9.63576E-01  9.48733E-01  1.53279E-02
    6018.649     12.281   2.500  9.61814E-01  9.45865E-01  1.64701E-02
    6019.611     13.243   2.550  9.86682E-01  9.42998E-01  4.51118E-02
    6020.592     14.225   2.600  1.02427E+00  9.40130E-01  8.68937E-02
    6021.592     15.225   2.650  1.06013E+00  9.46063E-01  1.17280E-01
    6022.611     16.244   2.700  1.08457E+00  9.51995E-01  1.35719E-01
    6023.650     17.282   2.750  1.09345E+00  9.57927E-01  1.38130E-01
    6024.707     18.339   2.800  1.08587E+00  9.63859E-01  1.23825E-01
    6025.783     19.416   2.850  1.06417E+00  9.67150E-01  9.81919E-02
    6026.878     20.511   2.900  1.03273E+00  9.70441E-01  6.28786E-02
    6027.993     21.625   2.950  9.94249E-01  9.73732E-01  2.06552E-02
    6029.126     22.759   3.000  9.52007E-01  9.77022E-01 -2.51173E-02
    6030.279     23.911   3.050  9.07092E-01  9.78559E-01 -7.16921E-02
    6031.450     25.083   3.100  8.64347E-01  9.80095E-01 -1.16007E-01
    6032.641     26.274   3.150  8.26380E-01  9.81631E-01 -1.55458E-01
    6033.851     27.483   3.200  7.94986E-01  9.83168E-01 -1.88263E-01
    6035.079     28.712   3.250  7.69262E-01  9.83261E-01 -2.14002E-01
    6036.327     29.960   3.300  7.51376E-01  9.83354E-01 -2.31885E-01
    6037.594     31.227   3.350  7.41114E-01  9.83448E-01 -2.42136E-01
    6038.880     32.512   3.400  7.37928E-01  9.83541E-01 -2.45311E-01
    6040.185     33.817   3.450  7.40362E-01  9.83376E-01 -2.42781E-01
    6041.509     35.141   3.500  7.48630E-01  9.83210E-01 -2.34420E-01
    6042.852     36.484   3.550  7.62414E-01  9.83045E-01 -2.20541E-01
    6044.214     37.846   3.600  7.81515E-01  9.82879E-01 -2.01337E-01
    6045.595     39.228   3.650  8.04887E-01  9.82098E-01 -1.77241E-01
    6046.995     40.628   3.700  8.33349E-01  9.81316E-01 -1.48036E-01
    6048.414     42.047   3.750  8.66449E-01  9.80535E-01 -1.14174E-01
    6049.853     43.485   3.800  9.03091E-01  9.79753E-01 -7.67438E-02
    6051.310     44.943   3.850  9.42060E-01  9.79212E-01 -3.72033E-02
    6052.786     46.419   3.900  9.81656E-01  9.78672E-01  2.98964E-03
    6054.282     47.914   3.950  1.01984E+00  9.78131E-01  4.17929E-02
    6055.796     49.429   4.000  1.05456E+00  9.77590E-01  7.71401E-02
    6057.330     50.962   4.050  1.08461E+00  9.77157E-01  1.07715E-01
    6058.882     52.515   4.100  1.10816E+00  9.76723E-01  1.31774E-01
    6060.454     54.086   4.150  1.12452E+00  9.76289E-01  1.48636E-01
    6062.045     55.677   4.200  1.13371E+00  9.75855E-01  1.58312E-01
    6063.654     57.287   4.250  1.13660E+00  9.75454E-01  1.61607E-01
    6065.283     58.916   4.300  1.13383E+00  9.75052E-01  1.59234E-01
    6066.931     60.563   4.350  1.12665E+00  9.74651E-01  1.52428E-01
    6068.598     62.230   4.400  1.11622E+00  9.74250E-01  1.42374E-01
    6070.284     63.916   4.450  1.10409E+00  9.74284E-01  1.30180E-01
    6071.989     65.621   4.500  1.09022E+00  9.74318E-01  1.16233E-01
    6073.713     67.345   4.550  1.07485E+00  9.74352E-01  1.00786E-01
    6075.456     69.088   4.600  1.05799E+00  9.74386E-01  8.38434E-02
    6077.218     70.850   4.650  1.03980E+00  9.74392E-01  6.55982E-02
    6078.999     72.632   4.700  1.02015E+00  9.74398E-01  4.58854E-02
    6080.799     74.432   4.750  9.99381E-01  9.74404E-01  2.50508E-02
    6082.619     76.251   4.800  9.78238E-01  9.74411E-01  3.83903E-03
    6084.457     78.089   4.850  9.57888E-01  9.74445E-01 -1.66098E-02
    6086.314     79.947   4.900  9.39508E-01  9.74478E-01 -3.50901E-02
    6088.191     81.823   4.950  9.24464E-01  9.74512E-01 -5.02309E-02
    6090.086     83.719   5.000  9.13871E-01  9.74546E-01 -6.09100E-02
    6092.001     85.633   5.050  9.07977E-01  9.74461E-01 -6.67697E-02
    6093.934     87.567   5.100  9.07052E-01  9.74375E-01 -6.76412E-02
    6095.887     89.519   5.150  9.10394E-01  9.74290E-01 -6.42249E-02
    6097.858     91.491   5.200  9.16727E-01  9.74205E-01 -5.77974E-02
    6099.849     93.482   5.250  9.23974E-01  9.73903E-01 -5.02452E-02
    6101.859     95.491   5.300  9.31007E-01  9.73601E-01 -4.28961E-02
    6103.888     97.520   5.350  9.36542E-01  9.73298E-01 -3.70458E-02
    6105.936     99.568   5.400  9.39850E-01  9.72996E-01 -3.34330E-02
    6108.003    101.635   5.450  9.40488E-01  9.72465E-01 -3.22902E-02
    6110.089    103.721   5.500  9.39462E-01  9.71935E-01 -3.28263E-02
    6112.194    105.826   5.550  9.37777E-01  9.71404E-01 -3.40320E-02
    6114.318    107.950   5.600  9.36571E-01  9.70873E-01 -3.47535E-02
    6116.461    110.093   5.650  9.36486E-01  9.70013E-01 -3.40180E-02
    6118.623    112.255   5.700  9.38439E-01  9.69152E-01 -3.12081E-02
    6120.804    114.437   5.750  9.42430E-01  9.68292E-01 -2.63174E-02
    6123.004    116.637   5.800  9.47943E-01  9.67432E-01 -1.98607E-02
    6125.224    118.856   5.850  9.53829E-01  9.66286E-01 -1.27158E-02
    6127.462    121.095   5.900  9.59429E-01  9.65140E-01 -5.83981E-03
    6129.719    123.352   5.950  9.63992E-01  9.63994E-01 -1.56777E-06
    6131.996    125.628   6.000  9.67173E-01  9.62848E-01  4.43862E-03
    6134.291    127.924   6.050  9.68893E-01  9.61434E-01  7.66898E-03
    6136.606    130.239   6.100  9.70000E-01  9.60021E-01  1.02806E-02
    6138.940    132.572   6.150  9.71261E-01  9.58608E-01  1.30615E-02
    6141.292    134.925   6.200  9.73349E-01  9.57195E-01  1.67091E-02
    6143.664    137.297   6.250  9.76591E-01  9.55782E-01  2.15676E-02
    6146.055    139.687   6.300  9.80820E-01  9.54369E-01  2.74698E-02
    6148.465    142.097   6.350  9.85375E-01  9.52956E-01  3.37358E-02
    6150.893    144.526   6.400  9.89266E-01  9.51543E-01  3.93344E-02
    6153.341    146.974   6.450  9.91443E-01  9.50129E-01  4.31641E-02
    6155.808    149.441   6.500  9.91101E-01  9.48716E-01  4.43733E-02
    6158.294    151.927   6.550  9.88243E-01  9.47317E-01  4.29266E-02
    6160.799    154.432   6.600  9.82785E-01  9.45917E-01  3.87429E-02
    6163.324    156.956   6.650  9.75571E-01  9.44517E-01  3.26947E-02
    6165.867    159.499   6.700  9.67769E-01  9.43118E-01  2.60035E-02
    6168.429    162.061   6.750  9.60530E-01  9.41718E-01  1.98812E-02
    6171.010    164.643   6.800  9.54637E-01  9.40318E-01  1.51612E-02
    6173.611    167.243   6.850  9.50259E-01  9.38918E-01  1.20305E-02
    6176.230    169.862   6.900  9.46878E-01  9.37519E-01  9.94793E-03
    6178.868    172.501   6.950  9.43431E-01  9.36119E-01  7.78687E-03
    6181.526    175.158   7.000  9.38630E-01  9.34719E-01  4.17241E-03
    6184.202    177.835   7.050  9.31519E-01  9.33681E-01 -2.30901E-03
    6186.898    180.530   7.100  9.21388E-01  9.32642E-01 -1.20397E-02
    6189.612    183.245   7.150  9.08668E-01  9.31603E-01 -2.45704E-02
    6192.346    185.979   7.200  8.94718E-01  9.30565E-01 -3.84542E-02
    6195.099    188.731   7.250  8.81605E-01  9.29526E-01 -5.14763E-02
    6197.871    191.503   7.300  8.71668E-01  9.28488E-01 -6.11176E-02
    6200.661    194.294   7.350  8.66965E-01  9.27449E-01 -6.51470E-02
    6203.471    197.104   7.400  8.68749E-01  9.26410E-01 -6.21910E-02
    6206.300    199.933   7.450  8.77099E-01  9.25372E-01 -5.21352E-02
    6209.148    202.781   7.500  8.90822E-01  9.24333E-01 -3.62426E-02
    6212.015    205.648   7.550  9.07827E-01  9.23468E-01 -1.69313E-02
    6214.901    208.534   7.600  9.25130E-01  9.22603E-01  2.73804E-03
    6217.806    211.439   7.650  9.39790E-01  9.21738E-01  1.95770E-02
    6220.730    214.363   7.700  9.49478E-01  9.20872E-01  3.10506E-02
    6223.674    217.306   7.750  9.52973E-01  9.20007E-01  3.58166E-02
    6226.636    220.268   7.800  9.50389E-01  9.19142E-01  3.39798E-02
    6229.617    223.250   7.850  9.43083E-01  9.18277E-01  2.70011E-02
    6232.618    226.250   7.900  9.33279E-01  9.17412E-01  1.72864E-02
    6235.637    229.270   7.950  9.23484E-01  9.16546E-01  7.56465E-03
    6238.676    232.308   8.000  9.15877E-01  9.15681E-01  2.13928E-04
    6241.733    235.366   8.050  9.11738E-01  9.14749E-01 -3.28878E-03
    6244.810    238.442   8.100  9.11399E-01  9.13816E-01 -2.64362E-03
    6247.905    241.538   8.150  9.14038E-01  9.12883E-01  1.26379E-03
    6251.020    244.652   8.200  9.18047E-01  9.11951E-01  6.67963E-03
    6254.154    247.786   8.250  9.21526E-01  9.11018E-01  1.15242E-02
    6257.306    250.939   8.300  9.22841E-01  9.10085E-01  1.40027E-02
    6260.478    254.111   8.350  9.21092E-01  9.09153E-01  1.31187E-02
    6263.669    257.302   8.400  9.16361E-01  9.08220E-01  8.95396E-03
    6266.879    260.511   8.450  9.09686E-01  9.07288E-01  2.64086E-03
    6270.108    263.740   8.500  9.02761E-01  9.06355E-01 -3.96003E-03
    6273.356    266.988   8.550  8.97197E-01  9.05156E-01 -8.78151E-03
    6276.623    270.255   8.600  8.94742E-01  9.03957E-01 -1.01804E-02
    6279.909    273.542   8.650  8.96107E-01  9.02758E-01 -7.35784E-03
    6283.214    276.847   8.700  9.00971E-01  9.01560E-01 -6.52392E-04
    6286.538    280.171   8.750  9.08024E-01  9.00361E-01  8.49754E-03
    6289.882    283.514   8.800  9.15269E-01  8.99162E-01  1.78836E-02
    6293.244    286.877   8.850  9.20510E-01  8.97963E-01  2.50649E-02
    6296.625    290.258   8.900  9.21898E-01  8.96764E-01  2.79752E-02
    6300.026    293.658   8.950  9.18396E-01  8.95566E-01  2.54435E-02
    6303.445    297.078   9.000  9.10048E-01  8.94367E-01  1.74985E-02
    6306.884    300.516   9.050  8.97830E-01  8.93027E-01  5.36742E-03
    6310.341    303.974   9.100  8.83832E-01  8.91687E-01 -8.78951E-03
    6313.818    307.450   9.150  8.70385E-01  8.90348E-01 -2.23694E-02
    6317.314    310.946   9.200  8.59681E-01  8.89008E-01 -3.29084E-02
    6320.828    314.461   9.250  8.53304E-01  8.87668E-01 -3.86145E-02
    6324.362    317.995   9.300  8.51913E-01  8.86328E-01 -3.87260E-02
    6327.915    321.547   9.350  8.55154E-01  8.84989E-01 -3.36193E-02
    6331.487    325.119   9.400  8.61802E-01  8.83649E-01 -2.46529E-02
    6335.078    328.710   9.450  8.70095E-01  8.82309E-01 -1.38026E-02
    6338.688    332.320   9.500  8.78154E-01  8.80970E-01 -3.18629E-03
    6342.317    335.949   9.550  8.84381E-01  8.79678E-01  5.32978E-03
    6345.965    339.597   9.600  8.87867E-01  8.78385E-01  1.07584E-02
    6349.632    343.264   9.650  8.88362E-01  8.77093E-01  1.28036E-02
    6353.318    346.950   9.700  8.86271E-01  8.75801E-01  1.19124E-02
    6357.023    350.656   9.750  8.82464E-01  8.74509E-01  9.06352E-03
    6360.747    354.380   9.800  8.78008E-01  8.73217E-01  5.46600E-03
    6364.491    358.123   9.850  8.73894E-01  8.71925E-01  2.24992E-03
    6368.253    361.886   9.900  8.70828E-01  8.70633E-01  2.23133E-04
    6372.034    365.667   9.950  8.69117E-01  8.69341E-01 -2.56516E-04
    6375.835    369.467  10.000  8.68677E-01  8.68049E-01  7.20673E-04
    6379.654    373.287  10.050  8.69191E-01  8.66783E-01  2.76694E-03
    6383.493    377.126  10.100  8.70043E-01  8.65517E-01  5.20770E-03
    6387.351    380.983  10.150  8.70754E-01  8.64251E-01  7.49332E-03
    6391.227    384.860  10.200  8.71008E-01  8.62985E-01  9.25719E-03
    6395.123    388.755  10.250  8.70690E-01  8.61719E-01  1.03664E-02
    6399.038    392.670  10.300  8.69860E-01  8.60453E-01  1.08856E-02
    6402.972    396.604  10.350  8.68662E-01  8.59187E-01  1.09803E-02
    6406.924    400.557  10.400  8.67228E-01  8.57921E-01  1.08011E-02
    6410.896    404.529  10.450  8.65597E-01  8.56655E-01  1.03931E-02
    6414.887    408.520  10.500  8.63689E-01  8.55390E-01  9.66090E-03
    6418.897    412.530  10.550  8.61330E-01  8.54124E-01  8.40094E-03
    6422.926    416.559  10.600  8.58328E-01  8.52858E-01  6.38556E-03
    6426.974    420.607  10.650  8.54560E-01  8.51592E-01  3.46988E-03
    6431.042    424.674  10.700  8.50055E-01  8.50326E-01 -3.17523E-04
    6435.128    428.760  10.750  8.45025E-01  8.49060E-01 -4.73161E-03
    6439.233    432.866  10.800  8.39847E-01  8.47794E-01 -9.33219E-03
    6443.357    436.990  10.850  8.34993E-01  8.46528E-01 -1.35651E-02
    6447.501    441.133  10.900  8.30930E-01  8.45262E-01 -1.68800E-02
    6451.663    445.296  10.950  8.28014E-01  8.43996E-01 -1.88508E-02
    6455.845    449.477  11.000  8.26422E-01  8.42730E-01 -1.92642E-02
    6460.045    453.678  11.050  8.25892E-01  8.41259E-01 -1.81845E-02
    6464.265    457.897  11.100  8.26465E-01  8.39789E-01 -1.57944E-02
    6468.503    462.136  11.150  8.27808E-01  8.38318E-01 -1.24813E-02
    6472.761    466.393  11.200  8.29567E-01  8.36847E-01 -8.66154E-03
    6477.038    470.670  11.250  8.31448E-01  8.35376E-01 -4.68206E-03
    6481.333    474.966  11.300  8.33268E-01  8.33905E-01 -7.61479E-04
    6485.648    479.281  11.350  8.34952E-01  8.32435E-01  3.01102E-03
    6489.982    483.615  11.400  8.36491E-01  8.30964E-01  6.62377E-03
    6494.335    487.967  11.450  8.37872E-01  8.29493E-01  1.00587E-02
    6498.707    492.339  11.500  8.39005E-01  8.28022E-01  1.32082E-02
    6503.098    496.730  11.550  8.39687E-01  8.26551E-01  1.58267E-02
    6507.508    501.140  11.600  8.39611E-01  8.25080E-01  1.75391E-02
    6511.937    505.570  11.650  8.38423E-01  8.23610E-01  1.79128E-02
    6516.385    510.018  11.700  8.35822E-01  8.22139E-01  1.65759E-02
    6520.852    514.485  11.750  8.31669E-01  8.20668E-01  1.33513E-02
    6525.339    518.971  11.800  8.26076E-01  8.19197E-01  8.36380E-03
    6529.844    523.477  11.850  8.19440E-01  8.17726E-01  2.08756E-03
    6534.368    528.001  11.900  8.12411E-01  8.16256E-01 -4.69122E-03
    6538.912    532.544  11.950  8.05793E-01  8.14785E-01 -1.09935E-02
    6543.474    537.107  12.000  8.00393E-01  8.13314E-01 -1.58268E-02
    6548.056    541.688  12.050  7.96794E-01  8.11830E-01 -1.84500E-02
    6552.656    546.289  12.100  7.95448E-01  8.10346E-01 -1.83145E-02
    6557.276    550.908  12.150  7.96349E-01  8.08862E-01 -1.54111E-02
    6561.915    555.547  12.200  7.99103E-01  8.07378E-01 -1.02106E-02
    6566.572    560.205  12.250  8.03001E-01  8.05895E-01 -3.57622E-03
    6571.249    564.882  12.300  8.07160E-01  8.04411E-01  3.40493E-03
    6575.945    569.577  12.350  8.10691E-01  8.02927E-01  9.63220E-03
    6580.660    574.292  12.400  8.12864E-01  8.01443E-01  1.41958E-02
    6585.394    579.026  12.450  8.13234E-01  7.99959E-01  1.65309E-02
    6590.147    583.779  12.500  8.11693E-01  7.98475E-01  1.64902E-02
    6594.919    588.551  12.550  8.08453E-01  7.96991E-01  1.43265E-02
    6599.710    593.342  12.600  8.03968E-01  7.95507E-01  1.05951E-02
    6604.520    598.152  12.650  7.98813E-01  7.94024E-01  6.00850E-03
    6609.349    602.981  12.700  7.93557E-01  7.92540E-01  1.27913E-03
    6614.197    607.830  12.750  7.88665E-01  7.91056E-01 -3.01058E-03
    6619.064    612.697  12.800  7.84431E-01  7.89572E-01 -6.48580E-03
    6623.951    617.583  12.850  7.80973E-01  7.88088E-01 -8.99383E-03
    6628.856    622.488  12.900  7.78263E-01  7.86604E-01 -1.05632E-02
    6633.780    627.413  12.950  7.76192E-01  7.85120E-01 -1.13280E-02
    6638.724    632.356  13.000  7.74633E-01  7.83636E-01 -1.14447E-02
    6643.686    637.319  13.050  7.73430E-01  7.82129E-01 -1.10794E-02
    6648.668    642.300  13.100  7.72625E-01  7.80621E-01 -1.02041E-02
    6653.669    647.301  13.150  7.72237E-01  7.79113E-01 -8.79293E-03
    6658.688    652.321  13.200  7.72290E-01  7.77605E-01 -6.81025E-03
    6663.727    657.359  13.250  7.72774E-01  7.76097E-01 -4.26622E-03
    6668.785    662.417  13.300  7.73607E-01  7.74589E-01 -1.26380E-03
    6673.861    667.494  13.350  7.74618E-01  7.73081E-01  1.98111E-03
    6678.957    672.590  13.400  7.75564E-01  7.71573E-01  5.15449E-03
    6684.072    677.705  13.450  7.76164E-01  7.70066E-01  7.89191E-03
    6689.206    682.839  13.500  7.76151E-01  7.68558E-01  9.84728E-03
    6694.359    687.992  13.550  7.75335E-01  7.67050E-01  1.07651E-02
    6699.531    693.164  13.600  7.73636E-01  7.65542E-01  1.05380E-02
    6704.722    698.355  13.650  7.71112E-01  7.64034E-01  9.23447E-03
    6709.932    703.565  13.700  7.67951E-01  7.62526E-01  7.09146E-03
    6715.162    708.794  13.750  7.64432E-01  7.61018E-01  4.47201E-03
    6720.410    714.042  13.800  7.60881E-01  7.59510E-01  1.79886E-03
    6725.677    719.310  13.850  7.57606E-01  7.58003E-01 -5.22222E-04
    6730.964    724.596  13.900  7.54846E-01  7.56495E-01 -2.17348E-03
    6736.269    729.901  13.950  7.52732E-01  7.54987E-01 -2.97726E-03
    6741.593    735.226  14.000  7.51272E-01  7.53479E-01 -2.92027E-03
    6746.937    740.569  14.050  7.50254E-01  7.51877E-01 -2.15311E-03
    6752.299    745.932  14.100  7.49567E-01  7.50276E-01 -9.42117E-04
    6757.681    751.314  14.150  7.48957E-01  7.48674E-01  3.76272E-04
    6763.082    756.714  14.200  7.48167E-01  7.47073E-01  1.46055E-03
    6768.501    762.134  14.250  7.46985E-01  7.45471E-01  2.02461E-03
    6773.940    767.573  14.300  7.45277E-01  7.43870E-01  1.88692E-03
    6779.398    773.030  14.350  7.43013E-01  7.42268E-01  1.00136E-03
    6784.875    778.507  14.400  7.40270E-01  7.40667E-01 -5.34180E-04
    6790.371    784.003  14.450  7.37218E-01  7.39065E-01 -2.49276E-03
    6795.886    789.518  14.500  7.34096E-01  7.37464E-01 -4.55512E-03
    6801.420    795.052  14.550  7.31169E-01  7.35862E-01 -6.36320E-03
    6806.973    800.605  14.600  7.28680E-01  7.34261E-01 -7.58261E-03
    6812.545    806.177  14.650  7.26811E-01  7.32659E-01 -7.96381E-03
    6818.136    811.769  14.700  7.25642E-01  7.31058E-01 -7.39078E-03
    6823.746    817.379  14.750  7.25138E-01  7.29456E-01 -5.90689E-03
    6829.375    823.008  14.800  7.25148E-01  7.27854E-01 -3.71117E-03
    6835.024    828.656  14.850  7.25435E-01  7.26253E-01 -1.12364E-03
    6840.691    834.324  14.900  7.25722E-01  7.24651E-01  1.47501E-03
    6846.378    840.010  14.950  7.25743E-01  7.23050E-01  3.71745E-03
    6852.083    845.715  15.000  7.25295E-01  7.21448E-01  5.32160E-03
    6857.807    851.440  15.050  7.24335E-01  7.19881E-01  6.17609E-03
    6863.551    857.184  15.100  7.22812E-01  7.18313E-01  6.25060E-03
    6869.314    862.946  15.150  7.20835E-01  7.16746E-01  5.69526E-03
    6875.095    868.728  15.200  7.18589E-01  7.15179E-01  4.76002E-03
    6880.896    874.528  15.250  7.16273E-01  7.13611E-01  3.72340E-03
    6886.716    880.348  15.300  7.14052E-01  7.12044E-01  2.81589E-03
    6892.555    886.187  15.350  7.12013E-01  7.10476E-01  2.15893E-03
    6898.412    892.045  15.400  7.10142E-01  7.08909E-01  1.73710E-03
    6904.289    897.922  15.450  7.08342E-01  7.07342E-01  1.41227E-03
    6910.185    903.818  15.500  7.06465E-01  7.05774E-01  9.77406E-04
    6916.100    909.733  15.550  7.04373E-01  7.04207E-01  2.35379E-04
    6922.034    915.667  15.600  7.01992E-01  7.02639E-01 -9.19630E-04
    6927.987    921.620  15.650  6.99357E-01  7.01072E-01 -2.44315E-03
    6933.960    927.592  15.700  6.96616E-01  6.99504E-01 -4.12379E-03
    6939.951    933.583  15.750  6.94011E-01  6.97937E-01 -5.61795E-03
    6945.961    939.593  15.800  6.91817E-01  6.96370E-01 -6.53027E-03
    6951.990    945.623  15.850  6.90266E-01  6.94802E-01 -6.52068E-03
    6958.039    951.671  15.900  6.89481E-01  6.93235E-01 -5.40930E-03
    6964.106    957.739  15.950  6.89418E-01  6.91667E-01 -3.24924E-03
    6970.192    963.825  16.000  6.89862E-01  6.90100E-01 -3.43950E-04
    6976.298    969.930  16.050  6.90435E-01  6.88495E-01  2.81434E-03
    6982.423    976.055  16.100  6.90744E-01  6.86890E-01  5.60575E-03
    6988.566    982.199  16.150  6.90399E-01  6.85285E-01  7.45641E-03
    6994.729    988.361  16.200  6.89132E-01  6.83680E-01  7.96721E-03
    7000.910    994.543  16.250  6.86863E-01  6.82075E-01  7.01491E-03
    7007.111   1000.744  16.300  6.83731E-01  6.80470E-01  4.78942E-03
    7013.331   1006.964  16.350  6.80058E-01  6.78865E-01  1.75543E-03
    7019.570   1013.202  16.400  6.76275E-01  6.77260E-01 -1.45394E-03
    7025.828   1019.460  16.450  6.72826E-01  6.75655E-01 -4.18557E-03
    7032.105   1025.737  16.500  6.70058E-01  6.74050E-01 -5.91955E-03
    7038.401   1032.033  16.550  6.68148E-01  6.72445E-01 -6.38801E-03
    7044.716   1038.348  16.600  6.67062E-01  6.70840E-01 -5.62918E-03
    7051.050   1044.682  16.650  6.66582E-01  6.69235E-01 -3.96319E-03
    7057.403   1051.036  16.700  6.66363E-01  6.67630E-01 -1.89689E-03
    7063.775   1057.408  16.750  6.66036E-01  6.66025E-01  1.60730E-05
    7070.166   1063.799  16.800  6.65299E-01  6.64420E-01  1.32219E-03
    7076.577   1070.209  16.850  6.63997E-01  6.62815E-01  1.78261E-03
    7083.006   1076.639  16.900  6.62153E-01  6.61210E-01  1.42514E-03
    7089.454   1083.087  16.950  6.59949E-01  6.59605E-01  5.21161E-04
    7095.922   1089.554  17.000  6.57668E-01  6.58000E-01 -5.04553E-04
    7102.408   1096.041  17.050  6.55647E-01  6.56424E-01 -1.18375E-03
    7108.914   1102.546  17.100  6.54054E-01  6.54848E-01 -1.21245E-03
    7115.439   1109.071  17.150  6.52964E-01  6.53272E-01 -4.70609E-04
    7121.982   1115.615  17.200  6.52290E-01  6.51696E-01  9.12949E-04
    7128.545   1122.177  17.250  6.51806E-01  6.50119E-01  2.59564E-03
    7135.127   1128.759  17.300  6.51213E-01  6.48543E-01  4.11781E-03
    7141.727   1135.360  17.350  6.50222E-01  6.46967E-01  5.03313E-03
    7148.347   1141.980  17.400  6.48640E-01  6.45391E-01  5.03573E-03
    7154.986   1148.619  17.450  6.46420E-01  6.43815E-01  4.04816E-03
    7161.644   1155.277  17.500  6.43680E-01  6.42239E-01  2.24611E-03
    7168.321   1161.954  17.550  6.40671E-01  6.40662E-01  1.32723E-05
    7175.017   1168.650  17.600  6.37707E-01  6.39086E-01 -2.16009E-03
    7181.732   1175.365  17.650  6.35085E-01  6.37510E-01 -3.80640E-03
    7188.466   1182.099  17.700  6.33009E-01  6.35934E-01 -4.60160E-03
    7195.220   1188.852  17.750  6.31540E-01  6.34358E-01 -4.44462E-03
    7201.992   1195.624  17.800  6.30584E-01  6.32782E-01 -3.47468E-03
    7208.783   1202.416  17.850  6.29929E-01  6.31205E-01 -2.02320E-03
    7215.594   1209.226  17.900  6.29305E-01  6.29629E-01 -5.15586E-04
    7222.423   1216.055  17.950  6.28460E-01  6.28053E-01  6.48509E-04
    7229.271   1222.904  18.000  6.27230E-01  6.26477E-01  1.20244E-03
    7236.139   1229.771  18.050  6.25594E-01  6.24919E-01  1.08011E-03
    7243.025   1236.658  18.100  6.23616E-01  6.23361E-01  4.08527E-04
    7249.931   1243.564  18.150  6.21481E-01  6.21804E-01 -5.18799E-04
    7256.856   1250.488  18.200  6.19413E-01  6.20246E-01 -1.34440E-03
    7263.799   1257.432  18.250  6.17603E-01  6.18688E-01 -1.75498E-03
    7270.762   1264.395  18.300  6.16161E-01  6.17130E-01 -1.57230E-03
    7277.744   1271.376  18.350  6.15079E-01  6.15572E-01 -8.01644E-04
    7284.745   1278.377  18.400  6.14244E-01  6.14014E-01  3.74557E-04
    7291.765   1285.397  18.450  6.13468E-01  6.12456E-01  1.65400E-03
    7298.804   1292.436  18.500  6.12549E-01  6.10899E-01  2.70423E-03
    7305.862   1299.494  18.550  6.11324E-01  6.09341E-01  3.25774E-03
    7312.939   1306.571  18.600  6.09716E-01  6.07783E-01  3.18488E-03
    7320.035   1313.667  18.650  6.07754E-01  6.06225E-01  2.52451E-03
    7327.150   1320.782  18.700  6.05552E-01  6.04667E-01  1.46520E-03
    7334.284   1327.917  18.750  6.03281E-01  6.03109E-01  2.84831E-04
    7341.437   1335.070  18.800  6.01112E-01  6.01552E-01 -7.32137E-04
    7348.610   1342.242  18.850  5.99170E-01  5.99994E-01 -1.37448E-03
    7355.801   1349.433  18.900  5.97505E-01  5.98436E-01 -1.55781E-03
    7363.011   1356.644  18.950  5.96081E-01  5.96878E-01 -1.33753E-03
    7370.241   1363.873  19.000  5.94798E-01  5.95320E-01 -8.79331E-04
    7377.489   1371.122  19.050  5.93550E-01  5.93787E-01 -4.00245E-04
    7384.757   1378.389  19.100  5.92199E-01  5.92254E-01 -9.42213E-05
    7392.043   1385.676  19.150  5.90681E-01  5.90721E-01 -6.93994E-05
    7399.349   1392.982  19.200  5.89002E-01  5.89189E-01 -3.17310E-04
    7406.674   1400.306  19.250  5.87233E-01  5.87656E-01 -7.20396E-04
    7414.018   1407.650  19.300  5.85481E-01  5.86123E-01 -1.09559E-03
    7421.380   1415.013  19.350  5.83855E-01  5.84590E-01 -1.25935E-03
    7428.762   1422.395  19.400  5.82420E-01  5.83057E-01 -1.09307E-03
    7436.163   1429.796  19.450  5.81183E-01  5.81524E-01 -5.87667E-04
    7443.583   1437.216  19.500  5.80076E-01  5.79991E-01  1.47074E-04
    7451.022   1444.654  19.550  5.78985E-01  5.78458E-01  9.11951E-04
    7458.480   1452.113  19.600  5.77776E-01  5.76925E-01  1.47787E-03
    7465.957   1459.590  19.650  5.76344E-01  5.75392E-01  1.65741E-03
    7473.453   1467.086  19.700  5.74642E-01  5.73859E-01  1.36632E-03
    7480.968   1474.601  19.750  5.72701E-01  5.72326E-01  6.55727E-04
    7488.503   1482.135  19.800  5.70625E-01  5.70793E-01 -2.95535E-04
    7496.056   1489.689  19.850  5.68563E-01  5.69260E-01 -1.22728E-03
    7503.628   1497.261  19.900  5.66667E-01  5.67727E-01 -1.87004E-03
    7511.220   1504.852  19.950  5.65051E-01  5.66194E-01 -2.02210E-03
    7518.830   1512.463  20.000  5.63754E-01  5.64661E-01 -1.60911E-03
