# # Once                                                         FEFF 9.6.4  
# # POT  SCF 100  7.0000   0, core-hole, AFOLP (folp(0)= 1.150)
# # Abs   Z=60 Rmt= 1.719 Rnm= 1.743 L3 shell
# # Pot 1 Z=60 Rmt= 1.753 Rnm= 1.781
# # Pot 2 Z=26 Rmt= 1.411 Rnm= 1.447
# # Pot 3 Z= 5 Rmt= 1.067 Rnm= 1.161
# # Gam_ch=3.500E+00 H-L exch Vi= 0.000E+00 Vr= 0.000E+00
# # Mu=-1.687E+01 kf=2.003E+00 Vint=-2.552E+01 Rs_int= 1.810
# # PATH  Rmax= 8.000,  Keep_limit= 0.00, Heap_limit 0.00  Pwcrit= 2.50%
#  S02=1.000  Temp=   0.00  Debye_temp=   0.00  Global_sig2= 0.00000
#  Energy zero shift, vr, vi    0.00000E+00   0.00000E+00
#  Curved wave amplitude ratio filter   4.000%
#     file         sig2 tot  cw amp ratio   deg  nlegs   reff  inp sig2
#           1       0.00000    100.00      2.00     2   3.0235
#           2       0.00000     97.24      2.00     2   3.0395
#           3       0.00000    128.20      2.00     2   3.0395
#           4       0.00000    195.80      2.00     2   3.0407
#           5       0.00000    125.50      2.00     2   3.0407
#           6       0.00000     45.18      1.00     2   3.0897
#           7       0.00000     50.62      1.00     2   3.0897
#           8       0.00000    294.10      2.00     2   3.1564
#           9       0.00000    107.90      1.00     2   3.2388
#          10       0.00000     84.93      1.00     2   3.2388
#          11       0.00000    173.40      2.00     2   3.2549
#          12       0.00000    147.40      1.00     2   3.7601
#          13       0.00000    109.60      1.00     2   3.7601
#          14       0.00000     22.53      4.00     3   4.1790
#          15       0.00000     15.94      4.00     3   4.1790
#          16       0.00000     23.19      4.00     3   4.2410
#          17       0.00000     19.26      4.00     3   4.2410
#          18       0.00000     16.02      4.00     3   4.2893
#          19       0.00000     14.72      4.00     3   4.2893
#          20       0.00000     13.89      4.00     3   4.3016
#          21       0.00000     14.40      4.00     3   4.3016
#          22       0.00000      7.50      4.00     3   4.3323
#          23       0.00000     11.06      4.00     3   4.3323
#          24       0.00000      6.98      4.00     3   4.3322
#          25       0.00000     11.93      4.00     3   4.3322
#          26       0.00000      9.13      4.00     3   4.3358
#          27       0.00000      6.76      4.00     3   4.3358
#          28       0.00000      8.05      4.00     3   4.3445
#          29       0.00000      6.78      4.00     3   4.3445
#          30       0.00000     11.32      4.00     3   4.3945
#          31       0.00000      6.65      4.00     3   4.3945
#          32       0.00000     11.23      4.00     3   4.4662
#          33       0.00000     13.15      4.00     3   4.5117
#          34       0.00000     33.50      2.00     2   4.6949
#          35       0.00000     38.33      2.00     2   4.6949
#          36       0.00000     33.24      2.00     2   4.7006
#          37       0.00000     36.85      2.00     2   4.7006
#          38       0.00000     68.13      2.00     2   4.7151
#          39       0.00000     58.03      2.00     2   4.7151
#          40       0.00000     36.40      2.00     2   4.7896
#          41       0.00000     57.36      2.00     2   4.7896
#          42       0.00000     33.04      2.00     2   4.8337
#          43       0.00000     36.33      2.00     2   4.8337
#          44       0.00000     99.41      2.00     2   4.8784
#          45       0.00000     76.66      2.00     2   4.8784
#          46       0.00000     65.21      2.00     2   5.0564
#          47       0.00000     49.36      2.00     2   5.0564
#          48       0.00000      8.23      4.00     3   5.0924
#          49       0.00000      7.67      4.00     3   5.0924
#          50       0.00000     35.21      4.00     3   5.0978
#          51       0.00000     29.77      4.00     3   5.0978
#          52       0.00000      7.12      4.00     3   5.1163
#          53       0.00000      6.16      4.00     3   5.1163
#          54       0.00000      7.16      4.00     3   5.1277
#          55       0.00000      7.05      4.00     3   5.1277
#          56       0.00000      6.58      4.00     3   5.1303
#          57       0.00000      5.95      4.00     3   5.1303
#          58       0.00000      6.90      4.00     3   5.1322
#          59       0.00000      6.50      4.00     3   5.1322
#          60       0.00000      8.90      4.00     3   5.1363
#          61       0.00000     11.66      4.00     3   5.1363
#          62       0.00000     10.25      4.00     3   5.1588
#          63       0.00000      8.60      4.00     3   5.1588
#          64       0.00000     78.31      2.00     2   5.1625
#          65       0.00000      6.26      4.00     3   5.1803
#          66       0.00000      6.58      4.00     3   5.1803
#          67       0.00000      8.75      4.00     3   5.1818
#          68       0.00000      7.53      4.00     3   5.1818
#          69       0.00000      9.52      4.00     3   5.1835
#          70       0.00000     10.67      4.00     3   5.1835
#          71       0.00000      8.22      4.00     3   5.1851
#          72       0.00000      8.52      4.00     3   5.1851
#          73       0.00000      6.07      4.00     3   5.2190
#          74       0.00000      8.32      4.00     3   5.2190
#          75       0.00000     39.72      1.00     2   5.2360
#          76       0.00000     23.42      1.00     2   5.2360
#          77       0.00000     13.02      4.00     3   5.2419
#          78       0.00000     15.64      4.00     3   5.2419
#          79       0.00000     15.62      4.00     3   5.2547
#          80       0.00000     12.82      4.00     3   5.2547
#          81       0.00000      6.74      4.00     3   5.2730
#          82       0.00000      5.41      4.00     3   5.2730
#          83       0.00000      9.90      2.00     4   5.3172
#          84       0.00000      7.99      2.00     4   5.3172
#          85       0.00000     11.29      4.00     3   5.3690
#          86       0.00000     13.24      4.00     3   5.3690
#          87       0.00000     21.58      4.00     3   5.4167
#          88       0.00000      7.74      4.00     3   5.4681
#          89       0.00000      9.27      4.00     3   5.4681
#          90       0.00000     20.78      2.00     2   5.5527
#          91       0.00000     26.09      2.00     2   5.5527
#          92       0.00000     49.29      4.00     3   5.5565
#          93       0.00000     65.88      4.00     3   5.5565
#          94       0.00000     34.99      2.00     4   5.5604
#          95       0.00000     49.30      2.00     4   5.5604
#          96       0.00000     15.31      4.00     3   5.6539
#          97       0.00000      4.97      2.00     3   5.6566
#          99       0.00000     13.63      1.00     2   5.6731
#         100       0.00000      9.61      1.00     2   5.6731
#         101       0.00000     54.19      1.00     2   5.6743
#         102       0.00000     34.08      2.00     2   5.7216
#         103       0.00000     24.30      2.00     2   5.7254
#         104       0.00000     36.18      2.00     2   5.7254
#         105       0.00000     98.62      4.00     3   5.7275
#         106       0.00000     61.78      4.00     3   5.7275
#         107       0.00000     76.87      2.00     4   5.7296
#         108       0.00000     46.26      2.00     4   5.7296
#         109       0.00000     77.86      4.00     3   5.7360
#         110       0.00000     50.61      2.00     4   5.7504
#         111       0.00000      6.00      4.00     3   5.8305
#         112       0.00000      5.00      4.00     3   5.8305
#         113       0.00000      9.82      4.00     3   5.8380
#         114       0.00000      6.73      4.00     3   5.8380
#         115       0.00000      8.62      4.00     3   5.8613
#         116       0.00000      9.48      4.00     3   5.8613
#         117       0.00000     50.97      2.00     2   5.8902
#         118       0.00000    128.70      4.00     3   5.8995
#         119       0.00000     90.18      2.00     4   5.9088
#         120       0.00000      6.80      4.00     3   5.9177
#         121       0.00000      6.73      4.00     3   5.9174
#         122       0.00000      5.43      4.00     3   5.9174
#         123       0.00000      5.67      4.00     3   5.9177
#         124       0.00000      8.86      4.00     3   5.9518
#         125       0.00000      4.18      2.00     3   5.9898
#         126       0.00000     15.98      4.00     3   5.9936
#         127       0.00000     15.92      4.00     3   6.0459
#         128       0.00000     11.76      4.00     3   6.0459
#         131       0.00000      7.26      4.00     4   6.0630
#         132       0.00000      9.25      4.00     4   6.0630
#         133       0.00000      7.22      4.00     3   6.0651
#         134       0.00000      9.00      4.00     3   6.0651
#         135       0.00000      6.45      2.00     3   6.0759
#         136       0.00000      5.93      2.00     3   6.0759
#         137       0.00000      8.03      4.00     4   6.0790
#         139       0.00000      4.01      2.00     4   6.0790
#         140       0.00000     21.21      4.00     4   6.0802
#         141       0.00000     16.60      4.00     4   6.0802
#         142       0.00000      5.70      2.00     4   6.0815
#         148       0.00000     22.67      2.00     2   6.1364
#         149       0.00000     50.22      4.00     3   6.1369
#         150       0.00000     33.87      2.00     4   6.1374
#         151       0.00000      5.65      2.00     3   6.1697
#         152       0.00000      7.24      4.00     3   6.1760
#         153       0.00000     10.56      1.00     2   6.1793
#         154       0.00000     12.00      1.00     2   6.1793
#         155       0.00000     23.04      2.00     3   6.1793
#         156       0.00000     27.30      2.00     3   6.1793
#         157       0.00000     11.23      2.00     4   6.1793
#         158       0.00000     15.39      1.00     4   6.1793
#         159       0.00000     18.68      1.00     4   6.1793
#         160       0.00000      8.13      4.00     4   6.1959
#         161       0.00000      5.35      4.00     4   6.1959
#         163       0.00000     11.54      2.00     2   6.2924
#         165       0.00000      4.39      4.00     4   6.2956
#         166       0.00000      7.22      2.00     4   6.3129
#         167       0.00000     39.06      2.00     2   6.3234
#         168       0.00000     26.32      2.00     2   6.3234
#         169       0.00000     17.24      4.00     3   6.3443
#         170       0.00000     13.85      4.00     4   6.4113
#         171       0.00000     43.21      2.00     2   6.4686
#         172       0.00000     36.11      2.00     2   6.4686
#         173       0.00000      4.14      2.00     4   6.5098
#         174       0.00000     30.26      4.00     3   6.5636
#         175       0.00000     21.82      4.00     3   6.5636
#         176       0.00000      6.78      4.00     3   6.6076
#         177       0.00000      9.39      4.00     3   6.6076
#         178       0.00000     34.02      1.00     2   6.6461
#         179       0.00000     20.19      1.00     2   6.6709
#         180       0.00000     15.41      1.00     2   6.6709
#         181       0.00000     37.30      2.00     3   6.6717
#         182       0.00000     28.36      2.00     3   6.6717
#         183       0.00000     16.96      1.00     4   6.6726
#         184       0.00000     12.80      1.00     4   6.6726
#         185       0.00000     11.11      2.00     2   6.6761
#         186       0.00000     12.47      2.00     2   6.6761
#         187       0.00000     29.76      2.00     2   6.6777
#         188       0.00000     23.70      2.00     2   6.6777
#         189       0.00000     11.89      4.00     3   6.7354
#         190       0.00000     10.74      4.00     3   6.7354
#         191       0.00000     27.09      4.00     3   6.7423
#         192       0.00000     23.21      4.00     3   6.7423
#         193       0.00000     10.54      2.00     2   6.7853
#         194       0.00000     10.79      2.00     2   6.7853
#         196       0.00000      4.35      4.00     4   6.8008
#         197       0.00000      9.90      2.00     4   6.8039
#         198       0.00000      7.42      2.00     4   6.8039
#         199       0.00000     10.37      2.00     2   6.8354
#         200       0.00000     14.09      2.00     2   6.8354
#         201       0.00000      9.49      4.00     3   6.8814
#         202       0.00000      7.88      4.00     3   6.8814
#         203       0.00000      5.41      4.00     3   6.8858
#         204       0.00000      7.00      4.00     3   6.8858
#         207       0.00000      4.52      4.00     4   6.9165
#         208       0.00000      4.57      4.00     4   6.9165
#         209       0.00000      9.81      2.00     2   6.9206
#         210       0.00000     11.99      2.00     2   6.9206
#         213       0.00000      5.78      4.00     3   6.9394
#         214       0.00000      6.85      4.00     3   6.9394
#         215       0.00000     12.48      2.00     2   6.9491
#         216       0.00000     18.85      2.00     2   6.9491
#         217       0.00000      4.79      4.00     3   6.9530
#         218       0.00000      6.48      4.00     3   6.9530
#         223       0.00000      8.04      2.00     3   6.9988
#         224       0.00000     10.00      2.00     3   6.9988
#         225       0.00000     16.05      2.00     4   6.9989
#         226       0.00000     19.97      2.00     4   6.9989
#         227       0.00000      7.49      2.00     4   7.0161
#         228       0.00000      6.25      2.00     4   7.0161
#         230       0.00000      4.04      4.00     3   7.0163
#         231       0.00000      6.88      4.00     3   7.0483
#         232       0.00000      9.56      4.00     3   7.0483
#         233       0.00000     27.52      2.00     2   7.0663
#         234       0.00000     19.14      2.00     2   7.0663
#         235       0.00000     16.58      1.00     2   7.1054
#         236       0.00000     12.88      1.00     2   7.1054
#         237       0.00000     69.39      2.00     3   7.1084
#         238       0.00000     53.49      2.00     3   7.1084
#         243       0.00000     72.49      1.00     4   7.1114
#         244       0.00000     55.34      1.00     4   7.1114
#         245       0.00000     10.82      2.00     2   7.1347
#         246       0.00000     17.67      2.00     2   7.1347
#         247       0.00000      4.06      4.00     3   7.1503
#         248       0.00000      5.84      4.00     3   7.1503
#         249       0.00000     31.49      2.00     2   7.1632
#         250       0.00000     26.81      2.00     2   7.1632
#         251       0.00000     23.49      2.00     2   7.1705
#         252       0.00000     21.04      2.00     2   7.1705
#         253       0.00000      9.83      4.00     3   7.1941
#         254       0.00000      6.86      4.00     3   7.1941
#         255       0.00000      9.24      4.00     3   7.1994
#         256       0.00000     14.95      4.00     3   7.1994
#         257       0.00000      8.53      4.00     3   7.2071
#         258       0.00000      6.38      4.00     3   7.2071
#         259       0.00000     12.25      4.00     3   7.2362
#         260       0.00000      9.35      4.00     3   7.2362
#   235/ 259 paths used
#  xsedge+50, used to normalize mu           7.2854E-04
#  -----------------------------------------------------------------------
#  omega    e    k    mu    mu0     chi     @#
    6210.364    -16.873   0.000  1.08189E+00  1.29001E+00 -7.80865E-02
    6210.374    -16.864   0.050  1.09348E+00  1.29959E+00 -7.64764E-02
    6210.402    -16.835   0.100  1.10516E+00  1.30917E+00 -7.48672E-02
    6210.450    -16.787   0.150  1.14065E+00  1.33835E+00 -7.01788E-02
    6210.517    -16.721   0.200  1.17695E+00  1.36752E+00 -6.55124E-02
    6210.603    -16.635   0.250  1.23754E+00  1.41619E+00 -5.82531E-02
    6210.707    -16.530   0.300  1.29995E+00  1.46486E+00 -5.11410E-02
    6210.831    -16.406   0.350  1.38485E+00  1.53122E+00 -4.25031E-02
    6210.974    -16.264   0.400  1.47167E+00  1.59758E+00 -3.43762E-02
    6211.136    -16.102   0.450  1.57322E+00  1.67630E+00 -2.64040E-02
    6211.317    -15.921   0.500  1.67406E+00  1.75502E+00 -1.95326E-02
    6211.517    -15.721   0.550  1.77420E+00  1.83691E+00 -1.45490E-02
    6211.736    -15.502   0.600  1.86878E+00  1.91881E+00 -1.11765E-02
    6211.974    -15.263   0.650  1.94477E+00  1.99234E+00 -1.06581E-02
    6212.231    -15.006   0.700  2.01351E+00  2.06588E+00 -1.17640E-02
    6212.508    -14.730   0.750  2.05342E+00  2.11971E+00 -1.55218E-02
    6212.803    -14.435   0.800  2.09543E+00  2.17354E+00 -1.90937E-02
    6213.117    -14.120   0.850  2.11423E+00  2.19919E+00 -2.21179E-02
    6213.450    -13.787   0.900  2.15173E+00  2.22485E+00 -2.03550E-02
    6213.803    -13.435   0.950  2.17916E+00  2.21905E+00 -1.19138E-02
    6214.174    -13.063   1.000  2.22415E+00  2.21325E+00  3.51076E-03
    6214.565    -12.673   1.050  2.25812E+00  2.17889E+00  2.73894E-02
    6214.974    -12.263   1.100  2.28790E+00  2.14453E+00  5.34750E-02
    6215.403    -11.834   1.150  2.28898E+00  2.08933E+00  7.96799E-02
    6215.851    -11.387   1.200  2.26318E+00  2.03413E+00  9.82982E-02
    6216.317    -10.920   1.250  2.20169E+00  1.96755E+00  1.07054E-01
    6216.803    -10.434   1.300  2.11219E+00  1.90097E+00  1.03329E-01
    6217.308     -9.929   1.350  2.00433E+00  1.83143E+00  8.96555E-02
    6217.832     -9.406   1.400  1.88717E+00  1.76189E+00  6.91048E-02
    6218.375     -8.863   1.450  1.77627E+00  1.69532E+00  4.70556E-02
    6218.937     -8.301   1.500  1.67363E+00  1.62876E+00  2.75708E-02
    6219.518     -7.720   1.550  1.58922E+00  1.56865E+00  1.32413E-02
    6220.118     -7.120   1.600  1.51578E+00  1.50855E+00  4.89263E-03
    6220.737     -6.501   1.650  1.45757E+00  1.45643E+00  7.97190E-04
    6221.375     -5.862   1.700  1.40297E+00  1.40432E+00 -9.89071E-04
    6222.032     -5.205   1.750  1.35606E+00  1.36052E+00 -3.39011E-03
    6222.709     -4.529   1.800  1.30707E+00  1.31672E+00 -7.59258E-03
    6223.404     -3.834   1.850  1.26314E+00  1.28090E+00 -1.43657E-02
    6224.118     -3.119   1.900  1.21861E+00  1.24508E+00 -2.20374E-02
    6224.852     -2.386   1.950  1.18476E+00  1.21936E+00 -2.93934E-02
    6225.604     -1.633   2.000  1.15601E+00  1.19364E+00 -3.26349E-02
    6226.376     -0.862   2.050  1.14641E+00  1.17959E+00 -2.92246E-02
    6227.166     -0.071   2.100  1.14397E+00  1.16554E+00 -1.92955E-02
    6227.976      0.738   2.150  1.14543E+00  1.15149E+00 -5.50157E-03
    6228.805      1.567   2.200  1.14609E+00  1.13744E+00  7.99292E-03
    6229.652      2.415   2.250  1.13861E+00  1.12061E+00  1.69083E-02
    6230.519      3.282   2.300  1.12209E+00  1.10378E+00  1.75027E-02
    6231.405      4.167   2.350  1.09683E+00  1.08695E+00  9.61499E-03
    6232.310      5.072   2.400  1.06595E+00  1.07012E+00 -4.14003E-03
    6233.234      5.996   2.450  1.03453E+00  1.05256E+00 -1.80728E-02
    6234.177      6.939   2.500  1.00573E+00  1.03499E+00 -2.96956E-02
    6235.139      7.901   2.550  9.81794E-01  1.01743E+00 -3.65883E-02
    6236.120      8.882   2.600  9.63711E-01  9.99866E-01 -3.75713E-02
    6237.120      9.882   2.650  9.57618E-01  9.91490E-01 -3.53432E-02
    6238.139     10.902   2.700  9.54536E-01  9.83113E-01 -2.99425E-02
    6239.177     11.940   2.750  9.53228E-01  9.74736E-01 -2.26297E-02
    6240.235     12.997   2.800  9.52433E-01  9.66360E-01 -1.47148E-02
    6241.311     14.073   2.850  9.56915E-01  9.64759E-01 -8.28442E-03
    6242.406     15.169   2.900  9.59723E-01  9.63159E-01 -3.62713E-03
    6243.521     16.283   2.950  9.60659E-01  9.61558E-01 -9.49205E-04
    6244.654     17.417   3.000  9.60042E-01  9.59958E-01  8.88326E-05
    6245.807     18.569   3.050  9.60512E-01  9.61175E-01 -6.96336E-04
    6246.978     19.741   3.100  9.58770E-01  9.62391E-01 -3.79314E-03
    6248.169     20.931   3.150  9.56888E-01  9.63608E-01 -7.01306E-03
    6249.379     22.141   3.200  9.56764E-01  9.64825E-01 -8.38275E-03
    6250.607     23.370   3.250  9.60840E-01  9.68426E-01 -7.85159E-03
    6251.855     24.618   3.300  9.67348E-01  9.72028E-01 -4.81988E-03
    6253.122     25.884   3.350  9.76486E-01  9.75630E-01  8.77857E-04
    6254.408     27.170   3.400  9.87901E-01  9.79231E-01  8.84574E-03
    6255.713     28.475   3.450  1.00098E+00  9.82888E-01  1.83757E-02
    6257.037     29.799   3.500  1.01412E+00  9.86545E-01  2.78670E-02
    6258.380     31.142   3.550  1.02609E+00  9.90203E-01  3.61009E-02
    6259.742     32.504   3.600  1.03574E+00  9.93860E-01  4.19439E-02
    6261.123     33.885   3.650  1.04132E+00  9.96961E-01  4.42796E-02
    6262.523     35.285   3.700  1.04305E+00  1.00006E+00  4.27702E-02
    6263.942     36.705   3.750  1.04108E+00  1.00316E+00  3.75993E-02
    6265.381     38.143   3.800  1.03597E+00  1.00627E+00  2.93654E-02
    6266.838     39.600   3.850  1.02638E+00  1.00771E+00  1.84438E-02
    6268.314     41.077   3.900  1.01564E+00  1.00914E+00  6.40903E-03
    6269.810     42.572   3.950  1.00476E+00  1.01058E+00 -5.73637E-03
    6271.324     44.087   4.000  9.94619E-01  1.01202E+00 -1.71283E-02
    6272.858     45.620   4.050  9.84310E-01  1.01182E+00 -2.70929E-02
    6274.410     47.173   4.100  9.76287E-01  1.01161E+00 -3.48208E-02
    6275.982     48.744   4.150  9.71004E-01  1.01140E+00 -3.98598E-02
    6277.573     50.335   4.200  9.68745E-01  1.01119E+00 -4.19205E-02
    6279.182     51.945   4.250  9.68289E-01  1.00959E+00 -4.08850E-02
    6280.811     53.573   4.300  9.70596E-01  1.00798E+00 -3.71026E-02
    6282.459     55.221   4.350  9.74986E-01  1.00637E+00 -3.12279E-02
    6284.126     56.888   4.400  9.80512E-01  1.00476E+00 -2.41910E-02
    6285.812     58.574   4.450  9.85521E-01  1.00243E+00 -1.69241E-02
    6287.517     60.279   4.500  9.89763E-01  1.00010E+00 -1.03807E-02
    6289.241     62.003   4.550  9.92801E-01  9.97773E-01 -5.00736E-03
    6290.984     63.746   4.600  9.94773E-01  9.95443E-01 -6.76076E-04
    6292.746     65.508   4.650  9.96352E-01  9.93038E-01  3.35833E-03
    6294.527     67.289   4.700  9.98543E-01  9.90634E-01  8.03936E-03
    6296.327     69.090   4.750  1.00221E+00  9.88230E-01  1.42561E-02
    6298.146     70.909   4.800  1.00770E+00  9.85825E-01  2.23720E-02
    6299.985     72.747   4.850  1.01502E+00  9.83855E-01  3.19421E-02
    6301.842     74.605   4.900  1.02232E+00  9.81885E-01  4.15306E-02
    6303.719     76.481   4.950  1.02768E+00  9.79915E-01  4.91557E-02
    6305.614     78.376   5.000  1.02912E+00  9.77945E-01  5.27788E-02
    6307.529     80.291   5.050  1.02587E+00  9.76670E-01  5.08039E-02
    6309.462     82.224   5.100  1.01693E+00  9.75394E-01  4.29326E-02
    6311.415     84.177   5.150  1.00316E+00  9.74119E-01  3.00530E-02
    6313.386     86.149   5.200  9.86430E-01  9.72843E-01  1.40761E-02
    6315.377     88.139   5.250  9.69693E-01  9.72308E-01 -2.70941E-03
    6317.387     90.149   5.300  9.54428E-01  9.71773E-01 -1.79669E-02
    6319.416     92.178   5.350  9.41951E-01  9.71238E-01 -3.03354E-02
    6321.464     94.226   5.400  9.32589E-01  9.70703E-01 -3.94764E-02
    6323.530     96.293   5.450  9.26439E-01  9.70707E-01 -4.58132E-02
    6325.616     98.379   5.500  9.22220E-01  9.70710E-01 -5.01432E-02
    6327.721    100.484   5.550  9.19510E-01  9.70714E-01 -5.29076E-02
    6329.845    102.608   5.600  9.18620E-01  9.70718E-01 -5.37881E-02
    6331.989    104.751   5.650  9.21038E-01  9.71053E-01 -5.15774E-02
    6334.151    106.913   5.700  9.27737E-01  9.71389E-01 -4.49615E-02
    6336.332    109.094   5.750  9.39714E-01  9.71725E-01 -3.29324E-02
    6338.532    111.295   5.800  9.56882E-01  9.72061E-01 -1.55970E-02
    6340.752    113.514   5.850  9.77429E-01  9.71961E-01  5.61532E-03
    6342.990    115.752   5.900  9.98626E-01  9.71861E-01  2.74721E-02
    6345.247    118.010   5.950  1.01693E+00  9.71761E-01  4.63348E-02
    6347.524    120.286   6.000  1.02915E+00  9.71662E-01  5.89461E-02
    6349.819    122.582   6.050  1.03315E+00  9.71429E-01  6.32423E-02
    6352.134    124.896   6.100  1.02906E+00  9.71197E-01  5.92513E-02
    6354.468    127.230   6.150  1.01865E+00  9.70965E-01  4.88028E-02
    6356.820    129.583   6.200  1.00483E+00  9.70733E-01  3.48736E-02
    6359.192    131.954   6.250  9.90640E-01  9.70500E-01  2.05836E-02
    6361.583    134.345   6.300  9.78341E-01  9.70268E-01  8.24602E-03
    6363.992    136.755   6.350  9.68877E-01  9.70036E-01 -1.18255E-03
    6366.421    139.184   6.400  9.61884E-01  9.69804E-01 -8.07969E-03
    6368.869    141.632   6.450  9.56212E-01  9.69571E-01 -1.36201E-02
    6371.336    144.099   6.500  9.50705E-01  9.69339E-01 -1.89864E-02
    6373.822    146.585   6.550  9.43518E-01  9.67748E-01 -2.47291E-02
    6376.327    149.090   6.600  9.36685E-01  9.66157E-01 -3.01293E-02
    6378.851    151.614   6.650  9.31453E-01  9.64566E-01 -3.39088E-02
    6381.395    154.157   6.700  9.29164E-01  9.62976E-01 -3.46826E-02
    6383.957    156.719   6.750  9.30566E-01  9.61385E-01 -3.16657E-02
    6386.538    159.300   6.800  9.35369E-01  9.59794E-01 -2.51383E-02
    6389.138    161.901   6.850  9.42245E-01  9.58203E-01 -1.64521E-02
    6391.758    164.520   6.900  9.49286E-01  9.56612E-01 -7.56556E-03
    6394.396    167.159   6.950  9.54728E-01  9.55021E-01 -3.03452E-04
    6397.054    169.816   7.000  9.57624E-01  9.53430E-01  4.34558E-03
    6399.730    172.493   7.050  9.58538E-01  9.52112E-01  6.66977E-03
    6402.426    175.188   7.100  9.58275E-01  9.50795E-01  7.77701E-03
    6405.140    177.903   7.150  9.58477E-01  9.49477E-01  9.37172E-03
    6407.874    180.636   7.200  9.60435E-01  9.48159E-01  1.28033E-02
    6410.627    183.389   7.250  9.64427E-01  9.46842E-01  1.83714E-02
    6413.398    186.161   7.300  9.69464E-01  9.45524E-01  2.50513E-02
    6416.189    188.952   7.350  9.73560E-01  9.44206E-01  3.07668E-02
    6418.999    191.762   7.400  9.74439E-01  9.42889E-01  3.31235E-02
    6421.828    194.590   7.450  9.70411E-01  9.41571E-01  3.03280E-02
    6424.676    197.438   7.500  9.61086E-01  9.40253E-01  2.19436E-02
    6427.543    200.305   7.550  9.47861E-01  9.39293E-01  9.03392E-03
    6430.429    203.191   7.600  9.33103E-01  9.38333E-01 -5.52143E-03
    6433.334    206.097   7.650  9.19906E-01  9.37374E-01 -1.84609E-02
    6436.258    209.021   7.700  9.10920E-01  9.36414E-01 -2.69726E-02
    6439.202    211.964   7.750  9.07563E-01  9.35454E-01 -2.95421E-02
    6442.164    214.926   7.800  9.09642E-01  9.34494E-01 -2.63536E-02
    6445.145    217.908   7.850  9.15515E-01  9.33534E-01 -1.91293E-02
    6448.146    220.908   7.900  9.22703E-01  9.32574E-01 -1.04909E-02
    6451.165    223.927   7.950  9.28715E-01  9.31615E-01 -3.08534E-03
    6454.203    226.966   8.000  9.31800E-01  9.30655E-01  1.21964E-03
    6457.261    230.023   8.050  9.31304E-01  9.29628E-01  1.78713E-03
    6460.337    233.100   8.100  9.27987E-01  9.28601E-01 -6.56364E-04
    6463.433    236.195   8.150  9.23410E-01  9.27575E-01 -4.45105E-03
    6466.548    239.310   8.200  9.19366E-01  9.26548E-01 -7.68362E-03
    6469.681    242.444   8.250  9.17279E-01  9.25521E-01 -8.82744E-03
    6472.834    245.597   8.300  9.17813E-01  9.24495E-01 -7.16371E-03
    6476.006    248.768   8.350  9.20781E-01  9.23468E-01 -2.88446E-03
    6479.197    251.959   8.400  9.25324E-01  9.22441E-01  3.09821E-03
    6482.407    255.169   8.450  9.30263E-01  9.21414E-01  9.51840E-03
    6485.636    258.398   8.500  9.34452E-01  9.20388E-01  1.51457E-02
    6488.884    261.646   8.550  9.36640E-01  9.18967E-01  1.90620E-02
    6492.151    264.913   8.600  9.36826E-01  9.17546E-01  2.08271E-02
    6495.437    268.199   8.650  9.34995E-01  9.16125E-01  2.04160E-02
    6498.742    271.505   8.700  9.31380E-01  9.14705E-01  1.80705E-02
    6502.066    274.829   8.750  9.26316E-01  9.13284E-01  1.41444E-02
    6505.410    278.172   8.800  9.20147E-01  9.11863E-01  9.00531E-03
    6508.772    281.534   8.850  9.13213E-01  9.10442E-01  3.01639E-03
    6512.153    284.916   8.900  9.05881E-01  9.09022E-01 -3.42461E-03
    6515.554    288.316   8.950  8.98596E-01  9.07601E-01 -9.83522E-03
    6518.973    291.736   9.000  8.91891E-01  9.06180E-01 -1.56319E-02
    6522.412    295.174   9.050  8.86142E-01  9.04602E-01 -2.02337E-02
    6525.869    298.632   9.100  8.82089E-01  9.03024E-01 -2.29917E-02
    6529.346    302.108   9.150  8.80178E-01  9.01446E-01 -2.34028E-02
    6532.841    305.604   9.200  8.80585E-01  8.99867E-01 -2.12597E-02
    6536.356    309.119   9.250  8.83146E-01  8.98289E-01 -1.67299E-02
    6539.890    312.652   9.300  8.87361E-01  8.96711E-01 -1.03503E-02
    6543.443    316.205   9.350  8.92479E-01  8.95133E-01 -2.94305E-03
    6547.015    319.777   9.400  8.97623E-01  8.93555E-01  4.52165E-03
    6550.605    323.368   9.450  9.01930E-01  8.91976E-01  1.10833E-02
    6554.215    326.978   9.500  9.04684E-01  8.90398E-01  1.59397E-02
    6557.844    330.607   9.550  9.05589E-01  8.89016E-01  1.85250E-02
    6561.493    334.255   9.600  9.04356E-01  8.87634E-01  1.87273E-02
    6565.160    337.922   9.650  9.01215E-01  8.86252E-01  1.67882E-02
    6568.846    341.608   9.700  8.96661E-01  8.84871E-01  1.32543E-02
    6572.551    345.313   9.750  8.91347E-01  8.83489E-01  8.84983E-03
    6576.275    349.038   9.800  8.85936E-01  8.82107E-01  4.32119E-03
    6580.019    352.781   9.850  8.80979E-01  8.80725E-01  2.87593E-04
    6583.781    356.543   9.900  8.76813E-01  8.79343E-01 -2.86470E-03
    6587.562    360.325   9.950  8.73538E-01  8.77961E-01 -5.01886E-03
    6591.363    364.125  10.000  8.71049E-01  8.76579E-01 -6.28710E-03
    6595.182    367.945  10.050  8.69104E-01  8.75166E-01 -6.90453E-03
    6599.021    371.783  10.100  8.67503E-01  8.73754E-01 -7.13086E-03
    6602.878    375.641  10.150  8.66112E-01  8.72342E-01 -7.11875E-03
    6606.755    379.518  10.200  8.64912E-01  8.70929E-01 -6.88780E-03
    6610.651    383.413  10.250  8.63983E-01  8.69517E-01 -6.34535E-03
    6614.566    387.328  10.300  8.63435E-01  8.68104E-01 -5.36315E-03
    6618.499    391.262  10.350  8.63322E-01  8.66692E-01 -3.87766E-03
    6622.452    395.215  10.400  8.63570E-01  8.65279E-01 -1.97077E-03
    6626.424    399.187  10.450  8.63959E-01  8.63867E-01  1.06955E-04
    6630.415    403.178  10.500  8.64172E-01  8.62454E-01  1.98644E-03
    6634.425    407.188  10.550  8.63880E-01  8.61042E-01  3.28945E-03
    6638.454    411.217  10.600  8.62866E-01  8.59629E-01  3.75686E-03
    6642.502    415.265  10.650  8.61094E-01  8.58217E-01  3.34516E-03
    6646.569    419.332  10.700  8.58737E-01  8.56805E-01  2.25082E-03
    6650.656    423.418  10.750  8.56121E-01  8.55392E-01  8.50640E-04
    6654.761    427.523  10.800  8.53621E-01  8.53980E-01 -4.19783E-04
    6658.885    431.648  10.850  8.51541E-01  8.52567E-01 -1.20186E-03
    6663.029    435.791  10.900  8.50037E-01  8.51155E-01 -1.31131E-03
    6667.191    439.953  10.950  8.49094E-01  8.49742E-01 -7.62407E-04
    6671.372    444.135  11.000  8.48570E-01  8.48330E-01  2.82414E-04
    6675.573    448.335  11.050  8.48193E-01  8.46812E-01  1.62861E-03
    6679.793    452.555  11.100  8.47863E-01  8.45295E-01  3.03563E-03
    6684.031    456.794  11.150  8.47464E-01  8.43777E-01  4.36534E-03
    6688.289    461.051  11.200  8.46909E-01  8.42260E-01  5.51389E-03
    6692.566    465.328  11.250  8.46086E-01  8.40742E-01  6.34971E-03
    6696.861    469.624  11.300  8.44817E-01  8.39225E-01  6.65721E-03
    6701.176    473.938  11.350  8.42851E-01  8.37707E-01  6.13521E-03
    6705.510    478.272  11.400  8.39936E-01  8.36190E-01  4.47650E-03
    6709.863    482.625  11.450  8.35938E-01  8.34672E-01  1.51483E-03
    6714.235    486.997  11.500  8.30973E-01  8.33155E-01 -2.61607E-03
    6718.626    491.388  11.550  8.25488E-01  8.31637E-01 -7.38816E-03
    6723.036    495.798  11.600  8.20221E-01  8.30120E-01 -1.19150E-02
    6727.465    500.227  11.650  8.16049E-01  8.28602E-01 -1.51389E-02
    6731.913    504.676  11.700  8.13735E-01  8.27085E-01 -1.61291E-02
    6736.380    509.143  11.750  8.13676E-01  8.25567E-01 -1.43946E-02
    6740.867    513.629  11.800  8.15725E-01  8.24049E-01 -1.00958E-02
    6745.372    518.134  11.850  8.19189E-01  8.22532E-01 -4.06179E-03
    6749.896    522.659  11.900  8.22999E-01  8.21014E-01  2.41533E-03
    6754.440    527.202  11.950  8.26018E-01  8.19497E-01  7.95377E-03
    6759.002    531.765  12.000  8.27390E-01  8.17979E-01  1.14998E-02
    6763.584    536.346  12.050  8.26833E-01  8.16483E-01  1.26691E-02
    6768.184    540.947  12.100  8.24549E-01  8.14987E-01  1.17253E-02
    6772.804    545.566  12.150  8.21286E-01  8.13491E-01  9.57588E-03
    6777.442    550.205  12.200  8.17949E-01  8.11994E-01  7.32751E-03
    6782.100    554.863  12.250  8.15233E-01  8.10498E-01  5.83676E-03
    6786.777    559.539  12.300  8.13353E-01  8.09002E-01  5.37357E-03
    6791.473    564.235  12.350  8.11977E-01  8.07505E-01  5.53178E-03
    6796.188    568.950  12.400  8.10385E-01  8.06009E-01  5.42376E-03
    6800.921    573.684  12.450  8.07801E-01  8.04513E-01  4.08322E-03
    6805.674    578.437  12.500  8.03753E-01  8.03017E-01  9.16384E-04
    6810.446    583.209  12.550  7.98327E-01  8.01520E-01 -3.97894E-03
    6815.237    588.000  12.600  7.92209E-01  8.00024E-01 -9.75620E-03
    6820.048    592.810  12.650  7.86491E-01  7.98528E-01 -1.50533E-02
    6824.877    597.639  12.700  7.82319E-01  7.97031E-01 -1.84325E-02
    6829.725    602.487  12.750  7.80505E-01  7.95535E-01 -1.88641E-02
    6834.592    607.355  12.800  7.81254E-01  7.94039E-01 -1.60758E-02
    6839.478    612.241  12.850  7.84095E-01  7.92543E-01 -1.06418E-02
    6844.384    617.146  12.900  7.88047E-01  7.91046E-01 -3.78509E-03
    6849.308    622.071  12.950  7.91944E-01  7.89550E-01  3.02677E-03
    6854.252    627.014  13.000  7.94796E-01  7.88054E-01  8.53911E-03
    6859.214    631.977  13.050  7.95945E-01  7.86457E-01  1.20406E-02
    6864.196    636.958  13.100  7.95493E-01  7.84861E-01  1.35205E-02
    6869.196    641.959  13.150  7.93863E-01  7.83265E-01  1.35039E-02
    6874.216    646.978  13.200  7.91613E-01  7.81668E-01  1.26966E-02
    6879.255    652.017  13.250  7.89148E-01  7.80072E-01  1.16109E-02
    6884.312    657.075  13.300  7.86536E-01  7.78476E-01  1.03321E-02
    6889.389    662.152  13.350  7.83516E-01  7.76879E-01  8.52457E-03
    6894.485    667.248  13.400  7.79690E-01  7.75283E-01  5.67190E-03
    6899.600    672.362  13.450  7.74803E-01  7.73687E-01  1.43973E-03
    6904.734    677.496  13.500  7.68991E-01  7.72090E-01 -4.00548E-03
    6909.887    682.649  13.550  7.62868E-01  7.70494E-01 -9.87548E-03
    6915.059    687.821  13.600  7.57407E-01  7.68898E-01 -1.49112E-02
    6920.250    693.013  13.650  7.53638E-01  7.67301E-01 -1.77669E-02
    6925.460    698.223  13.700  7.52283E-01  7.65705E-01 -1.74882E-02
    6930.690    703.452  13.750  7.53463E-01  7.64109E-01 -1.38999E-02
    6935.938    708.700  13.800  7.56593E-01  7.62512E-01 -7.74467E-03
    6941.205    713.967  13.850  7.60530E-01  7.60916E-01 -5.05650E-04
    6946.491    719.254  13.900  7.63913E-01  7.59320E-01  6.03480E-03
    6951.797    724.559  13.950  7.65584E-01  7.57723E-01  1.03484E-02
    6957.121    729.884  14.000  7.64943E-01  7.56127E-01  1.16301E-02
    6962.465    735.227  14.050  7.62130E-01  7.54546E-01  1.00257E-02
    6967.827    740.590  14.100  7.57868E-01  7.52966E-01  6.49449E-03
    6973.209    745.971  14.150  7.53253E-01  7.51385E-01  2.47927E-03
    6978.610    751.372  14.200  7.49332E-01  7.49804E-01 -6.28654E-04
    6984.029    756.792  14.250  7.46755E-01  7.48223E-01 -1.95690E-03
    6989.468    762.230  14.300  7.45590E-01  7.46643E-01 -1.40639E-03
    6994.926    767.688  14.350  7.45350E-01  7.45062E-01  3.85855E-04
    7000.403    773.165  14.400  7.45230E-01  7.43481E-01  2.34649E-03
    7005.899    778.661  14.450  7.44435E-01  7.41901E-01  3.40681E-03
    7011.414    784.176  14.500  7.42486E-01  7.40320E-01  2.91855E-03
    7016.948    789.710  14.550  7.39402E-01  7.38739E-01  8.94299E-04
    7022.501    795.263  14.600  7.35674E-01  7.37158E-01 -2.00837E-03
    7028.073    800.835  14.650  7.32078E-01  7.35578E-01 -4.74467E-03
    7033.664    806.426  14.700  7.29374E-01  7.33997E-01 -6.28086E-03
    7039.274    812.036  14.750  7.28021E-01  7.32416E-01 -5.98410E-03
    7044.903    817.666  14.800  7.28005E-01  7.30835E-01 -3.86214E-03
    7050.552    823.314  14.850  7.28838E-01  7.29255E-01 -5.69466E-04
    7056.219    828.981  14.900  7.29730E-01  7.27674E-01  2.81766E-03
    7061.905    834.668  14.950  7.29859E-01  7.26093E-01  5.17234E-03
    7067.611    840.373  15.000  7.28654E-01  7.24513E-01  5.70076E-03
    7073.335    846.098  15.050  7.25933E-01  7.22881E-01  4.21023E-03
    7079.079    851.841  15.100  7.22081E-01  7.21249E-01  1.15040E-03
    7084.841    857.604  15.150  7.17787E-01  7.19618E-01 -2.53679E-03
    7090.623    863.386  15.200  7.13875E-01  7.17986E-01 -5.71046E-03
    7096.424    869.186  15.250  7.11049E-01  7.16355E-01 -7.38608E-03
    7102.244    875.006  15.300  7.09683E-01  7.14723E-01 -7.03240E-03
    7108.082    880.845  15.350  7.09716E-01  7.13091E-01 -4.72048E-03
    7113.940    886.703  15.400  7.10685E-01  7.11460E-01 -1.08543E-03
    7119.817    892.580  15.450  7.11878E-01  7.09828E-01  2.87997E-03
    7125.713    898.475  15.500  7.12550E-01  7.08197E-01  6.13018E-03
    7131.628    904.390  15.550  7.12144E-01  7.06565E-01  7.87374E-03
    7137.562    910.325  15.600  7.10440E-01  7.04934E-01  7.78908E-03
    7143.515    916.278  15.650  7.07596E-01  7.03302E-01  6.08771E-03
    7149.487    922.250  15.700  7.04071E-01  7.01670E-01  3.41221E-03
    7155.479    928.241  15.750  7.00466E-01  7.00039E-01  6.08416E-04
    7161.489    934.251  15.800  6.97321E-01  6.98407E-01 -1.55121E-03
    7167.518    940.281  15.850  6.94957E-01  6.96776E-01 -2.60319E-03
    7173.566    946.329  15.900  6.93391E-01  6.95144E-01 -2.51407E-03
    7179.634    952.396  15.950  6.92363E-01  6.93512E-01 -1.65306E-03
    7185.720    958.483  16.000  6.91442E-01  6.91881E-01 -6.32288E-04
    7191.826    964.588  16.050  6.90211E-01  6.90266E-01 -7.94475E-05
    7197.950    970.713  16.100  6.88387E-01  6.88651E-01 -3.82190E-04
    7204.094    976.856  16.150  6.85933E-01  6.87036E-01 -1.60096E-03
    7210.257    983.019  16.200  6.83066E-01  6.85421E-01 -3.42623E-03
    7216.438    989.201  16.250  6.80183E-01  6.83806E-01 -5.28319E-03
    7222.639    995.401  16.300  6.77729E-01  6.82191E-01 -6.52117E-03
    7228.859   1001.621  16.350  6.76057E-01  6.80576E-01 -6.62089E-03
    7235.098   1007.860  16.400  6.75318E-01  6.78961E-01 -5.35068E-03
    7241.356   1014.118  16.450  6.75426E-01  6.77346E-01 -2.82591E-03
    7247.633   1020.395  16.500  6.76095E-01  6.75731E-01  5.37366E-04
    7253.929   1026.691  16.550  6.76918E-01  6.74116E-01  4.14630E-03
    7260.244   1033.006  16.600  6.77479E-01  6.72501E-01  7.38217E-03
    7266.578   1039.340  16.650  6.77430E-01  6.70886E-01  9.72747E-03
    7272.931   1045.693  16.700  6.76544E-01  6.69270E-01  1.08376E-02
    7279.303   1052.065  16.750  6.74722E-01  6.67655E-01  1.05547E-02
    7285.694   1058.457  16.800  6.71976E-01  6.66040E-01  8.88688E-03
    7292.105   1064.867  16.850  6.68411E-01  6.64425E-01  5.98206E-03
    7298.534   1071.296  16.900  6.64220E-01  6.62810E-01  2.12044E-03
    7304.982   1077.745  16.950  6.59686E-01  6.61195E-01 -2.27716E-03
    7311.450   1084.212  17.000  6.55184E-01  6.59580E-01 -6.64760E-03
    7317.936   1090.699  17.050  6.51146E-01  6.57977E-01 -1.03534E-02
    7324.442   1097.204  17.100  6.48022E-01  6.56374E-01 -1.26897E-02
    7330.966   1103.729  17.150  6.46161E-01  6.54771E-01 -1.31148E-02
    7337.510   1110.273  17.200  6.45700E-01  6.53169E-01 -1.14026E-02
    7344.073   1116.835  17.250  6.46492E-01  6.51566E-01 -7.76610E-03
    7350.655   1123.417  17.300  6.48092E-01  6.49963E-01 -2.87039E-03
    7357.255   1130.018  17.350  6.49849E-01  6.48360E-01  2.29136E-03
    7363.875   1136.638  17.400  6.51064E-01  6.46757E-01  6.64162E-03
    7370.514   1143.277  17.450  6.51178E-01  6.45154E-01  9.31232E-03
    7377.172   1149.934  17.500  6.49935E-01  6.43551E-01  9.89264E-03
    7383.849   1156.611  17.550  6.47446E-01  6.41948E-01  8.54164E-03
    7390.545   1163.307  17.600  6.44146E-01  6.40345E-01  5.91935E-03
    7397.260   1170.023  17.650  6.40634E-01  6.38742E-01  2.95460E-03
    7403.994   1176.757  17.700  6.37477E-01  6.37139E-01  5.28520E-04
    7410.748   1183.510  17.750  6.35018E-01  6.35536E-01 -8.13541E-04
    7417.520   1190.282  17.800  6.33286E-01  6.33933E-01 -1.01782E-03
    7424.311   1197.073  17.850  6.32019E-01  6.32330E-01 -4.90584E-04
    7431.121   1203.884  17.900  6.30793E-01  6.30727E-01  1.04707E-04
    7437.951   1210.713  17.950  6.29213E-01  6.29124E-01  1.40145E-04
    7444.799   1217.562  18.000  6.27075E-01  6.27521E-01 -7.09336E-04
    7451.667   1224.429  18.050  6.24452E-01  6.25918E-01 -2.33529E-03
    7458.553   1231.316  18.100  6.21672E-01  6.24314E-01 -4.22201E-03
    7465.459   1238.221  18.150  6.19176E-01  6.22711E-01 -5.66150E-03
    7472.384   1245.146  18.200  6.17350E-01  6.21108E-01 -6.03368E-03
    7479.327   1252.090  18.250  6.16365E-01  6.19504E-01 -5.05501E-03
    7486.290   1259.052  18.300  6.16107E-01  6.17901E-01 -2.89573E-03
    7493.272   1266.034  18.350  6.16222E-01  6.16297E-01 -1.22132E-04
    7500.273   1273.035  18.400  6.16240E-01  6.14694E-01  2.50977E-03
    7507.293   1280.055  18.450  6.15748E-01  6.13090E-01  4.32505E-03
    7514.331   1287.094  18.500  6.14526E-01  6.11487E-01  4.95873E-03
    7521.389   1294.152  18.550  6.12608E-01  6.09883E-01  4.45655E-03
    7528.467   1301.229  18.600  6.10241E-01  6.08280E-01  3.21567E-03
    7535.563   1308.325  18.650  6.07770E-01  6.06677E-01  1.79809E-03
    7542.678   1315.440  18.700  6.05497E-01  6.05073E-01  6.98244E-04
    7549.812   1322.574  18.750  6.03567E-01  6.03470E-01  1.60104E-04
    7556.965   1329.728  18.800  6.01935E-01  6.01866E-01  1.13843E-04
    7564.137   1336.900  18.850  6.00413E-01  6.00263E-01  2.49693E-04
    7571.329   1344.091  18.900  5.98773E-01  5.98659E-01  1.89431E-04
    7578.539   1351.302  18.950  5.96863E-01  5.97056E-01 -3.22049E-04
    7585.769   1358.531  19.000  5.94684E-01  5.95453E-01 -1.28719E-03
    7593.017   1365.780  19.050  5.92439E-01  5.93891E-01 -2.43995E-03
    7600.285   1373.047  19.100  5.90338E-01  5.92329E-01 -3.35516E-03
    7607.571   1380.334  19.150  5.88626E-01  5.90767E-01 -3.61635E-03
    7614.877   1387.639  19.200  5.87440E-01  5.89205E-01 -2.98944E-03
    7622.202   1394.964  19.250  5.86745E-01  5.87643E-01 -1.52591E-03
    7629.545   1402.308  19.300  5.86340E-01  5.86081E-01  4.41146E-04
    7636.908   1409.671  19.350  5.85926E-01  5.84519E-01  2.40268E-03
    7644.290   1417.052  19.400  5.85198E-01  5.82958E-01  3.83754E-03
    7651.691   1424.453  19.450  5.83942E-01  5.81396E-01  4.37277E-03
    7659.111   1431.873  19.500  5.82090E-01  5.79834E-01  3.88563E-03
    7666.550   1439.312  19.550  5.79731E-01  5.78272E-01  2.51924E-03
    7674.008   1446.770  19.600  5.77067E-01  5.76710E-01  6.18099E-04
    7681.485   1454.247  19.650  5.74352E-01  5.75148E-01 -1.38352E-03
    7688.981   1461.744  19.700  5.71820E-01  5.73586E-01 -3.07687E-03
    7696.496   1469.259  19.750  5.69641E-01  5.72024E-01 -4.16221E-03
    7704.031   1476.793  19.800  5.67902E-01  5.70463E-01 -4.48494E-03
    7711.584   1484.346  19.850  5.66606E-01  5.68901E-01 -4.02991E-03
    7719.156   1491.919  19.900  5.65696E-01  5.67339E-01 -2.89317E-03
    7726.748   1499.510  19.950  5.65069E-01  5.65777E-01 -1.25118E-03
    7734.358   1507.120  20.000  5.64589E-01  5.64215E-01  6.61635E-04
