# # Once                                                         FEFF 9.6.4  
# # POT  SCF 100  5.0000   0, core-hole, AFOLP (folp(0)= 1.150)
# # Abs   Z=57 Rmt= 1.827 Rnm= 1.827 L3 shell
# # Pot 1 Z=57 Rmt= 1.838 Rnm= 1.838
# # Pot 2 Z=14 Rmt= 1.346 Rnm= 1.398
# # Pot 3 Z=26 Rmt= 1.369 Rnm= 1.421
# # Gam_ch=3.160E+00 H-L exch Vi= 0.000E+00 Vr= 0.000E+00
# # Mu=-1.680E+01 kf=2.090E+00 Vint=-2.565E+01 Rs_int= 1.735
# # PATH  Rmax= 8.000,  Keep_limit= 0.00, Heap_limit 0.00  Pwcrit= 2.50%
#  S02=1.000  Temp=   0.00  Debye_temp=   0.00  Global_sig2= 0.00000
#  Energy zero shift, vr, vi    0.00000E+00   0.00000E+00
#  Curved wave amplitude ratio filter   4.000%
#     file         sig2 tot  cw amp ratio   deg  nlegs   reff  inp sig2
#           1       0.00000    100.00      3.00     2   3.2805
#           2       0.00000     98.02      3.00     2   3.3109
#           3       0.00000     97.31      3.00     2   3.3221
#           4       0.00000     97.18      3.00     2   3.3242
#           5       0.00000     96.95      3.00     2   3.3278
#           6       0.00000     95.55      3.00     2   3.3501
#           7       0.00000     94.48      3.00     2   3.3675
#           8       0.00000     92.96      3.00     2   3.4030
#           9       0.00000      4.85      6.00     3   4.5269
#          10       0.00000      4.65      6.00     3   4.5282
#          11       0.00000      4.40      6.00     3   4.5436
#          12       0.00000      4.30      6.00     3   4.5463
#          13       0.00000      4.32      6.00     3   4.5479
#          14       0.00000      4.95      6.00     3   4.5573
#          15       0.00000      4.48      6.00     3   4.5619
#          16       0.00000      4.47      6.00     3   4.5687
#          17       0.00000      4.31      6.00     3   4.5707
#          18       0.00000      4.89      6.00     3   4.5730
#          21       0.00000      4.63      6.00     3   4.6027
#          27       0.00000      4.20      6.00     3   4.6324
#          28       0.00000      4.04      6.00     3   4.6420
#          29       0.00000     12.43      1.00     2   4.8843
#          30       0.00000     12.25      1.00     2   4.9090
#          31       0.00000     35.66      3.00     2   4.9613
#          32       0.00000     35.50      3.00     2   4.9695
#          33       0.00000     33.67      3.00     2   5.0616
#          34       0.00000     24.83      3.00     2   5.0946
#          35       0.00000     32.87      3.00     2   5.1042
#          36       0.00000     32.67      3.00     2   5.1150
#          37       0.00000     32.50      3.00     2   5.1239
#          38       0.00000     31.65      3.00     2   5.1709
#          39       0.00000     31.61      3.00     2   5.1730
#          40       0.00000     31.02      3.00     2   5.2067
#          41       0.00000      5.62      6.00     3   5.3238
#          42       0.00000      5.59      6.00     3   5.3441
#          43       0.00000      5.96      6.00     3   5.3592
#          44       0.00000      5.88      6.00     3   5.3672
#          45       0.00000      5.62      6.00     3   5.3766
#          46       0.00000     10.19      6.00     3   5.3866
#          47       0.00000      5.53      6.00     3   5.3916
#          48       0.00000      5.33      6.00     3   5.4016
#          49       0.00000      6.39      6.00     3   5.4171
#          50       0.00000      7.12      6.00     3   5.4419
#          51       0.00000      7.19      6.00     3   5.4469
#          52       0.00000      4.94      6.00     3   5.4493
#          53       0.00000      6.47      6.00     3   5.4513
#          54       0.00000      5.41      6.00     3   5.4583
#          55       0.00000      5.77      6.00     3   5.4733
#          56       0.00000      4.61      6.00     3   5.4825
#          57       0.00000      7.33      6.00     3   5.4867
#          58       0.00000      4.94      6.00     3   5.4882
#          59       0.00000      7.08      6.00     3   5.4925
#          60       0.00000      5.55      6.00     3   5.4926
#          61       0.00000      4.29      6.00     3   5.5201
#          62       0.00000     10.04      6.00     3   5.5244
#          63       0.00000      4.86      6.00     3   5.5389
#          64       0.00000     12.57      6.00     3   5.5429
#          65       0.00000      4.50      6.00     3   5.5510
#          66       0.00000      5.94      6.00     3   5.5550
#          67       0.00000      5.08      6.00     3   5.5597
#          68       0.00000      5.03      6.00     3   5.5655
#          69       0.00000      4.38      6.00     3   5.5708
#          70       0.00000      8.61      6.00     3   5.5987
#          71       0.00000      4.40      6.00     3   5.6073
#          72       0.00000      4.35      6.00     3   5.6365
#          73       0.00000     36.04      3.00     2   5.6973
#          74       0.00000     35.46      3.00     2   5.7305
#          75       0.00000     15.45      3.00     2   5.8224
#          76       0.00000     37.52      6.00     3   5.8276
#          77       0.00000     25.11      3.00     4   5.8328
#          78       0.00000     21.74      3.00     2   5.8568
#          79       0.00000     52.76      6.00     3   5.8639
#          80       0.00000     36.53      3.00     4   5.8710
#          81       0.00000     21.44      3.00     2   5.8835
#          82       0.00000     56.38      6.00     3   5.8848
#          83       0.00000     14.54      1.00     4   5.8861
#          84       0.00000     29.07      2.00     4   5.8862
#          85       0.00000     21.34      3.00     2   5.8921
#          86       0.00000     21.33      3.00     2   5.8932
#          87       0.00000     56.70      6.00     3   5.8937
#          88       0.00000     44.56      3.00     4   5.8942
#          89       0.00000     52.71      6.00     3   5.8977
#          90       0.00000     37.44      3.00     4   5.9034
#          91       0.00000     21.17      3.00     2   5.9075
#          92       0.00000     54.29      6.00     3   5.9104
#          93       0.00000     40.69      3.00     4   5.9134
#          94       0.00000     21.07      3.00     2   5.9164
#          95       0.00000     61.56      6.00     3   5.9199
#          96       0.00000     15.17      1.00     4   5.9234
#          97       0.00000     30.34      2.00     4   5.9234
#          98       0.00000     20.79      3.00     2   5.9417
#          99       0.00000     52.62      6.00     3   5.9451
#         100       0.00000     38.74      3.00     4   5.9485
#         102       0.00000      4.40      6.00     3   6.1629
#         103       0.00000      4.25      6.00     3   6.1749
#         109       0.00000      6.64      6.00     3   6.2444
#         117       0.00000      5.13      6.00     3   6.4431
#         118       0.00000      6.64      6.00     3   6.5079
#         119       0.00000      5.57      6.00     3   6.5509
#         120       0.00000      9.10      6.00     3   6.5527
#         121       0.00000      5.34      6.00     3   6.5594
#         123       0.00000      6.42      6.00     3   6.5635
#         125       0.00000     11.49      6.00     4   6.5914
#         128       0.00000      6.35      6.00     3   6.5996
#         129       0.00000      4.90      6.00     4   6.6047
#         130       0.00000      8.83      6.00     3   6.6123
#         132       0.00000      4.35      6.00     3   6.6291
#         137       0.00000     11.33      6.00     4   6.6499
#         140       0.00000      4.72      6.00     4   6.6611
#         142       0.00000      8.18      6.00     3   6.6731
#         145       0.00000      5.73      6.00     3   6.6866
#         147       0.00000      4.71      6.00     4   6.6954
#         149       0.00000      9.46      6.00     4   6.7177
#         151       0.00000      8.17      6.00     4   6.7272
#         154       0.00000     12.12      3.00     2   7.0182
#         155       0.00000     12.08      3.00     2   7.0240
#         156       0.00000      7.55      3.00     2   7.0524
#         157       0.00000     11.88      3.00     2   7.0592
#         158       0.00000     11.88      3.00     2   7.0597
#         159       0.00000     11.81      3.00     2   7.0711
#         160       0.00000     11.70      3.00     2   7.0917
#         161       0.00000     11.51      3.00     2   7.1262
#         162       0.00000      4.33      6.00     3   7.1933
#         163       0.00000      4.14      6.00     3   7.2014
#         164       0.00000     11.09      3.00     2   7.2046
#         165       0.00000     11.06      3.00     2   7.2110
#         167       0.00000      4.08      6.00     3   7.2249
#         169       0.00000      4.15      6.00     3   7.2346
#         170       0.00000      4.14      6.00     3   7.2434
#         172       0.00000     10.84      3.00     2   7.2534
#         173       0.00000      4.07      6.00     3   7.2606
#         176       0.00000     10.77      3.00     2   7.2662
#         180       0.00000     10.65      3.00     2   7.2901
#         187       0.00000     10.58      3.00     2   7.3060
#         188       0.00000     10.55      3.00     2   7.3117
#         189       0.00000      4.75      6.00     3   7.3224
#         190       0.00000      6.53      3.00     2   7.3262
#         191       0.00000      4.14      6.00     3   7.3317
#         194       0.00000      4.05      6.00     3   7.3614
#         197       0.00000      6.95      6.00     3   7.3896
#         201       0.00000      6.26      6.00     3   7.4258
#   141/ 182 paths used
#  xsedge+50, used to normalize mu           8.5430E-04
#  -----------------------------------------------------------------------
#  omega    e    k    mu    mu0     chi     @#
    5487.845    -16.800   0.000  8.34387E-01  1.24721E+00 -1.54709E-01
    5487.854    -16.790   0.050  8.47459E-01  1.25745E+00 -1.52059E-01
    5487.883    -16.762   0.100  8.60757E-01  1.26770E+00 -1.49381E-01
    5487.930    -16.714   0.150  9.01457E-01  1.29894E+00 -1.41456E-01
    5487.997    -16.647   0.200  9.44022E-01  1.33018E+00 -1.33356E-01
    5488.083    -16.562   0.250  1.01571E+00  1.38230E+00 -1.20540E-01
    5488.188    -16.457   0.300  1.09147E+00  1.43441E+00 -1.07617E-01
    5488.311    -16.333   0.350  1.19476E+00  1.50488E+00 -9.15975E-02
    5488.454    -16.190   0.400  1.30256E+00  1.57534E+00 -7.60981E-02
    5488.616    -16.028   0.450  1.42950E+00  1.65779E+00 -6.00522E-02
    5488.797    -15.847   0.500  1.55765E+00  1.74023E+00 -4.54389E-02
    5488.997    -15.647   0.550  1.68955E+00  1.82394E+00 -3.22403E-02
    5489.216    -15.428   0.600  1.81787E+00  1.90765E+00 -2.07888E-02
    5489.454    -15.190   0.650  1.93377E+00  1.98007E+00 -1.07392E-02
    5489.712    -14.933   0.700  2.04570E+00  2.05249E+00 -1.57823E-03
    5489.988    -14.657   0.750  2.13684E+00  2.10196E+00  8.42696E-03
    5490.283    -14.361   0.800  2.22856E+00  2.15143E+00  1.94079E-02
    5490.597    -14.047   0.850  2.29892E+00  2.16988E+00  3.45545E-02
    5490.931    -13.714   0.900  2.37156E+00  2.18834E+00  5.24332E-02
    5491.283    -13.361   0.950  2.42119E+00  2.17386E+00  7.60677E-02
    5491.655    -12.990   1.000  2.46450E+00  2.15938E+00  1.01421E-01
    5492.045    -12.599   1.050  2.47423E+00  2.11664E+00  1.27993E-01
    5492.455    -12.190   1.100  2.46327E+00  2.07390E+00  1.50963E-01
    5492.883    -11.761   1.150  2.41147E+00  2.01214E+00  1.66389E-01
    5493.331    -11.313   1.200  2.33470E+00  1.95037E+00  1.73060E-01
    5493.798    -10.847   1.250  2.22762E+00  1.87987E+00  1.67584E-01
    5494.284    -10.361   1.300  2.10492E+00  1.80936E+00  1.53191E-01
    5494.788     -9.856   1.350  1.97295E+00  1.73836E+00  1.29416E-01
    5495.312     -9.332   1.400  1.83672E+00  1.66736E+00  9.98592E-02
    5495.855     -8.789   1.450  1.70737E+00  1.60133E+00  6.61277E-02
    5496.417     -8.227   1.500  1.58027E+00  1.53531E+00  2.97533E-02
    5496.998     -7.646   1.550  1.46548E+00  1.47710E+00 -8.08231E-03
    5497.598     -7.046   1.600  1.35442E+00  1.41889E+00 -4.71966E-02
    5498.217     -6.427   1.650  1.25657E+00  1.36940E+00 -8.61386E-02
    5498.856     -5.789   1.700  1.16570E+00  1.31991E+00 -1.22996E-01
    5499.513     -5.132   1.750  1.09149E+00  1.27918E+00 -1.54931E-01
    5500.189     -4.455   1.800  1.03054E+00  1.23845E+00 -1.77829E-01
    5500.884     -3.760   1.850  9.92772E-01  1.20784E+00 -1.88518E-01
    5501.599     -3.046   1.900  9.73187E-01  1.17723E+00 -1.83405E-01
    5502.332     -2.312   1.950  9.83104E-01  1.15822E+00 -1.60795E-01
    5503.085     -1.560   2.000  1.00675E+00  1.13921E+00 -1.24303E-01
    5503.856     -0.788   2.050  1.04030E+00  1.12268E+00 -7.89204E-02
    5504.647      0.002   2.100  1.07218E+00  1.10616E+00 -3.32444E-02
    5505.456      0.812   2.150  1.09498E+00  1.08964E+00  5.34169E-03
    5506.285      1.641   2.200  1.10432E+00  1.07311E+00  3.18821E-02
    5507.133      2.488   2.250  1.10175E+00  1.05849E+00  4.49514E-02
    5507.999      3.355   2.300  1.08612E+00  1.04387E+00  4.46546E-02
    5508.885      4.241   2.350  1.06344E+00  1.02925E+00  3.67744E-02
    5509.790      5.146   2.400  1.04002E+00  1.01463E+00  2.77901E-02
    5510.714      6.070   2.450  1.02641E+00  1.00369E+00  2.51382E-02
    5511.657      7.013   2.500  1.01805E+00  9.92742E-01  2.83009E-02
    5512.619      7.975   2.550  1.01158E+00  9.81796E-01  3.36734E-02
    5513.600      8.956   2.600  1.00312E+00  9.70850E-01  3.68800E-02
    5514.600      9.956   2.650  9.98609E-01  9.65440E-01  3.79250E-02
    5515.619     10.975   2.700  9.90909E-01  9.60030E-01  3.53205E-02
    5516.658     12.013   2.750  9.80405E-01  9.54619E-01  2.95045E-02
    5517.715     13.071   2.800  9.68002E-01  9.49209E-01  2.15116E-02
    5518.791     14.147   2.850  9.57358E-01  9.50280E-01  8.04854E-03
    5519.887     15.242   2.900  9.47877E-01  9.51351E-01 -3.92513E-03
    5521.001     16.357   2.950  9.41635E-01  9.52423E-01 -1.21076E-02
    5522.135     17.490   3.000  9.39023E-01  9.53494E-01 -1.61376E-02
    5523.287     18.643   3.050  9.37120E-01  9.57002E-01 -2.19699E-02
    5524.459     19.814   3.100  9.39854E-01  9.60511E-01 -2.26191E-02
    5525.649     21.005   3.150  9.47451E-01  9.64020E-01 -1.79799E-02
    5526.859     22.215   3.200  9.58827E-01  9.67529E-01 -9.35824E-03
    5528.088     23.443   3.250  9.72169E-01  9.72626E-01 -4.86895E-04
    5529.335     24.691   3.300  9.86723E-01  9.77723E-01  9.48985E-03
    5530.602     25.958   3.350  1.00097E+00  9.82820E-01  1.89557E-02
    5531.888     27.244   3.400  1.01361E+00  9.87917E-01  2.65708E-02
    5533.193     28.549   3.450  1.02264E+00  9.91941E-01  3.14912E-02
    5534.517     29.873   3.500  1.02869E+00  9.95966E-01  3.33055E-02
    5535.860     31.216   3.550  1.03127E+00  9.99990E-01  3.15834E-02
    5537.222     32.578   3.600  1.03014E+00  1.00401E+00  2.61738E-02
    5538.603     33.959   3.650  1.02335E+00  1.00595E+00  1.73598E-02
    5540.003     35.359   3.700  1.01345E+00  1.00788E+00  5.52941E-03
    5541.423     36.778   3.750  1.00123E+00  1.00982E+00 -8.49517E-03
    5542.861     38.217   3.800  9.87964E-01  1.01175E+00 -2.34234E-02
    5544.318     39.674   3.850  9.72933E-01  1.01105E+00 -3.75267E-02
    5545.795     41.150   3.900  9.60405E-01  1.01034E+00 -4.91631E-02
    5547.290     42.646   3.950  9.52070E-01  1.00964E+00 -5.66685E-02
    5548.804     44.160   4.000  9.49098E-01  1.00893E+00 -5.88935E-02
    5550.338     45.694   4.050  9.49974E-01  1.00592E+00 -5.52394E-02
    5551.891     47.246   4.100  9.56223E-01  1.00291E+00 -4.62396E-02
    5553.462     48.818   4.150  9.66572E-01  9.99891E-01 -3.31086E-02
    5555.053     50.408   4.200  9.79354E-01  9.96878E-01 -1.74687E-02
    5556.663     52.018   4.250  9.92179E-01  9.92909E-01 -7.31128E-04
    5558.291     53.647   4.300  1.00422E+00  9.88941E-01  1.53861E-02
    5559.939     55.295   4.350  1.01461E+00  9.84972E-01  2.99902E-02
    5561.606     56.962   4.400  1.02294E+00  9.81004E-01  4.26585E-02
    5563.292     58.648   4.450  1.02868E+00  9.77106E-01  5.27264E-02
    5564.997     60.353   4.500  1.03178E+00  9.73209E-01  6.01795E-02
    5566.721     62.077   4.550  1.03193E+00  9.69312E-01  6.46542E-02
    5568.464     63.820   4.600  1.02855E+00  9.65415E-01  6.55231E-02
    5570.226     65.582   4.650  1.02199E+00  9.62560E-01  6.18984E-02
    5572.007     67.363   4.700  1.01111E+00  9.59706E-01  5.37396E-02
    5573.807     69.163   4.750  9.95941E-01  9.56851E-01  4.10189E-02
    5575.627     70.982   4.800  9.77033E-01  9.53997E-01  2.42631E-02
    5577.465     72.821   4.850  9.56885E-01  9.52525E-01  4.60132E-03
    5579.322     74.678   4.900  9.35373E-01  9.51053E-01 -1.65765E-02
    5581.199     76.554   4.950  9.13827E-01  9.49581E-01 -3.78692E-02
    5583.094     78.450   5.000  8.93520E-01  9.48109E-01 -5.79262E-02
    5585.009     80.364   5.050  8.76987E-01  9.48006E-01 -7.53513E-02
    5586.942     82.298   5.100  8.64144E-01  9.47902E-01 -8.88582E-02
    5588.895     84.251   5.150  8.56487E-01  9.47799E-01 -9.68596E-02
    5590.867     86.222   5.200  8.55716E-01  9.47695E-01 -9.75568E-02
    5592.857     88.213   5.250  8.64656E-01  9.48610E-01 -8.89064E-02
    5594.867     90.223   5.300  8.83293E-01  9.49525E-01 -7.00303E-02
    5596.896     92.252   5.350  9.11449E-01  9.50439E-01 -4.11630E-02
    5598.944     94.299   5.400  9.47175E-01  9.51354E-01 -4.40570E-03
    5601.011     96.366   5.450  9.86616E-01  9.51923E-01  3.65092E-02
    5603.097     98.452   5.500  1.02406E+00  9.52493E-01  7.51939E-02
    5605.202    100.557   5.550  1.05357E+00  9.53062E-01  1.05424E-01
    5607.326    102.681   5.600  1.07016E+00  9.53632E-01  1.22026E-01
    5609.469    104.825   5.650  1.07117E+00  9.54496E-01  1.21951E-01
    5611.631    106.987   5.700  1.05696E+00  9.55360E-01  1.05986E-01
    5613.812    109.168   5.750  1.03107E+00  9.56225E-01  7.79295E-02
    5616.013    111.368   5.800  9.99245E-01  9.57089E-01  4.38129E-02
    5618.232    113.588   5.850  9.68506E-01  9.58507E-01  1.03606E-02
    5620.470    115.826   5.900  9.43602E-01  9.59925E-01 -1.68620E-02
    5622.728    118.083   5.950  9.27346E-01  9.61343E-01 -3.50133E-02
    5625.004    120.360   6.000  9.19579E-01  9.62761E-01 -4.43397E-02
    5627.300    122.655   6.050  9.14658E-01  9.60938E-01 -4.75861E-02
    5629.614    124.970   6.100  9.11500E-01  9.59115E-01 -4.90269E-02
    5631.948    127.303   6.150  9.06417E-01  9.57292E-01 -5.24568E-02
    5634.300    129.656   6.200  8.97748E-01  9.55468E-01 -5.95986E-02
    5636.672    132.028   6.250  8.86579E-01  9.53645E-01 -6.93450E-02
    5639.063    134.419   6.300  8.76456E-01  9.51822E-01 -7.80355E-02
    5641.473    136.828   6.350  8.72199E-01  9.49998E-01 -8.06688E-02
    5643.902    139.257   6.400  8.78211E-01  9.48175E-01 -7.26465E-02
    5646.350    141.705   6.450  8.96841E-01  9.46352E-01 -5.14812E-02
    5648.817    144.172   6.500  9.27318E-01  9.44528E-01 -1.79211E-02
    5651.303    146.658   6.550  9.65482E-01  9.42649E-01  2.38333E-02
    5653.808    149.163   6.600  1.00462E+00  9.40769E-01  6.68116E-02
    5656.332    151.687   6.650  1.03721E+00  9.38890E-01  1.03131E-01
    5658.875    154.231   6.700  1.05668E+00  9.37010E-01  1.25831E-01
    5661.437    156.793   6.750  1.05898E+00  9.35130E-01  1.30546E-01
    5664.018    159.374   6.800  1.04353E+00  9.33251E-01  1.16522E-01
    5666.619    161.974   6.850  1.01324E+00  9.31371E-01  8.67155E-02
    5669.238    164.594   6.900  9.73756E-01  9.29491E-01  4.70030E-02
    5671.876    167.232   6.950  9.32067E-01  9.27612E-01  4.74214E-03
    5674.534    169.890   7.000  8.94868E-01  9.25732E-01 -3.29360E-02
    5677.210    172.566   7.050  8.67962E-01  9.24642E-01 -6.05834E-02
    5679.906    175.262   7.100  8.52899E-01  9.23552E-01 -7.56418E-02
    5682.621    177.976   7.150  8.49107E-01  9.22461E-01 -7.86633E-02
    5685.354    180.710   7.200  8.53715E-01  9.21371E-01 -7.26706E-02
    5688.107    183.463   7.250  8.62661E-01  9.20281E-01 -6.19930E-02
    5690.879    186.234   7.300  8.72003E-01  9.19191E-01 -5.08522E-02
    5693.670    189.025   7.350  8.79101E-01  9.18100E-01 -4.20976E-02
    5696.479    191.835   7.400  8.83302E-01  9.17010E-01 -3.64452E-02
    5699.308    194.664   7.450  8.85970E-01  9.15920E-01 -3.24356E-02
    5702.156    197.512   7.500  8.89826E-01  9.14830E-01 -2.71241E-02
    5705.023    200.379   7.550  8.98322E-01  9.14033E-01 -1.70555E-02
    5707.909    203.265   7.600  9.12916E-01  9.13235E-01 -3.47245E-04
    5710.814    206.170   7.650  9.33411E-01  9.12438E-01  2.28035E-02
    5713.739    209.094   7.700  9.57233E-01  9.11641E-01  4.96095E-02
    5716.682    212.038   7.750  9.79872E-01  9.10844E-01  7.51687E-02
    5719.644    215.000   7.800  9.96010E-01  9.10047E-01  9.36835E-02
    5722.625    217.981   7.850  1.00102E+00  9.09249E-01  1.00084E-01
    5725.626    220.981   7.900  9.92343E-01  9.08452E-01  9.15649E-02
    5728.645    224.001   7.950  9.70423E-01  9.07655E-01  6.85632E-02
    5731.684    227.039   8.000  9.38731E-01  9.06858E-01  3.48429E-02
    5734.741    230.097   8.050  9.02301E-01  9.05423E-01 -3.41844E-03
    5737.818    233.173   8.100  8.68558E-01  9.03988E-01 -3.88473E-02
    5740.913    236.269   8.150  8.43143E-01  9.02554E-01 -6.52385E-02
    5744.028    239.384   8.200  8.29427E-01  9.01119E-01 -7.88437E-02
    5747.162    242.517   8.250  8.27841E-01  8.99684E-01 -7.91296E-02
    5750.314    245.670   8.300  8.36053E-01  8.98249E-01 -6.86073E-02
    5753.486    248.842   8.350  8.49904E-01  8.96815E-01 -5.18250E-02
    5756.677    252.033   8.400  8.64769E-01  8.95380E-01 -3.38689E-02
    5759.887    255.243   8.450  8.76935E-01  8.93945E-01 -1.88488E-02
    5763.116    258.472   8.500  8.84560E-01  8.92511E-01 -8.82325E-03
    5766.364    261.720   8.550  8.87520E-01  8.90703E-01 -3.54092E-03
    5769.631    264.987   8.600  8.88383E-01  8.88896E-01 -5.71273E-04
    5772.917    268.273   8.650  8.89991E-01  8.87089E-01  3.24417E-03
    5776.222    271.578   8.700  8.94736E-01  8.85281E-01  1.05910E-02
    5779.547    274.902   8.750  9.03571E-01  8.83474E-01  2.25658E-02
    5782.890    278.246   8.800  9.15523E-01  8.81667E-01  3.81053E-02
    5786.252    281.608   8.850  9.27842E-01  8.79859E-01  5.41332E-02
    5789.634    284.989   8.900  9.36751E-01  8.78052E-01  6.63800E-02
    5793.034    288.390   8.950  9.38558E-01  8.76245E-01  7.06347E-02
    5796.453    291.809   9.000  9.30817E-01  8.74437E-01  6.40603E-02
    5799.892    295.248   9.050  9.13476E-01  8.72905E-01  4.61971E-02
    5803.349    298.705   9.100  8.88200E-01  8.71374E-01  1.92020E-02
    5806.826    302.182   9.150  8.59135E-01  8.69842E-01 -1.22449E-02
    5810.322    305.677   9.200  8.31541E-01  8.68310E-01 -4.21426E-02
    5813.836    309.192   9.250  8.10483E-01  8.66778E-01 -6.46641E-02
    5817.370    312.726   9.300  7.99540E-01  8.65246E-01 -7.56396E-02
    5820.923    316.279   9.350  7.99914E-01  8.63715E-01 -7.36073E-02
    5824.495    319.851   9.400  8.10181E-01  8.62183E-01 -6.01267E-02
    5828.086    323.441   9.450  8.26767E-01  8.60651E-01 -3.92643E-02
    5831.696    327.051   9.500  8.44995E-01  8.59119E-01 -1.64029E-02
    5835.325    330.680   9.550  8.60726E-01  8.57865E-01  3.32793E-03
    5838.973    334.328   9.600  8.70561E-01  8.56610E-01  1.62546E-02
    5842.640    337.996   9.650  8.73608E-01  8.55356E-01  2.13010E-02
    5846.326    341.682   9.700  8.71231E-01  8.54101E-01  2.00247E-02
    5850.031    345.387   9.750  8.66394E-01  8.52846E-01  1.58623E-02
    5853.756    349.111   9.800  8.62496E-01  8.51592E-01  1.27886E-02
    5857.499    352.855   9.850  8.62115E-01  8.50337E-01  1.38354E-02
    5861.261    356.617   9.900  8.66053E-01  8.49083E-01  1.99683E-02
    5865.043    360.398   9.950  8.73024E-01  8.47828E-01  2.96958E-02
    5868.843    364.199  10.000  8.80069E-01  8.46574E-01  3.95435E-02
    5872.663    368.018  10.050  8.83252E-01  8.44957E-01  4.52951E-02
    5876.501    371.857  10.100  8.79839E-01  8.43340E-01  4.32516E-02
    5880.359    375.714  10.150  8.68453E-01  8.41723E-01  3.17353E-02
    5884.235    379.591  10.200  8.49981E-01  8.40106E-01  1.17462E-02
    5888.131    383.487  10.250  8.27433E-01  8.38489E-01 -1.31759E-02
    5892.046    387.402  10.300  8.05148E-01  8.36872E-01 -3.78795E-02
    5895.980    391.335  10.350  7.87597E-01  8.35255E-01 -5.70131E-02
    5899.933    395.288  10.400  7.78180E-01  8.33638E-01 -6.64712E-02
    5903.904    399.260  10.450  7.78357E-01  8.32021E-01 -6.44438E-02
    5907.895    403.251  10.500  7.87364E-01  8.30404E-01 -5.17840E-02
    5911.905    407.261  10.550  8.02538E-01  8.28787E-01 -3.16425E-02
    5915.935    411.290  10.600  8.20105E-01  8.27170E-01 -8.53290E-03
    5919.983    415.338  10.650  8.36180E-01  8.25553E-01  1.28593E-02
    5924.050    419.405  10.700  8.47676E-01  8.23936E-01  2.87829E-02
    5928.136    423.492  10.750  8.52916E-01  8.22320E-01  3.71690E-02
    5932.241    427.597  10.800  8.51830E-01  8.20703E-01  3.78864E-02
    5936.366    431.721  10.850  8.45744E-01  8.19086E-01  3.25106E-02
    5940.509    435.865  10.900  8.36888E-01  8.17469E-01  2.37278E-02
    5944.671    440.027  10.950  8.27739E-01  8.15852E-01  1.45529E-02
    5948.853    444.208  11.000  8.20389E-01  8.14235E-01  7.54883E-03
    5953.053    448.409  11.050  8.16214E-01  8.12744E-01  4.26487E-03
    5957.273    452.628  11.100  8.15075E-01  8.11253E-01  4.70532E-03
    5961.511    456.867  11.150  8.15927E-01  8.09762E-01  7.60337E-03
    5965.769    461.125  11.200  8.16943E-01  8.08271E-01  1.07158E-02
    5970.046    465.401  11.250  8.16067E-01  8.06780E-01  1.14963E-02
    5974.342    469.697  11.300  8.11667E-01  8.05289E-01  7.90988E-03
    5978.656    474.012  11.350  8.03138E-01  8.03799E-01 -8.20719E-04
    5982.990    478.346  11.400  7.91247E-01  8.02308E-01 -1.37686E-02
    5987.343    482.699  11.450  7.78094E-01  8.00817E-01 -2.83371E-02
    5991.715    487.071  11.500  7.66642E-01  7.99326E-01 -4.08351E-02
    5996.106    491.462  11.550  7.59901E-01  7.97835E-01 -4.74828E-02
    6000.516    495.872  11.600  7.60002E-01  7.96344E-01 -4.55753E-02
    6004.945    500.301  11.650  7.67442E-01  7.94853E-01 -3.44389E-02
    6009.393    504.749  11.700  7.80779E-01  7.93362E-01 -1.58391E-02
    6013.861    509.216  11.750  7.96903E-01  7.91871E-01  6.34542E-03
    6018.347    513.703  11.800  8.11856E-01  7.90380E-01  2.71338E-02
    6022.852    518.208  11.850  8.21949E-01  7.88889E-01  4.18479E-02
    6027.377    522.732  11.900  8.24825E-01  7.87399E-01  4.74652E-02
    6031.920    527.276  11.950  8.20121E-01  7.85908E-01  4.34718E-02
    6036.482    531.838  12.000  8.09494E-01  7.84417E-01  3.19245E-02
    6041.064    536.420  12.050  7.95837E-01  7.82736E-01  1.67118E-02
    6045.664    541.020  12.100  7.82753E-01  7.81056E-01  2.16897E-03
    6050.284    545.640  12.150  7.73020E-01  7.79375E-01 -8.14152E-03
    6054.923    550.278  12.200  7.67901E-01  7.77695E-01 -1.25722E-02
    6059.580    554.936  12.250  7.66907E-01  7.76015E-01 -1.17155E-02
    6064.257    559.613  12.300  7.68184E-01  7.74334E-01 -7.92839E-03
    6068.953    564.309  12.350  7.69346E-01  7.72654E-01 -4.27240E-03
    6073.668    569.024  12.400  7.68436E-01  7.70973E-01 -3.28459E-03
    6078.402    573.757  12.450  7.64640E-01  7.69293E-01 -6.03660E-03
    6083.155    578.510  12.500  7.58531E-01  7.67612E-01 -1.18059E-02
    6087.927    583.282  12.550  7.51779E-01  7.65932E-01 -1.84382E-02
    6092.718    588.073  12.600  7.46467E-01  7.64252E-01 -2.32195E-02
    6097.528    592.884  12.650  7.44302E-01  7.62571E-01 -2.39033E-02
    6102.357    597.713  12.700  7.46012E-01  7.60891E-01 -1.95084E-02
    6107.205    602.561  12.750  7.51126E-01  7.59210E-01 -1.06221E-02
    6112.072    607.428  12.800  7.58179E-01  7.57530E-01  8.54371E-04
    6116.959    612.314  12.850  7.65223E-01  7.55850E-01  1.23690E-02
    6121.864    617.220  12.900  7.70440E-01  7.54169E-01  2.15178E-02
    6126.789    622.144  12.950  7.72629E-01  7.52489E-01  2.66921E-02
    6131.732    627.088  13.000  7.71427E-01  7.50808E-01  2.73853E-02
    6136.695    632.050  13.050  7.67331E-01  7.49174E-01  2.41680E-02
    6141.676    637.032  13.100  7.61143E-01  7.47540E-01  1.81454E-02
    6146.677    642.032  13.150  7.53967E-01  7.45906E-01  1.07761E-02
    6151.696    647.052  13.200  7.46807E-01  7.44271E-01  3.39750E-03
    6156.735    652.091  13.250  7.40397E-01  7.42637E-01 -3.00809E-03
    6161.793    657.148  13.300  7.35144E-01  7.41003E-01 -7.88313E-03
    6166.870    662.225  13.350  7.31172E-01  7.39369E-01 -1.10539E-02
    6171.965    667.321  13.400  7.28377E-01  7.37735E-01 -1.26460E-02
    6177.080    672.436  13.450  7.26503E-01  7.36100E-01 -1.29990E-02
    6182.214    677.570  13.500  7.25199E-01  7.34466E-01 -1.25795E-02
    6187.367    682.723  13.550  7.24104E-01  7.32832E-01 -1.18730E-02
    6192.539    687.895  13.600  7.22953E-01  7.31198E-01 -1.12409E-02
    6197.730    693.086  13.650  7.21681E-01  7.29563E-01 -1.07709E-02
    6202.941    698.296  13.700  7.20492E-01  7.27929E-01 -1.01848E-02
    6208.170    703.525  13.750  7.19826E-01  7.26295E-01 -8.87846E-03
    6213.418    708.774  13.800  7.20204E-01  7.24661E-01 -6.13041E-03
    6218.685    714.041  13.850  7.21982E-01  7.23027E-01 -1.43962E-03
    6223.972    719.327  13.900  7.25101E-01  7.21392E-01  5.12423E-03
    6229.277    724.633  13.950  7.28941E-01  7.19758E-01  1.27159E-02
    6234.602    729.957  14.000  7.32379E-01  7.18124E-01  1.97849E-02
    6239.945    735.301  14.050  7.34061E-01  7.16413E-01  2.45519E-02
    6245.308    740.663  14.100  7.32835E-01  7.14703E-01  2.52853E-02
    6250.689    746.045  14.150  7.28161E-01  7.12993E-01  2.12040E-02
    6256.090    751.446  14.200  7.20424E-01  7.11282E-01  1.28096E-02
    6261.510    756.865  14.250  7.10910E-01  7.09572E-01  1.87996E-03
    6266.948    762.304  14.300  7.01476E-01  7.07861E-01 -8.99036E-03
    6272.406    767.762  14.350  6.93984E-01  7.06151E-01 -1.71727E-02
    6277.883    773.239  14.400  6.89711E-01  7.04440E-01 -2.08404E-02
    6283.379    778.735  14.450  6.88943E-01  7.02730E-01 -1.95544E-02
    6288.894    784.250  14.500  6.90908E-01  7.01019E-01 -1.43762E-02
    6294.428    789.784  14.550  6.94075E-01  6.99309E-01 -7.45985E-03
    6299.981    795.337  14.600  6.96710E-01  6.97599E-01 -1.26878E-03
    6305.553    800.909  14.650  6.97488E-01  6.95888E-01  2.29194E-03
    6311.144    806.500  14.700  6.95927E-01  6.94178E-01  2.51120E-03
    6316.754    812.110  14.750  6.92501E-01  6.92467E-01  4.81429E-05
    6322.384    817.739  14.800  6.88401E-01  6.90757E-01 -3.39925E-03
    6328.032    823.388  14.850  6.85043E-01  6.89046E-01 -5.79091E-03
    6333.699    829.055  14.900  6.83519E-01  6.87336E-01 -5.53468E-03
    6339.386    834.741  14.950  6.84197E-01  6.85625E-01 -2.07637E-03
    6345.091    840.447  15.000  6.86600E-01  6.83915E-01  3.91279E-03
    6350.816    846.171  15.050  6.89632E-01  6.82227E-01  1.08183E-02
    6356.559    851.915  15.100  6.91868E-01  6.80539E-01  1.65916E-02
    6362.322    857.677  15.150  6.92121E-01  6.78851E-01  1.94828E-02
    6368.103    863.459  15.200  6.89768E-01  6.77163E-01  1.85519E-02
    6373.904    869.260  15.250  6.84895E-01  6.75475E-01  1.38991E-02
    6379.724    875.080  15.300  6.78219E-01  6.73787E-01  6.55697E-03
    6385.563    880.918  15.350  6.70834E-01  6.72099E-01 -1.87487E-03
    6391.421    886.776  15.400  6.63889E-01  6.70411E-01 -9.69569E-03
    6397.297    892.653  15.450  6.58313E-01  6.68722E-01 -1.55142E-02
    6403.193    898.549  15.500  6.54654E-01  6.67034E-01 -1.84991E-02
    6409.108    904.464  15.550  6.53034E-01  6.65346E-01 -1.84443E-02
    6415.042    910.398  15.600  6.53211E-01  6.63658E-01 -1.56901E-02
    6420.996    916.351  15.650  6.54685E-01  6.61970E-01 -1.09684E-02
    6426.968    922.323  15.700  6.56816E-01  6.60282E-01 -5.23197E-03
    6432.959    928.315  15.750  6.58928E-01  6.58594E-01  5.06058E-04
    6438.969    934.325  15.800  6.60413E-01  6.56906E-01  5.32158E-03
    6444.998    940.354  15.850  6.60822E-01  6.55218E-01  8.52443E-03
    6451.047    946.402  15.900  6.59948E-01  6.53530E-01  9.78784E-03
    6457.114    952.470  15.950  6.57877E-01  6.51842E-01  9.22739E-03
    6463.201    958.556  16.000  6.54970E-01  6.50154E-01  7.38343E-03
    6469.306    964.662  16.050  6.51788E-01  6.48458E-01  5.11807E-03
    6475.431    970.786  16.100  6.48874E-01  6.46762E-01  3.25435E-03
    6481.574    976.930  16.150  6.46602E-01  6.45066E-01  2.37376E-03
    6487.737    983.093  16.200  6.45038E-01  6.43370E-01  2.58322E-03
    6493.919    989.274  16.250  6.43903E-01  6.41675E-01  3.46218E-03
    6500.119    995.475  16.300  6.42681E-01  6.39979E-01  4.20972E-03
    6506.339   1001.695  16.350  6.40815E-01  6.38283E-01  3.95466E-03
    6512.578   1007.934  16.400  6.37941E-01  6.36587E-01  2.11976E-03
    6518.836   1014.192  16.450  6.34063E-01  6.34891E-01 -1.30061E-03
    6525.113   1020.469  16.500  6.29596E-01  6.33195E-01 -5.66618E-03
    6531.409   1026.765  16.550  6.25252E-01  6.31500E-01 -9.86255E-03
    6537.724   1033.080  16.600  6.21803E-01  6.29804E-01 -1.26650E-02
    6544.058   1039.414  16.650  6.19815E-01  6.28108E-01 -1.31627E-02
    6550.411   1045.767  16.700  6.19448E-01  6.26412E-01 -1.10830E-02
    6556.783   1052.139  16.750  6.20397E-01  6.24716E-01 -6.89348E-03
    6563.175   1058.530  16.800  6.21993E-01  6.23020E-01 -1.64378E-03
    6569.585   1064.941  16.850  6.23438E-01  6.21325E-01  3.39081E-03
    6576.014   1071.370  16.900  6.24057E-01  6.19629E-01  7.12569E-03
    6582.463   1077.818  16.950  6.23504E-01  6.17933E-01  8.98877E-03
    6588.930   1084.286  17.000  6.21821E-01  6.16237E-01  9.03516E-03
    6595.417   1090.772  17.050  6.19402E-01  6.14583E-01  7.81874E-03
    6601.922   1097.278  17.100  6.16697E-01  6.12929E-01  6.13022E-03
    6608.447   1103.802  17.150  6.14133E-01  6.11275E-01  4.66193E-03
    6614.990   1110.346  17.200  6.11908E-01  6.09621E-01  3.74094E-03
    6621.553   1116.909  17.250  6.09950E-01  6.07967E-01  3.25226E-03
    6628.135   1123.491  17.300  6.07989E-01  6.06313E-01  2.75639E-03
    6634.736   1130.091  17.350  6.05713E-01  6.04659E-01  1.73773E-03
    6641.355   1136.711  17.400  6.02928E-01  6.03005E-01 -1.26920E-04
    6647.994   1143.350  17.450  5.99669E-01  6.01351E-01 -2.78998E-03
    6654.652   1150.008  17.500  5.96203E-01  5.99697E-01 -5.81109E-03
    6661.329   1156.685  17.550  5.92951E-01  5.98043E-01 -8.49222E-03
    6668.025   1163.381  17.600  5.90343E-01  5.96389E-01 -1.01108E-02
    6674.740   1170.096  17.650  5.88677E-01  5.94735E-01 -1.01597E-02
    6681.475   1176.830  17.700  5.88021E-01  5.93081E-01 -8.50996E-03
    6688.228   1183.583  17.750  5.88197E-01  5.91427E-01 -5.44645E-03
    6695.000   1190.356  17.800  5.88840E-01  5.89773E-01 -1.57741E-03
    6701.791   1197.147  17.850  5.89499E-01  5.88119E-01  2.34049E-03
    6708.602   1203.957  17.900  5.89756E-01  5.86465E-01  5.59888E-03
    6715.431   1210.787  17.950  5.89323E-01  5.84811E-01  7.69742E-03
    6722.280   1217.635  18.000  5.88084E-01  5.83157E-01  8.42951E-03
    6729.147   1224.503  18.050  5.86118E-01  5.81512E-01  7.90316E-03
    6736.034   1231.389  18.100  5.83588E-01  5.79866E-01  6.40318E-03
    6742.939   1238.295  18.150  5.80758E-01  5.78221E-01  4.37686E-03
    6749.864   1245.219  18.200  5.77900E-01  5.76576E-01  2.29181E-03
    6756.808   1252.163  18.250  5.75236E-01  5.74931E-01  5.29626E-04
    6763.770   1259.126  18.300  5.72887E-01  5.73285E-01 -6.92524E-04
    6770.752   1266.108  18.350  5.70862E-01  5.71640E-01 -1.35768E-03
    6777.753   1273.109  18.400  5.69062E-01  5.69995E-01 -1.63332E-03
    6784.773   1280.128  18.450  5.67322E-01  5.68349E-01 -1.80360E-03
    6791.812   1287.167  18.500  5.65476E-01  5.66704E-01 -2.16278E-03
    6798.870   1294.225  18.550  5.63419E-01  5.65059E-01 -2.89712E-03
    6805.947   1301.302  18.600  5.61160E-01  5.63414E-01 -3.99289E-03
    6813.043   1308.399  18.650  5.58838E-01  5.61768E-01 -5.20650E-03
    6820.158   1315.514  18.700  5.56691E-01  5.60123E-01 -6.11699E-03
    6827.292   1322.648  18.750  5.54979E-01  5.58478E-01 -6.25405E-03
    6834.445   1329.801  18.800  5.53896E-01  5.56833E-01 -5.26522E-03
    6841.618   1336.973  18.850  5.53482E-01  5.55187E-01 -3.06624E-03
    6848.809   1344.165  18.900  5.53588E-01  5.53542E-01  8.22084E-05
    6856.020   1351.375  18.950  5.53891E-01  5.51897E-01  3.60665E-03
    6863.249   1358.605  19.000  5.53978E-01  5.50252E-01  6.76066E-03
    6870.497   1365.853  19.050  5.53513E-01  5.48651E-01  8.84863E-03
    6877.765   1373.121  19.100  5.52192E-01  5.47050E-01  9.38600E-03
    6885.052   1380.407  19.150  5.49967E-01  5.45449E-01  8.27053E-03
    6892.357   1387.713  19.200  5.47009E-01  5.43849E-01  5.80458E-03
    6899.682   1395.038  19.250  5.43659E-01  5.42248E-01  2.59962E-03
    6907.026   1402.381  19.300  5.40317E-01  5.40647E-01 -6.09641E-04
    6914.388   1409.744  19.350  5.37331E-01  5.39046E-01 -3.17811E-03
    6921.770   1417.126  19.400  5.34906E-01  5.37445E-01 -4.72022E-03
    6929.171   1424.527  19.450  5.33064E-01  5.35845E-01 -5.18452E-03
    6936.591   1431.947  19.500  5.31669E-01  5.34244E-01 -4.81596E-03
    6944.030   1439.386  19.550  5.30496E-01  5.32643E-01 -4.02804E-03
    6951.488   1446.844  19.600  5.29323E-01  5.31042E-01 -3.23559E-03
    6958.965   1454.321  19.650  5.28007E-01  5.29442E-01 -2.70817E-03
    6966.461   1461.817  19.700  5.26525E-01  5.27841E-01 -2.49204E-03
    6973.977   1469.332  19.750  5.24966E-01  5.26240E-01 -2.42107E-03
    6981.511   1476.867  19.800  5.23482E-01  5.24639E-01 -2.20549E-03
    6989.064   1484.420  19.850  5.22221E-01  5.23038E-01 -1.56225E-03
    6996.637   1491.992  19.900  5.21261E-01  5.21438E-01 -3.39779E-04
    7004.228   1499.584  19.950  5.20567E-01  5.19837E-01  1.40500E-03
    7011.838   1507.194  20.000  5.19998E-01  5.18236E-01  3.40121E-03
