# # Once                                                         FEFF 9.6.4  
# # POT  SCF 100  5.0000   0, core-hole, AFOLP (folp(0)= 1.150)
# # Abs   Z=27 Rmt= 1.338 Rnm= 1.379 K  shell
# # Pot 1 Z=62 Rmt= 1.666 Rnm= 1.690
# # Pot 2 Z=27 Rmt= 1.347 Rnm= 1.388
# # Gam_ch=1.436E+00 H-L exch Vi= 0.000E+00 Vr= 0.000E+00
# # Mu=-1.773E+01 kf=2.059E+00 Vint=-2.746E+01 Rs_int= 1.761
# # PATH  Rmax= 9.000,  Keep_limit= 0.00, Heap_limit 0.00  Pwcrit= 2.50%
#  S02=0.900  Temp= 290.00  Debye_temp= 275.00  Global_sig2= 0.00000
#  Energy zero shift, vr, vi    0.00000E+00   0.00000E+00
#  Curved wave amplitude ratio filter   4.000%
#     file         sig2 tot  cw amp ratio   deg  nlegs   reff  inp sig2
#           1       0.01076    100.00      1.00     2   2.3062
#           2       0.01200    163.40      2.00     2   2.5548
#           3       0.01201     81.63      1.00     2   2.5557
#           4       0.01224     78.33      1.00     2   2.6081
#           5       0.01226    156.20      2.00     2   2.6123
#           6       0.01233    154.20      2.00     2   2.6287
#           7       0.01235    307.60      4.00     2   2.6318
#           8       0.00971     90.72      1.00     2   2.8851
#           9       0.01335     10.84      4.00     3   3.7818
#          10       0.01334     16.59      4.00     3   3.7828
#          11       0.01337     10.78      4.00     3   3.7849
#          12       0.01335     16.57      4.00     3   3.7846
#          13       0.01335     16.60      4.00     3   3.7845
#          14       0.01334     15.98      4.00     3   3.7845
#          15       0.01337     10.78      4.00     3   3.7850
#          16       0.01337     18.47      4.00     3   3.7858
#          17       0.01335     15.97      4.00     3   3.7867
#          18       0.01335     15.96      4.00     3   3.7872
#          19       0.01338      9.16      2.00     3   3.7897
#          20       0.01354     15.57      4.00     3   3.8387
#          21       0.01354      7.81      2.00     3   3.8392
#          22       0.01363     13.64      4.00     3   3.8691
#          23       0.01363     13.65      4.00     3   3.8693
#          24       0.01364     13.62      4.00     3   3.8714
#          25       0.01541     60.78      2.00     2   3.9800
#          26       0.01541     30.38      1.00     2   3.9806
#          27       0.01548     28.09      1.00     2   4.1107
#          28       0.01548     56.09      2.00     2   4.1137
#          29       0.01551    107.80      4.00     2   4.1809
#          30       0.01552     53.85      2.00     2   4.1824
#          31       0.01553     52.67      2.00     2   4.2202
#          32       0.01553     52.63      2.00     2   4.2214
#          33       0.01553     52.59      2.00     2   4.2227
#          34       0.01523     10.74      4.00     3   4.4205
#          35       0.01523     15.78      4.00     3   4.4205
#          36       0.01523      5.37      2.00     3   4.4213
#          37       0.01523      7.88      2.00     3   4.4213
#          38       0.01532     13.31      4.00     3   4.4954
#          39       0.01533     13.26      4.00     3   4.4969
#          40       0.01533     13.24      4.00     3   4.4972
#          41       0.01536      5.37      2.00     3   4.5125
#          42       0.01536      7.52      2.00     3   4.5125
#          43       0.01536     10.71      4.00     3   4.5161
#          44       0.01536     14.99      4.00     3   4.5161
#          45       0.01541      7.59      4.00     3   4.5469
#          46       0.01541      7.57      4.00     3   4.5494
#          47       0.01541      7.58      4.00     3   4.5504
#          48       0.01541     15.11      4.00     3   4.5591
#          49       0.01541     15.12      4.00     3   4.5591
#          50       0.01541     15.13      4.00     3   4.5597
#          51       0.01544     14.90      4.00     3   4.5906
#          52       0.01545     14.93      4.00     3   4.5918
#          53       0.01545     14.90      4.00     3   4.5917
#          54       0.04304      5.93      1.00     4   4.6125
#          55       0.01548     12.27      4.00     3   4.6200
#          56       0.01549     12.20      4.00     3   4.6204
#          57       0.01549     12.21      4.00     3   4.6221
#          58       0.01549     13.59      4.00     3   4.6322
#          59       0.01549     13.58      4.00     3   4.6334
#          60       0.01552      7.36      4.00     3   4.6343
#          61       0.01549     13.54      4.00     3   4.6355
#          62       0.01550      8.64      4.00     3   4.6368
#          63       0.01553      7.31      4.00     3   4.6389
#          64       0.01553      7.31      4.00     3   4.6398
#          65       0.01557      7.28      4.00     3   4.6765
#          66       0.01557      7.28      4.00     3   4.6785
#          67       0.01558      7.26      4.00     3   4.6807
#          68       0.01557      7.67      4.00     3   4.6853
#          69       0.01556     11.68      4.00     3   4.6858
#          70       0.01556     11.67      4.00     3   4.6863
#          71       0.01556     11.69      4.00     3   4.6868
#          72       0.01559     11.55      4.00     3   4.7153
#          73       0.01559     11.55      4.00     3   4.7162
#          74       0.01559     11.54      4.00     3   4.7172
#          75       0.01121     27.91      1.00     2   4.9404
#          76       0.01121     27.87      1.00     2   4.9436
#          77       0.01121     27.86      1.00     2   4.9441
#          78       0.01121     27.85      1.00     2   4.9446
#          79       0.01121     55.67      2.00     2   4.9460
#          80       0.01573      8.27      2.00     3   4.9825
#          81       0.01573     16.51      4.00     3   4.9858
#          82       0.01575      5.91      2.00     3   4.9907
#          83       0.01575     11.80      4.00     3   4.9974
#          84       0.01429     10.85      4.00     3   5.0452
#          85       0.01429     10.82      4.00     3   5.0462
#          86       0.01429     10.80      4.00     3   5.0484
#          87       0.01182      4.61      2.00     3   5.0962
#          88       0.01182      4.61      2.00     3   5.0960
#          89       0.01182      9.19      4.00     3   5.0981
#          90       0.01182      4.60      2.00     3   5.0991
#          91       0.01182      4.60      2.00     3   5.0990
#          92       0.01580     32.29      2.00     2   5.1096
#          93       0.01579     24.35      4.00     3   5.1092
#          94       0.01580     77.80      4.00     3   5.1096
#          95       0.04800      7.63      2.00     4   5.1096
#          96       0.01580     60.04      2.00     4   5.1096
#          97       0.01580     16.13      1.00     2   5.1114
#          98       0.01579     24.22      4.00     3   5.1114
#          99       0.01580     38.85      2.00     3   5.1114
#         101       0.01580     29.98      1.00     4   5.1114
#         102       0.01579     24.23      4.00     3   5.1126
#         103       0.01581     31.92      2.00     2   5.1321
#         104       0.01581     31.90      2.00     2   5.1330
#         105       0.01581     31.88      2.00     2   5.1343
#         106       0.01581     23.24      4.00     3   5.1624
#         107       0.01581     23.17      4.00     3   5.1628
#         110       0.01581     23.18      4.00     3   5.1667
#         114       0.01582     42.14      4.00     3   5.1712
#         115       0.01582     42.19      4.00     3   5.1721
#         116       0.01582     42.39      4.00     3   5.1730
#         117       0.01674      9.31      4.00     4   5.1835
#         119       0.01675      9.15      4.00     4   5.1866
#         121       0.01675      9.18      4.00     4   5.1876
#         123       0.01127     24.63      1.00     2   5.1914
#         124       0.01127     23.23      2.00     3   5.1914
#         125       0.01127     53.54      2.00     3   5.1914
#         126       0.01127     17.06      2.00     4   5.1914
#         127       0.01127     38.00      1.00     4   5.1914
#         128       0.01632     14.65      2.00     4   5.2103
#         129       0.01632     14.69      2.00     4   5.2111
#         130       0.01632     14.86      2.00     4   5.2117
#         132       0.04904      6.94      2.00     4   5.2245
#         133       0.01682      8.51      4.00     4   5.2399
#         134       0.01682      8.41      4.00     4   5.2410
#         135       0.01682      8.49      4.00     4   5.2442
#         136       0.01625      7.75      4.00     3   5.2484
#         137       0.01626      7.74      4.00     3   5.2499
#         138       0.01626      7.74      4.00     3   5.2503
#         139       0.04933      6.76      2.00     4   5.2574
#         143       0.04939     13.45      4.00     4   5.2638
#         144       0.01176     16.44      4.00     3   5.2738
#         145       0.01176     16.42      4.00     3   5.2775
#         146       0.01176     16.37      4.00     3   5.2792
#         147       0.01180     15.63      4.00     3   5.2998
#         148       0.01180      7.80      2.00     3   5.3011
#         149       0.01180      7.80      2.00     3   5.3009
#         150       0.01180      7.80      2.00     3   5.3015
#         151       0.01180      7.80      2.00     3   5.3015
#         152       0.01589     14.61      1.00     2   5.3052
#         153       0.01589     29.19      2.00     2   5.3067
#         154       0.01180      7.48      2.00     3   5.3193
#         155       0.01180      7.48      2.00     3   5.3188
#         156       0.01180      7.48      2.00     3   5.3197
#         157       0.01195     12.27      4.00     3   5.4077
#         158       0.01597     40.52      3.00     2   5.4616
#         159       0.01141     20.19      1.00     2   5.6056
#         160       0.01141     40.35      2.00     2   5.6077
#         161       0.01544     12.64      2.00     3   5.6083
#         162       0.01544     12.65      2.00     3   5.6094
#         163       0.01544     12.64      2.00     3   5.6096
#         164       0.01145     30.07      2.00     3   5.6267
#         165       0.01145     59.92      4.00     3   5.6290
#         166       0.01173     12.33      1.00     4   5.6479
#         167       0.01174     24.48      2.00     4   5.6503
#         168       0.01557     12.48      2.00     3   5.7428
#         169       0.01557     12.44      2.00     3   5.7431
#         170       0.01557     12.43      2.00     3   5.7433
#         171       0.01616     11.62      1.00     2   5.7702
#         172       0.01616     53.02      2.00     3   5.7702
#         173       0.03884      4.44      1.00     4   5.7702
#         174       0.01616     60.99      1.00     4   5.7702
#         178       0.01634     41.53      4.00     2   6.0089
#         179       0.01634     20.76      2.00     2   6.0099
#         183       0.01637     20.28      2.00     2   6.0597
#         184       0.01638     20.27      2.00     2   6.0612
#         185       0.01638     20.24      2.00     2   6.0637
#         186       0.01638     40.35      4.00     2   6.0710
#         187       0.01639     20.11      2.00     2   6.0781
#         188       0.01646     29.23      8.00     3   6.1488
#         189       0.01646     14.52      4.00     3   6.1562
#         190       0.01652      4.95      4.00     3   6.1676
#         191       0.01652      4.96      4.00     3   6.1680
#         192       0.01652      4.94      4.00     3   6.1678
#         193       0.01648      8.73      4.00     3   6.1860
#         194       0.01647      8.73      4.00     3   6.1855
#         195       0.01648      8.73      4.00     3   6.1857
#         196       0.01750      5.52      4.00     4   6.2267
#         198       0.01651     14.07      8.00     3   6.2480
#         199       0.01651     13.67      8.00     3   6.2481
#   179/ 198 paths used
#  xsedge+50, used to normalize mu           2.9268E-04
#  -----------------------------------------------------------------------
#  omega    e    k    mu    mu0     chi     @#
    7719.284    -17.721   0.050 -8.48708E-04  3.12055E-01 -5.72162E-01
    7719.312    -17.692   0.100  1.28681E-02  3.17033E-01 -5.55250E-01
    7719.360    -17.645   0.150  5.27574E-02  3.31854E-01 -5.06958E-01
    7719.427    -17.578   0.200  9.26284E-02  3.46675E-01 -4.59176E-01
    7719.513    -17.492   0.250  1.53626E-01  3.69579E-01 -3.87168E-01
    7719.617    -17.387   0.300  2.13821E-01  3.92483E-01 -3.17741E-01
    7719.741    -17.264   0.350  2.85162E-01  4.18719E-01 -2.34927E-01
    7719.884    -17.121   0.400  3.53969E-01  4.44956E-01 -1.58315E-01
    7720.046    -16.959   0.450  4.25726E-01  4.69561E-01 -7.52523E-02
    7720.227    -16.778   0.500  4.92891E-01  4.94167E-01 -2.16132E-03
    7720.427    -16.578   0.550  5.58544E-01  5.15417E-01  7.19338E-02
    7720.646    -16.359   0.600  6.14690E-01  5.36668E-01  1.28167E-01
    7720.884    -16.121   0.650  6.60292E-01  5.55175E-01  1.69746E-01
    7721.141    -15.863   0.700  6.91060E-01  5.73682E-01  1.86383E-01
    7721.418    -15.587   0.750  7.06342E-01  5.90461E-01  1.80682E-01
    7721.713    -15.292   0.800  7.05176E-01  6.07241E-01  1.49993E-01
    7722.027    -14.978   0.850  6.88880E-01  6.23037E-01  9.89591E-02
    7722.360    -14.644   0.900  6.58706E-01  6.38833E-01  2.93200E-02
    7722.713    -14.292   0.950  6.17512E-01  6.54027E-01 -5.28600E-02
    7723.084    -13.920   1.000  5.69270E-01  6.69222E-01 -1.42010E-01
    7723.475    -13.530   1.050  5.17699E-01  6.83970E-01 -2.31828E-01
    7723.884    -13.120   1.100  4.69130E-01  6.98717E-01 -3.14249E-01
    7724.313    -12.692   1.150  4.27103E-01  7.13038E-01 -3.84303E-01
    7724.761    -12.244   1.200  3.98355E-01  7.27359E-01 -4.34338E-01
    7725.227    -11.777   1.250  3.84571E-01  7.41157E-01 -4.62654E-01
    7725.713    -11.291   1.300  3.90378E-01  7.54955E-01 -4.65024E-01
    7726.218    -10.787   1.350  4.14196E-01  7.68120E-01 -4.44168E-01
    7726.742    -10.263   1.400  4.57008E-01  7.81286E-01 -4.00513E-01
    7727.285     -9.720   1.450  5.14202E-01  7.93676E-01 -3.40075E-01
    7727.847     -9.158   1.500  5.83518E-01  8.06066E-01 -2.66860E-01
    7728.428     -8.577   1.550  6.59523E-01  8.17544E-01 -1.86958E-01
    7729.028     -7.977   1.600  7.38444E-01  8.29021E-01 -1.05753E-01
    7729.647     -7.358   1.650  8.16498E-01  8.39478E-01 -2.65150E-02
    7730.285     -6.720   1.700  8.90002E-01  8.49935E-01  4.56924E-02
    7730.942     -6.062   1.750  9.57533E-01  8.59276E-01  1.10910E-01
    7731.619     -5.386   1.800  1.01613E+00  8.68617E-01  1.64830E-01
    7732.314     -4.691   1.850  1.06541E+00  8.76770E-01  2.08984E-01
    7733.028     -3.976   1.900  1.10302E+00  8.84923E-01  2.39562E-01
    7733.762     -3.243   1.950  1.12819E+00  8.91820E-01  2.57831E-01
    7734.514     -2.490   2.000  1.13938E+00  8.98717E-01  2.60697E-01
    7735.286     -1.719   2.050  1.13521E+00  9.03778E-01  2.49498E-01
    7736.076     -0.928   2.100  1.11634E+00  9.08839E-01  2.22639E-01
    7736.886     -0.119   2.150  1.08480E+00  9.13899E-01  1.82506E-01
    7737.715      0.710   2.200  1.04400E+00  9.18960E-01  1.32900E-01
    7738.562      1.558   2.250  9.90501E-01  9.21063E-01  7.37379E-02
    7739.429      2.424   2.300  9.37885E-01  9.23167E-01  1.56160E-02
    7740.315      3.310   2.350  8.93109E-01  9.25270E-01 -3.40907E-02
    7741.220      4.215   2.400  8.61332E-01  9.27373E-01 -6.99413E-02
    7742.144      5.139   2.450  8.48650E-01  9.32718E-01 -8.88143E-02
    7743.087      6.082   2.500  8.49069E-01  9.38063E-01 -9.37896E-02
    7744.049      7.044   2.550  8.59759E-01  9.43407E-01 -8.79414E-02
    7745.030      8.025   2.600  8.76539E-01  9.48752E-01 -7.57351E-02
    7746.030      9.025   2.650  8.91237E-01  9.53164E-01 -6.47002E-02
    7747.049     10.044   2.700  9.08626E-01  9.57576E-01 -5.09483E-02
    7748.087     11.083   2.750  9.26524E-01  9.61989E-01 -3.67726E-02
    7749.145     12.140   2.800  9.43426E-01  9.66401E-01 -2.37325E-02
    7750.221     13.216   2.850  9.56657E-01  9.69048E-01 -1.27627E-02
    7751.316     14.312   2.900  9.68414E-01  9.71696E-01 -3.37034E-03
    7752.431     15.426   2.950  9.78794E-01  9.74344E-01  4.55583E-03
    7753.564     16.559   3.000  9.88256E-01  9.76992E-01  1.14997E-02
    7754.717     17.712   3.050  9.95711E-01  9.78922E-01  1.71015E-02
    7755.888     18.884   3.100  1.00395E+00  9.80852E-01  2.34717E-02
    7757.079     20.074   3.150  1.01303E+00  9.82783E-01  3.06711E-02
    7758.289     21.284   3.200  1.02249E+00  9.84713E-01  3.82235E-02
    7759.517     22.513   3.250  1.03036E+00  9.85474E-01  4.53332E-02
    7760.765     23.760   3.300  1.03775E+00  9.86234E-01  5.19338E-02
    7762.032     25.027   3.350  1.04332E+00  9.86995E-01  5.66862E-02
    7763.318     26.313   3.400  1.04574E+00  9.87755E-01  5.82573E-02
    7764.623     27.618   3.450  1.04452E+00  9.88477E-01  5.62414E-02
    7765.947     28.942   3.500  1.03883E+00  9.89199E-01  4.97594E-02
    7767.290     30.285   3.550  1.02859E+00  9.89922E-01  3.87286E-02
    7768.652     31.647   3.600  1.01428E+00  9.90644E-01  2.36434E-02
    7770.033     33.028   3.650  9.96652E-01  9.90730E-01  5.91866E-03
    7771.433     34.428   3.700  9.77599E-01  9.90816E-01 -1.31967E-02
    7772.852     35.848   3.750  9.58531E-01  9.90902E-01 -3.22877E-02
    7774.291     37.286   3.800  9.40802E-01  9.90988E-01 -5.00070E-02
    7775.748     38.743   3.850  9.26290E-01  9.91413E-01 -6.48414E-02
    7777.224     40.220   3.900  9.15356E-01  9.91838E-01 -7.60929E-02
    7778.720     41.715   3.950  9.08641E-01  9.92262E-01 -8.31337E-02
    7780.234     43.229   4.000  9.06583E-01  9.92687E-01 -8.55368E-02
    7781.768     44.763   4.050  9.09770E-01  9.92899E-01 -8.25185E-02
    7783.320     46.315   4.100  9.17872E-01  9.93110E-01 -7.46288E-02
    7784.892     47.887   4.150  9.30657E-01  9.93322E-01 -6.21095E-02
    7786.483     49.478   4.200  9.47578E-01  9.93533E-01 -4.55140E-02
    7788.092     51.087   4.250  9.68233E-01  9.93883E-01 -2.53874E-02
    7789.721     52.716   4.300  9.90547E-01  9.94234E-01 -3.64610E-03
    7791.369     54.364   4.350  1.01273E+00  9.94584E-01  1.79361E-02
    7793.036     56.031   4.400  1.03282E+00  9.94934E-01  3.74209E-02
    7794.722     57.717   4.450  1.04896E+00  9.95349E-01  5.29347E-02
    7796.427     59.422   4.500  1.05950E+00  9.95764E-01  6.28975E-02
    7798.151     61.146   4.550  1.06375E+00  9.96178E-01  6.66438E-02
    7799.894     62.889   4.600  1.06190E+00  9.96593E-01  6.43828E-02
    7801.656     64.651   4.650  1.05439E+00  9.96800E-01  5.67582E-02
    7803.437     66.432   4.700  1.04371E+00  9.97008E-01  4.60052E-02
    7805.237     68.232   4.750  1.03205E+00  9.97216E-01  3.43034E-02
    7807.056     70.052   4.800  1.02150E+00  9.97424E-01  2.37057E-02
    7808.895     71.890   4.850  1.01340E+00  9.97585E-01  1.55702E-02
    7810.752     73.747   4.900  1.00879E+00  9.97745E-01  1.08692E-02
    7812.629     75.624   4.950  1.00742E+00  9.97906E-01  9.36291E-03
    7814.524     77.519   5.000  1.00821E+00  9.98066E-01  9.98653E-03
    7816.439     79.434   5.050  1.00931E+00  9.98040E-01  1.10927E-02
    7818.372     81.367   5.100  1.00923E+00  9.98013E-01  1.10389E-02
    7820.325     83.320   5.150  1.00653E+00  9.97987E-01  8.40453E-03
    7822.296     85.292   5.200  1.00041E+00  9.97960E-01  2.41210E-03
    7824.287     87.282   5.250  9.90682E-01  9.97714E-01 -6.92446E-03
    7826.297     89.292   5.300  9.78531E-01  9.97468E-01 -1.86543E-02
    7828.326     91.321   5.350  9.65459E-01  9.97222E-01 -3.13008E-02
    7830.374     93.369   5.400  9.53261E-01  9.96976E-01 -4.30955E-02
    7832.440     95.436   5.450  9.43615E-01  9.96533E-01 -5.21974E-02
    7834.526     97.522   5.500  9.37990E-01  9.96089E-01 -5.73421E-02
    7836.631     99.627   5.550  9.37134E-01  9.95645E-01 -5.77820E-02
    7838.755    101.751   5.600  9.41141E-01  9.95202E-01 -5.34180E-02
    7840.899    103.894   5.650  9.49426E-01  9.94546E-01 -4.46155E-02
    7843.061    106.056   5.700  9.61052E-01  9.93890E-01 -3.24948E-02
    7845.242    108.237   5.750  9.74774E-01  9.93234E-01 -1.82803E-02
    7847.442    110.438   5.800  9.89285E-01  9.92578E-01 -3.26382E-03
    7849.662    112.657   5.850  1.00326E+00  9.91829E-01  1.13335E-02
    7851.900    114.895   5.900  1.01566E+00  9.91080E-01  2.44040E-02
    7854.157    117.153   5.950  1.02567E+00  9.90330E-01  3.51236E-02
    7856.434    119.429   6.000  1.03271E+00  9.89581E-01  4.29003E-02
    7858.729    121.725   6.050  1.03614E+00  9.88689E-01  4.72548E-02
    7861.044    124.039   6.100  1.03615E+00  9.87797E-01  4.81998E-02
    7863.378    126.373   6.150  1.03291E+00  9.86905E-01  4.59082E-02
    7865.730    128.725   6.200  1.02685E+00  9.86013E-01  4.07982E-02
    7868.102    131.097   6.250  1.01863E+00  9.85121E-01  3.35112E-02
    7870.493    133.488   6.300  1.00906E+00  9.84229E-01  2.48555E-02
    7872.902    135.898   6.350  9.99011E-01  9.83337E-01  1.57094E-02
    7875.331    138.327   6.400  9.89321E-01  9.82445E-01  6.89836E-03
    7877.779    140.775   6.450  9.80629E-01  9.81553E-01 -9.28288E-04
    7880.246    143.241   6.500  9.73311E-01  9.80661E-01 -7.39071E-03
    7882.732    145.727   6.550  9.67458E-01  9.79768E-01 -1.23915E-02
    7885.237    148.233   6.600  9.62827E-01  9.78874E-01 -1.61730E-02
    7887.761    150.757   6.650  9.59064E-01  9.77981E-01 -1.90867E-02
    7890.305    153.300   6.700  9.55816E-01  9.77088E-01 -2.14879E-02
    7892.867    155.862   6.750  9.52862E-01  9.76194E-01 -2.35964E-02
    7895.448    158.443   6.800  9.50210E-01  9.75301E-01 -2.54043E-02
    7898.048    161.044   6.850  9.48108E-01  9.74407E-01 -2.66598E-02
    7900.668    163.663   6.900  9.46973E-01  9.73514E-01 -2.69358E-02
    7903.306    166.301   6.950  9.47262E-01  9.72621E-01 -2.57656E-02
    7905.964    168.959   7.000  9.49306E-01  9.71727E-01 -2.28078E-02
    7908.640    171.635   7.050  9.53129E-01  9.70877E-01 -1.80752E-02
    7911.336    174.331   7.100  9.58553E-01  9.70026E-01 -1.16999E-02
    7914.050    177.046   7.150  9.64980E-01  9.69175E-01 -4.28297E-03
    7916.784    179.779   7.200  9.71586E-01  9.68325E-01  3.33337E-03
    7919.537    182.532   7.250  9.77481E-01  9.67474E-01  1.02420E-02
    7922.308    185.304   7.300  9.81914E-01  9.66623E-01  1.56699E-02
    7925.099    188.095   7.350  9.84431E-01  9.65773E-01  1.91445E-02
    7927.909    190.904   7.400  9.84958E-01  9.64922E-01  2.05830E-02
    7930.738    193.733   7.450  9.83786E-01  9.64072E-01  2.02777E-02
    7933.586    196.581   7.500  9.81463E-01  9.63221E-01  1.87866E-02
    7936.453    199.448   7.550  9.78651E-01  9.62300E-01  1.68633E-02
    7939.339    202.334   7.600  9.75827E-01  9.61379E-01  1.49213E-02
    7942.244    205.239   7.650  9.73297E-01  9.60458E-01  1.32781E-02
    7945.168    208.164   7.700  9.71068E-01  9.59537E-01  1.19415E-02
    7948.112    211.107   7.750  9.68873E-01  9.58616E-01  1.06378E-02
    7951.074    214.069   7.800  9.66294E-01  9.57695E-01  8.93017E-03
    7954.055    217.050   7.850  9.62919E-01  9.56774E-01  6.39093E-03
    7957.056    220.051   7.900  9.58518E-01  9.55852E-01  2.77542E-03
    7960.075    223.070   7.950  9.53152E-01  9.54931E-01 -1.85593E-03
    7963.113    226.109   8.000  9.47207E-01  9.54010E-01 -7.10449E-03
    7966.171    229.166   8.050  9.41133E-01  9.52987E-01 -1.23972E-02
    7969.247    232.243   8.100  9.35834E-01  9.51963E-01 -1.68923E-02
    7972.343    235.338   8.150  9.32019E-01  9.50940E-01 -1.98443E-02
    7975.458    238.453   8.200  9.30169E-01  9.49916E-01 -2.07417E-02
    7978.591    241.587   8.250  9.30416E-01  9.48892E-01 -1.94351E-02
    7981.744    244.739   8.300  9.32512E-01  9.47869E-01 -1.61767E-02
    7984.916    247.911   8.350  9.35885E-01  9.46845E-01 -1.15621E-02
    7988.107    251.102   8.400  9.39772E-01  9.45822E-01 -6.39120E-03
    7991.317    254.312   8.450  9.43393E-01  9.44798E-01 -1.48601E-03
    7994.546    257.541   8.500  9.46120E-01  9.43774E-01  2.48570E-03
    7997.794    260.789   8.550  9.47592E-01  9.42712E-01  5.17787E-03
    8001.061    264.056   8.600  9.47796E-01  9.41649E-01  6.52937E-03
    8004.347    267.342   8.650  9.46940E-01  9.40586E-01  6.75732E-03
    8007.652    270.647   8.700  9.45419E-01  9.39523E-01  6.27819E-03
    8010.976    273.972   8.750  9.43689E-01  9.38461E-01  5.57455E-03
    8014.320    277.315   8.800  9.42138E-01  9.37398E-01  5.06073E-03
    8017.682    280.677   8.850  9.40996E-01  9.36335E-01  4.98206E-03
    8021.063    284.058   8.900  9.40290E-01  9.35272E-01  5.37031E-03
    8024.464    287.459   8.950  9.39866E-01  9.34210E-01  6.06109E-03
    8027.883    290.878   9.000  9.39449E-01  9.33147E-01  6.76216E-03
    8031.322    294.317   9.050  9.38811E-01  9.32097E-01  7.21143E-03
    8034.779    297.774   9.100  9.37634E-01  9.31047E-01  7.08178E-03
    8038.256    301.251   9.150  9.35786E-01  9.29997E-01  6.22966E-03
    8041.751    304.747   9.200  9.33279E-01  9.28947E-01  4.66670E-03
    8045.266    308.261   9.250  9.30263E-01  9.27897E-01  2.55092E-03
    8048.800    311.795   9.300  9.26981E-01  9.26847E-01  1.44409E-04
    8052.353    315.348   9.350  9.23717E-01  9.25797E-01 -2.24768E-03
    8055.925    318.920   9.400  9.20734E-01  9.24747E-01 -4.34010E-03
    8059.516    322.511   9.450  9.18232E-01  9.23697E-01 -5.91763E-03
    8063.125    326.121   9.500  9.16315E-01  9.22647E-01 -6.86328E-03
    8066.754    329.750   9.550  9.15002E-01  9.21687E-01 -7.25127E-03
    8070.403    333.398   9.600  9.14213E-01  9.20726E-01 -7.07158E-03
    8074.070    337.065   9.650  9.13847E-01  9.19766E-01 -6.43245E-03
    8077.756    340.751   9.700  9.13780E-01  9.18805E-01 -5.46667E-03
    8081.461    344.456   9.750  9.13890E-01  9.17845E-01 -4.30628E-03
    8085.185    348.181   9.800  9.14071E-01  9.16885E-01 -3.06587E-03
    8088.929    351.924   9.850  9.14242E-01  9.15924E-01 -1.83510E-03
    8092.691    355.686   9.900  9.14342E-01  9.14964E-01 -6.78760E-04
    8096.472    359.468   9.950  9.14332E-01  9.14003E-01  3.59367E-04
    8100.273    363.268  10.000  9.14187E-01  9.13043E-01  1.25157E-03
    8104.092    367.088  10.050  9.13836E-01  9.11978E-01  2.03473E-03
    8107.931    370.926  10.100  9.13354E-01  9.10913E-01  2.67628E-03
    8111.788    374.784  10.150  9.12733E-01  9.09847E-01  3.16726E-03
    8115.665    378.660  10.200  9.11971E-01  9.08782E-01  3.50347E-03
    8119.561    382.556  10.250  9.11067E-01  9.07717E-01  3.68432E-03
    8123.476    386.471  10.300  9.10022E-01  9.06652E-01  3.71101E-03
    8127.409    390.405  10.350  9.08839E-01  9.05587E-01  3.58479E-03
    8131.362    394.358  10.400  9.07518E-01  9.04522E-01  3.30647E-03
    8135.334    398.329  10.450  9.06062E-01  9.03456E-01  2.87803E-03
    8139.325    402.320  10.500  9.04477E-01  9.02391E-01  2.30652E-03
    8143.335    406.330  10.550  9.02779E-01  9.01326E-01  1.60922E-03
    8147.364    410.359  10.600  9.00999E-01  9.00261E-01  8.18192E-04
    8151.412    414.408  10.650  8.99180E-01  8.99196E-01 -1.78544E-05
    8155.479    418.475  10.700  8.97378E-01  8.98131E-01 -8.36086E-04
    8159.566    422.561  10.750  8.95657E-01  8.97065E-01 -1.56680E-03
    8163.671    426.666  10.800  8.94074E-01  8.96000E-01 -2.14429E-03
    8167.795    430.790  10.850  8.92675E-01  8.94935E-01 -2.51875E-03
    8171.939    434.934  10.900  8.91481E-01  8.93870E-01 -2.66611E-03
    8176.101    439.096  10.950  8.90484E-01  8.92805E-01 -2.59297E-03
    8180.282    443.278  11.000  8.89652E-01  8.91740E-01 -2.33492E-03
    8184.483    447.478  11.050  8.88733E-01  8.90514E-01 -1.99439E-03
    8188.703    451.698  11.100  8.87885E-01  8.89289E-01 -1.57425E-03
    8192.941    455.936  11.150  8.87054E-01  8.88064E-01 -1.13420E-03
    8197.199    460.194  11.200  8.86197E-01  8.86839E-01 -7.21864E-04
    8201.476    464.471  11.250  8.85290E-01  8.85614E-01 -3.64691E-04
    8205.771    468.767  11.300  8.84329E-01  8.84388E-01 -6.75822E-05
    8210.086    473.081  11.350  8.83326E-01  8.83163E-01  1.83176E-04
    8214.420    477.415  11.400  8.82302E-01  8.81938E-01  4.11129E-04
    8218.773    481.768  11.450  8.81277E-01  8.80713E-01  6.38678E-04
    8223.145    486.140  11.500  8.80261E-01  8.79488E-01  8.77166E-04
    8227.536    490.531  11.550  8.79250E-01  8.78263E-01  1.12089E-03
    8231.946    494.941  11.600  8.78222E-01  8.77037E-01  1.34673E-03
    8236.375    499.370  11.650  8.77147E-01  8.75812E-01  1.51937E-03
    8240.823    503.818  11.700  8.75991E-01  8.74587E-01  1.60071E-03
    8245.290    508.286  11.750  8.74729E-01  8.73362E-01  1.56065E-03
    8249.777    512.772  11.800  8.73349E-01  8.72137E-01  1.38628E-03
    8254.282    517.277  11.850  8.71861E-01  8.70912E-01  1.08701E-03
    8258.806    521.801  11.900  8.70292E-01  8.69686E-01  6.94361E-04
    8263.350    526.345  11.950  8.68685E-01  8.68461E-01  2.56366E-04
    8267.912    530.907  12.000  8.67087E-01  8.67236E-01 -1.71657E-04
    8272.494    535.489  12.050  8.65509E-01  8.65994E-01 -5.57652E-04
    8277.094    540.089  12.100  8.64006E-01  8.64752E-01 -8.60071E-04
    8281.714    544.709  12.150  8.62601E-01  8.63510E-01 -1.04857E-03
    8286.352    549.348  12.200  8.61306E-01  8.62268E-01 -1.11215E-03
    8291.010    554.005  12.250  8.60110E-01  8.61026E-01 -1.05949E-03
    8295.687    558.682  12.300  8.58994E-01  8.59784E-01 -9.15479E-04
    8300.383    563.378  12.350  8.57926E-01  8.58542E-01 -7.14888E-04
    8305.098    568.093  12.400  8.56874E-01  8.57300E-01 -4.94808E-04
    8309.831    572.827  12.450  8.55810E-01  8.56057E-01 -2.87612E-04
    8314.584    577.580  12.500  8.54716E-01  8.54815E-01 -1.15821E-04
    8319.356    582.352  12.550  8.53582E-01  8.53573E-01  1.02520E-05
    8324.147    587.143  12.600  8.52410E-01  8.52331E-01  9.19346E-05
    8328.958    591.953  12.650  8.51208E-01  8.51089E-01  1.39235E-04
    8333.787    596.782  12.700  8.49989E-01  8.49847E-01  1.66459E-04
    8338.635    601.630  12.750  8.48765E-01  8.48605E-01  1.87588E-04
    8343.502    606.497  12.800  8.47544E-01  8.47363E-01  2.12500E-04
    8348.389    611.384  12.850  8.46329E-01  8.46121E-01  2.44813E-04
    8353.294    616.289  12.900  8.45118E-01  8.44879E-01  2.81642E-04
    8358.218    621.214  12.950  8.43904E-01  8.43637E-01  3.15118E-04
    8363.162    626.157  13.000  8.42678E-01  8.42395E-01  3.35126E-04
    8368.124    631.119  13.050  8.41376E-01  8.41086E-01  3.44215E-04
    8373.106    636.101  13.100  8.40051E-01  8.39777E-01  3.24897E-04
    8378.106    641.102  13.150  8.38699E-01  8.38468E-01  2.74043E-04
    8383.126    646.121  13.200  8.37323E-01  8.37159E-01  1.94331E-04
    8388.165    651.160  13.250  8.35929E-01  8.35850E-01  9.39560E-05
    8393.222    656.218  13.300  8.34529E-01  8.34542E-01 -1.48894E-05
    8398.299    661.295  13.350  8.33134E-01  8.33233E-01 -1.18366E-04
    8403.395    666.390  13.400  8.31754E-01  8.31924E-01 -2.03621E-04
    8408.510    671.505  13.450  8.30397E-01  8.30615E-01 -2.61105E-04
    8413.644    676.639  13.500  8.29068E-01  8.29306E-01 -2.86095E-04
    8418.797    681.792  13.550  8.27765E-01  8.27997E-01 -2.79148E-04
    8423.969    686.964  13.600  8.26485E-01  8.26688E-01 -2.45468E-04
    8429.160    692.155  13.650  8.25219E-01  8.25380E-01 -1.93431E-04
    8434.370    697.366  13.700  8.23961E-01  8.24071E-01 -1.32664E-04
    8439.600    702.595  13.750  8.22702E-01  8.22762E-01 -7.21577E-05
    8444.848    707.843  13.800  8.21437E-01  8.21453E-01 -1.88293E-05
    8450.115    713.110  13.850  8.20163E-01  8.20144E-01  2.32246E-05
    8455.401    718.397  13.900  8.18878E-01  8.18835E-01  5.27163E-05
    8460.707    723.702  13.950  8.17584E-01  8.17526E-01  7.05495E-05
    8466.031    729.027  14.000  8.16282E-01  8.16217E-01  7.88746E-05
    8471.375    734.370  14.050  8.14918E-01  8.14850E-01  8.27177E-05
    8476.737    739.733  14.100  8.13550E-01  8.13483E-01  8.25979E-05
    8482.119    745.114  14.150  8.12181E-01  8.12116E-01  7.94903E-05
    8487.520    750.515  14.200  8.10809E-01  8.10749E-01  7.36635E-05
    8492.939    755.935  14.250  8.09434E-01  8.09382E-01  6.49692E-05
    8498.378    761.373  14.300  8.08058E-01  8.08014E-01  5.32623E-05
    8503.836    766.831  14.350  8.06679E-01  8.06647E-01  3.87789E-05
    8509.313    772.308  14.400  8.05298E-01  8.05280E-01  2.23333E-05
    8514.809    777.804  14.450  8.03917E-01  8.03913E-01  5.27103E-06
    8520.324    783.319  14.500  8.02537E-01  8.02546E-01 -1.07909E-05
    8525.858    788.853  14.550  8.01159E-01  8.01178E-01 -2.43353E-05
    8531.411    794.406  14.600  7.99784E-01  7.99811E-01 -3.42902E-05
    8536.983    799.978  14.650  7.98412E-01  7.98444E-01 -4.02315E-05
    8542.574    805.569  14.700  7.97043E-01  7.97077E-01 -4.23787E-05
    8548.184    811.179  14.750  7.95677E-01  7.95710E-01 -4.14010E-05
    8553.813    816.809  14.800  7.94312E-01  7.94343E-01 -3.81166E-05
    8559.462    822.457  14.850  7.92949E-01  7.92975E-01 -3.32042E-05
    8565.129    828.124  14.900  7.91587E-01  7.91608E-01 -2.70355E-05
    8570.815    833.811  14.950  7.90225E-01  7.90241E-01 -1.96888E-05
    8576.521    839.516  15.000  7.88865E-01  7.88874E-01 -1.11299E-05
    8582.245    845.241  15.050  7.87499E-01  7.87500E-01 -2.01634E-06
    8587.989    850.984  15.100  7.86133E-01  7.86127E-01  8.22185E-06
    8593.751    856.747  15.150  7.84768E-01  7.84754E-01  1.87313E-05
    8599.533    862.528  15.200  7.83402E-01  7.83380E-01  2.81902E-05
    8605.334    868.329  15.250  7.82034E-01  7.82007E-01  3.50397E-05
    8611.154    874.149  15.300  7.80663E-01  7.80633E-01  3.78556E-05
    8616.992    879.988  15.350  7.79288E-01  7.79260E-01  3.57592E-05
    8622.850    885.845  15.400  7.77909E-01  7.77886E-01  2.87381E-05
    8628.727    891.722  15.450  7.76527E-01  7.76513E-01  1.77704E-05
    8634.623    897.618  15.500  7.75143E-01  7.75139E-01  4.69223E-06
    8640.538    903.533  15.550  7.73760E-01  7.73766E-01 -8.17333E-06
    8646.472    909.467  15.600  7.72378E-01  7.72393E-01 -1.85373E-05
    8652.425    915.420  15.650  7.71000E-01  7.71019E-01 -2.46791E-05
    8658.397    921.393  15.700  7.69626E-01  7.69646E-01 -2.58475E-05
    8664.389    927.384  15.750  7.68255E-01  7.68272E-01 -2.24154E-05
    8670.399    933.394  15.800  7.66887E-01  7.66899E-01 -1.57444E-05
    8676.428    939.423  15.850  7.65519E-01  7.65525E-01 -7.79671E-06
    8682.476    945.472  15.900  7.64151E-01  7.64152E-01 -6.03809E-07
    8688.544    951.539  15.950  7.62782E-01  7.62778E-01  4.25967E-06
    8694.630    957.626  16.000  7.61410E-01  7.61405E-01  6.05020E-06
    8700.736    963.731  16.050  7.59988E-01  7.59984E-01  4.98210E-06
    8706.860    969.856  16.100  7.58565E-01  7.58564E-01  1.67990E-06
    8713.004    975.999  16.150  7.57141E-01  7.57143E-01 -2.46802E-06
    8719.167    982.162  16.200  7.55718E-01  7.55722E-01 -5.86077E-06
    8725.348    988.344  16.250  7.54296E-01  7.54302E-01 -7.14091E-06
    8731.549    994.544  16.300  7.52877E-01  7.52881E-01 -5.57859E-06
    8737.769   1000.764  16.350  7.51459E-01  7.51460E-01 -1.27966E-06
    8744.008   1007.003  16.400  7.50043E-01  7.50040E-01  4.83725E-06
    8750.266   1013.261  16.450  7.48628E-01  7.48619E-01  1.12857E-05
    8756.543   1019.538  16.500  7.47211E-01  7.47198E-01  1.64093E-05
    8762.839   1025.834  16.550  7.45792E-01  7.45778E-01  1.88227E-05
    8769.154   1032.149  16.600  7.44370E-01  7.44357E-01  1.77764E-05
    8775.488   1038.483  16.650  7.42946E-01  7.42936E-01  1.33495E-05
    8781.841   1044.836  16.700  7.41521E-01  7.41516E-01  6.42350E-06
    8788.213   1051.208  16.750  7.40094E-01  7.40095E-01 -1.54918E-06
    8794.604   1057.600  16.800  7.38668E-01  7.38674E-01 -8.91540E-06
    8801.015   1064.010  16.850  7.37243E-01  7.37254E-01 -1.42269E-05
    8807.444   1070.439  16.900  7.35821E-01  7.35833E-01 -1.65749E-05
    8813.892   1076.888  16.950  7.34401E-01  7.34412E-01 -1.57707E-05
    8820.360   1083.355  17.000  7.32983E-01  7.32992E-01 -1.23347E-05
    8826.846   1089.842  17.050  7.31573E-01  7.31579E-01 -7.51743E-06
    8833.352   1096.347  17.100  7.30165E-01  7.30166E-01 -1.97505E-06
    8839.876   1102.872  17.150  7.28755E-01  7.28753E-01  3.10318E-06
    8846.420   1109.415  17.200  7.27345E-01  7.27340E-01  6.73419E-06
    8852.983   1115.978  17.250  7.25934E-01  7.25928E-01  8.35040E-06
    8859.565   1122.560  17.300  7.24520E-01  7.24515E-01  7.89605E-06
    8866.165   1129.161  17.350  7.23106E-01  7.23102E-01  5.79443E-06
    8872.785   1135.780  17.400  7.21691E-01  7.21689E-01  2.80266E-06
    8879.424   1142.419  17.450  7.20276E-01  7.20276E-01 -2.02215E-07
    8886.082   1149.077  17.500  7.18861E-01  7.18863E-01 -2.44829E-06
    8892.759   1155.754  17.550  7.17448E-01  7.17450E-01 -3.44831E-06
    8899.455   1162.450  17.600  7.16035E-01  7.16038E-01 -3.09283E-06
    8906.170   1169.165  17.650  7.14624E-01  7.14625E-01 -1.64071E-06
    8912.904   1175.900  17.700  7.13212E-01  7.13212E-01  3.82287E-07
    8919.658   1182.653  17.750  7.11801E-01  7.11799E-01  2.34361E-06
    8926.430   1189.425  17.800  7.10389E-01  7.10386E-01  3.67731E-06
    8933.221   1196.216  17.850  7.08976E-01  7.08973E-01  4.02564E-06
    8940.031   1203.027  17.900  7.07563E-01  7.07560E-01  3.31522E-06
    8946.861   1209.856  17.950  7.06149E-01  7.06148E-01  1.75379E-06
    8953.709   1216.705  18.000  7.04735E-01  7.04735E-01 -2.45056E-07
    8960.577   1223.572  18.050  7.03306E-01  7.03307E-01 -2.21245E-06
    8967.463   1230.459  18.100  7.01877E-01  7.01880E-01 -3.81171E-06
    8974.369   1237.364  18.150  7.00449E-01  7.00452E-01 -4.68933E-06
    8981.294   1244.289  18.200  6.99021E-01  6.99025E-01 -4.66192E-06
    8988.237   1251.232  18.250  6.97594E-01  6.97597E-01 -3.75128E-06
    8995.200   1258.195  18.300  6.96168E-01  6.96169E-01 -2.16978E-06
    9002.182   1265.177  18.350  6.94742E-01  6.94742E-01 -2.62627E-07
    9009.183   1272.178  18.400  6.93315E-01  6.93314E-01  1.57661E-06
    9016.203   1279.198  18.450  6.91889E-01  6.91887E-01  2.99583E-06
    9023.241   1286.237  18.500  6.90462E-01  6.90459E-01  3.75827E-06
    9030.299   1293.295  18.550  6.89034E-01  6.89032E-01  3.78439E-06
    9037.377   1300.372  18.600  6.87606E-01  6.87604E-01  3.15474E-06
    9044.473   1307.468  18.650  6.86178E-01  6.86177E-01  2.07626E-06
    9051.588   1314.583  18.700  6.84750E-01  6.84749E-01  8.23120E-07
    9058.722   1321.717  18.750  6.83321E-01  6.83322E-01 -3.31728E-07
    9065.875   1328.870  18.800  6.81893E-01  6.81894E-01 -1.17730E-06
    9073.047   1336.043  18.850  6.80465E-01  6.80466E-01 -1.60402E-06
    9080.239   1343.234  18.900  6.79038E-01  6.79039E-01 -1.61457E-06
    9087.449   1350.444  18.950  6.77611E-01  6.77611E-01 -1.30656E-06
    9094.679   1357.674  19.000  6.76183E-01  6.76184E-01 -8.34358E-07
    9101.927   1364.922  19.050  6.74764E-01  6.74764E-01 -3.79773E-07
    9109.195   1372.190  19.100  6.73344E-01  6.73344E-01 -6.17620E-09
    9116.481   1379.477  19.150  6.71925E-01  6.71925E-01  1.94350E-07
    9123.787   1386.782  19.200  6.70505E-01  6.70505E-01  1.87135E-07
    9131.112   1394.107  19.250  6.69085E-01  6.69085E-01 -1.74877E-09
    9138.455   1401.451  19.300  6.67665E-01  6.67665E-01 -2.97111E-07
    9145.818   1408.813  19.350  6.66245E-01  6.66245E-01 -5.97293E-07
    9153.200   1416.195  19.400  6.64825E-01  6.64826E-01 -8.01652E-07
    9160.601   1423.596  19.450  6.63405E-01  6.63406E-01 -8.35990E-07
    9168.021   1431.016  19.500  6.61986E-01  6.61986E-01 -6.70057E-07
    9175.460   1438.455  19.550  6.60566E-01  6.60566E-01 -3.23498E-07
    9182.918   1445.913  19.600  6.59147E-01  6.59147E-01  1.40380E-07
    9190.395   1453.390  19.650  6.57727E-01  6.57727E-01  6.30817E-07
    9197.891   1460.886  19.700  6.56308E-01  6.56307E-01  1.05135E-06
    9205.406   1468.402  19.750  6.54888E-01  6.54887E-01  1.32171E-06
    9212.941   1475.936  19.800  6.53468E-01  6.53468E-01  1.39482E-06
    9220.494   1483.489  19.850  6.52049E-01  6.52048E-01  1.26522E-06
    9228.066   1491.061  19.900  6.50629E-01  6.50628E-01  9.67733E-07
    9235.658   1498.653  19.950  6.49209E-01  6.49208E-01  5.67101E-07
    9243.268   1506.263  20.000  6.47789E-01  6.47789E-01  1.41899E-07
