# # Once                                                         FEFF 9.6.4  
# # POT  SCF 100  5.0000   0, core-hole, AFOLP (folp(0)= 1.150)
# # Abs   Z=24 Rmt= 1.283 Rnm= 1.360 K  shell
# # Pot 1 Z=24 Rmt= 1.286 Rnm= 1.367
# # Pot 2 Z= 8 Rmt= 0.998 Rnm= 1.064
# # Gam_ch=1.087E+00 H-L exch Vi= 0.000E+00 Vr= 0.000E+00
# # Mu=-1.179E+01 kf=2.290E+00 Vint=-2.190E+01 Rs_int= 1.584
# # PATH  Rmax= 6.000,  Keep_limit= 0.00, Heap_limit 0.00  Pwcrit= 2.50%
#  S02=1.000  Temp=   0.00  Debye_temp=   0.00  Global_sig2= 0.00000
#  Energy zero shift, vr, vi    0.00000E+00   0.00000E+00
#  Curved wave amplitude ratio filter   4.000%
#     file         sig2 tot  cw amp ratio   deg  nlegs   reff  inp sig2
#           1       0.00000    100.00      3.00     2   1.9707
#           2       0.00000     97.18      3.00     2   1.9948
#           3       0.00000     17.13      1.00     2   2.5766
#           4       0.00000     41.48      3.00     2   2.8725
#           5       0.00000      9.91      6.00     3   3.2831
#           6       0.00000     13.68      6.00     3   3.3139
#           7       0.00000     12.09      6.00     3   3.3498
#           8       0.00000     26.93      3.00     2   3.3786
#           9       0.00000     10.45      6.00     3   3.4012
#          10       0.00000     12.36      6.00     3   3.4190
#          11       0.00000     12.43      6.00     3   3.4190
#          12       0.00000     27.95      3.00     2   3.4539
#          13       0.00000      8.84      6.00     3   3.4554
#          14       0.00000     49.54      6.00     2   3.6413
#          15       0.00000     22.04      3.00     2   3.6564
#          16       0.00000     22.00      3.00     2   3.6586
#          17       0.00000     19.22      6.00     3   3.6976
#          18       0.00000     21.10      6.00     3   3.8035
#          19       0.00000     21.03      6.00     3   3.8035
#          20       0.00000     18.17      3.00     2   3.9409
#          21       0.00000     11.46      3.00     4   3.9414
#          22       0.00000      5.53      3.00     4   3.9414
#          23       0.00000     34.97      6.00     3   3.9563
#          24       0.00000     40.13      6.00     4   3.9656
#          25       0.00000      6.75      3.00     4   3.9656
#          26       0.00000      8.76      3.00     4   3.9656
#          27       0.00000      6.83      3.00     4   3.9656
#          28       0.00000      8.63      3.00     4   3.9656
#          29       0.00000     10.84      3.00     4   3.9897
#          31       0.00000      9.81      6.00     3   3.9937
#          32       0.00000      8.30      6.00     3   4.1052
#          33       0.00000      8.57      6.00     3   4.1230
#          34       0.00000      7.78      6.00     3   4.1594
#          35       0.00000      5.86      1.00     2   4.2039
#          36       0.00000      8.42      6.00     3   4.2320
#          37       0.00000     16.84     12.00     3   4.2331
#          38       0.00000      6.27      6.00     3   4.2441
#          39       0.00000     12.62      6.00     3   4.2441
#          40       0.00000     10.09      6.00     3   4.2498
#          41       0.00000     14.77     12.00     3   4.3103
#          42       0.00000     10.37      6.00     3   4.3349
#          43       0.00000     14.01      3.00     2   4.3528
#          44       0.00000      9.05      6.00     3   4.3863
#          45       0.00000     21.24      6.00     3   4.4808
#          46       0.00000      4.11      6.00     4   4.5473
#          47       0.00000     12.38      3.00     2   4.5613
#          48       0.00000     24.61      6.00     2   4.5718
#          49       0.00000      4.41      6.00     4   4.5714
#          50       0.00000     12.29      3.00     2   4.5735
#          51       0.00000     10.96      3.00     4   4.6087
#          52       0.00000      6.17      6.00     3   4.6101
#          53       0.00000      9.43      6.00     3   4.6101
#          54       0.00000      9.03      6.00     4   4.6329
#          55       0.00000     24.28      6.00     3   4.6391
#          56       0.00000     13.80      3.00     4   4.7048
#          57       0.00000      9.68      6.00     3   4.7075
#          58       0.00000     11.85      6.00     3   4.7075
#          59       0.00000      4.43      3.00     4   4.7289
#          61       0.00000      8.41      6.00     4   4.7380
#          62       0.00000     14.31      6.00     3   4.7507
#          63       0.00000     27.67     12.00     3   4.7680
#          64       0.00000     10.78      3.00     2   4.8023
#          66       0.00000     26.09      6.00     3   4.8170
#          67       0.00000      4.27      3.00     4   4.8317
#          68       0.00000     16.17      3.00     4   4.8317
#          75       0.00000      6.03      6.00     4   4.9037
#          76       0.00000      8.31      6.00     4   4.9037
#          78       0.00000      8.47      6.00     4   4.9402
#          79       0.00000      6.52      3.00     4   4.9402
#          80       0.00000     23.30      6.00     2   4.9450
#          81       0.00000     12.42      6.00     4   4.9643
#          82       0.00000      5.93     12.00     3   4.9838
#          85       0.00000      4.94      6.00     3   5.0605
#          86       0.00000      5.51      6.00     3   5.0904
#          87       0.00000      7.29      6.00     3   5.1472
#          88       0.00000      9.12      6.00     3   5.1472
#          89       0.00000      7.91      6.00     3   5.1472
#          93       0.00000      5.93      6.00     4   5.2540
#          95       0.00000      5.64      6.00     3   5.2981
#          96       0.00000      6.26      6.00     3   5.2981
#          97       0.00000      4.23      6.00     3   5.3120
#          99       0.00000      8.11      3.00     2   5.3337
#         101       0.00000      9.04     12.00     3   5.3450
#         102       0.00000     18.98      6.00     2   5.3464
#         104       0.00000      4.13      3.00     4   5.3494
#         106       0.00000      5.30      6.00     3   5.3755
#         108       0.00000      4.14      6.00     5   5.3897
#         111       0.00000      8.91      6.00     3   5.3912
#         112       0.00000     13.21      6.00     3   5.3912
#         115       0.00000      6.44      6.00     4   5.4487
#         116       0.00000      5.86      3.00     4   5.4487
#         117       0.00000      6.51      6.00     3   5.4730
#         118       0.00000      7.03      6.00     3   5.4999
#         119       0.00000      9.39      6.00     3   5.4999
#         120       0.00000      7.54      6.00     3   5.4999
#         121       0.00000      7.43      3.00     2   5.5052
#         122       0.00000      7.33      3.00     2   5.5312
#         123       0.00000      8.32      6.00     3   5.5586
#         124       0.00000     12.45      6.00     3   5.5586
#         125       0.00000     16.97      6.00     2   5.5760
#         126       0.00000      8.18      6.00     3   5.5837
#         127       0.00000     12.33      6.00     3   5.5837
#         128       0.00000      6.28      6.00     4   5.6121
#         132       0.00000      5.75      3.00     4   5.6121
#         133       0.00000     15.90      6.00     3   5.6136
#         134       0.00000     13.97      6.00     3   5.6136
#         135       0.00000      8.32      3.00     2   5.6165
#         136       0.00000      6.40      6.00     3   5.6257
#         137       0.00000      4.08      6.00     3   5.6290
#         138       0.00000      5.73      6.00     3   5.6290
#         139       0.00000      5.59      6.00     3   5.6290
#         142       0.00000      5.97      6.00     4   5.6350
#         143       0.00000      8.39      6.00     4   5.6350
#         144       0.00000      6.18      6.00     4   5.6362
#         147       0.00000      5.69      3.00     4   5.6362
#         148       0.00000      8.20      3.00     4   5.6513
#         149       0.00000      6.61      3.00     4   5.6513
#         153       0.00000      4.33      3.00     4   5.6534
#         160       0.00000      5.96      6.00     4   5.6832
#         162       0.00000      4.96      6.00     3   5.6885
#         163       0.00000      4.07      6.00     3   5.6884
#         164       0.00000      4.63      6.00     3   5.6884
#         165       0.00000      5.42      6.00     5   5.6925
#         167       0.00000      9.15      6.00     5   5.6925
#         171       0.00000      6.76      3.00     2   5.6967
#         172       0.00000      6.74      3.00     2   5.6995
#         173       0.00000      7.84      6.00     3   5.7115
#         174       0.00000      7.93      3.00     2   5.7188
#         175       0.00000      6.00      6.00     4   5.7207
#         176       0.00000     10.00      6.00     4   5.7207
#         177       0.00000      7.75      6.00     3   5.7365
#         179       0.00000      5.91      6.00     4   5.7458
#         180       0.00000      9.88      6.00     4   5.7458
#         181       0.00000      4.46     12.00     3   5.7558
#         182       0.00000      4.20      6.00     4   5.7649
#         183       0.00000      7.29      6.00     4   5.7649
#         184       0.00000      4.26      6.00     3   5.7746
#         185       0.00000      5.51      6.00     5   5.7742
#         187       0.00000     10.84      6.00     5   5.7742
#         194       0.00000      8.07      6.00     3   5.7761
#         195       0.00000      6.38      6.00     3   5.7761
#         196       0.00000      4.14      6.00     4   5.7890
#         197       0.00000      7.23      6.00     4   5.7890
#         199       0.00000      5.44      6.00     5   5.7983
#         201       0.00000     10.66      6.00     5   5.7983
#         207       0.00000      4.95      6.00     3   5.8603
#         209       0.00000      7.18      6.00     3   5.8991
#         218       0.00000      4.51      6.00     3   5.9172
#         224       0.00000      4.45      6.00     5   5.9270
#         225       0.00000      7.98      6.00     5   5.9270
#         226       0.00000      8.86      6.00     5   5.9270
#         227       0.00000      6.51      6.00     5   5.9270
#         229       0.00000      4.42      6.00     4   5.9358
#         232       0.00000      4.94      6.00     6   5.9363
#         233       0.00000      6.26      6.00     6   5.9363
#         234       0.00000      5.03      3.00     6   5.9363
#         238       0.00000      4.21      6.00     6   5.9363
#         240       0.00000      6.31      3.00     6   5.9363
#         241       0.00000      4.73      3.00     6   5.9363
#         245       0.00000      4.02      6.00     3   5.9491
#         247       0.00000      4.33      6.00     5   5.9511
#         248       0.00000      7.74      6.00     5   5.9511
#         249       0.00000      8.69      6.00     5   5.9511
#         250       0.00000      4.90      6.00     6   5.9604
#         251       0.00000      6.07      6.00     6   5.9604
#         252       0.00000      4.89      3.00     6   5.9604
#         255       0.00000      6.12      3.00     6   5.9604
#         259       0.00000      5.87      3.00     2   5.9890
#         260       0.00000     11.70      6.00     2   5.9970
#   169/ 220 paths used
#  xsedge+50, used to normalize mu           3.9012E-04
#  -----------------------------------------------------------------------
#  omega    e    k    mu    mu0     chi     @#
    5995.232    -11.783   0.050  3.52994E-01  3.28209E-01  4.16938E-02
    5995.261    -11.754   0.100  3.73818E-01  3.35195E-01  6.48757E-02
    5995.309    -11.706   0.150  4.32861E-01  3.55548E-01  1.29302E-01
    5995.375    -11.640   0.200  4.88929E-01  3.75900E-01  1.88214E-01
    5995.461    -11.554   0.250  5.70446E-01  4.05502E-01  2.72721E-01
    5995.566    -11.449   0.300  6.44373E-01  4.35103E-01  3.43576E-01
    5995.690    -11.325   0.350  7.24459E-01  4.65291E-01  4.21428E-01
    5995.833    -11.183   0.400  7.91831E-01  4.95479E-01  4.77326E-01
    5995.994    -11.021   0.450  8.50936E-01  5.20708E-01  5.25640E-01
    5996.175    -10.840   0.500  8.93410E-01  5.45937E-01  5.46666E-01
    5996.375    -10.640   0.550  9.22259E-01  5.66293E-01  5.52431E-01
    5996.595    -10.421   0.600  9.32547E-01  5.86648E-01  5.29622E-01
    5996.833    -10.182   0.650  9.27628E-01  6.03943E-01  4.88176E-01
    5997.090     -9.925   0.700  9.04249E-01  6.21237E-01  4.20525E-01
    5997.366     -9.649   0.750  8.64779E-01  6.36879E-01  3.33203E-01
    5997.661     -9.354   0.800  8.08597E-01  6.52521E-01  2.24591E-01
    5997.976     -9.039   0.850  7.35520E-01  6.67313E-01  9.65147E-02
    5998.309     -8.706   0.900  6.49359E-01  6.82105E-01 -4.55781E-02
    5998.661     -8.354   0.950  5.47311E-01  6.96430E-01 -2.04040E-01
    5999.033     -7.982   1.000  4.38462E-01  7.10755E-01 -3.66377E-01
    5999.423     -7.592   1.050  3.18690E-01  7.24745E-01 -5.37150E-01
    5999.833     -7.182   1.100  2.01918E-01  7.38735E-01 -6.98360E-01
    6000.262     -6.753   1.150  8.46531E-02  7.52381E-01 -8.54377E-01
    6000.709     -6.306   1.200 -1.63764E-02  7.66028E-01 -9.84908E-01
    6001.176     -5.839   1.250 -1.02611E-01  7.79250E-01 -1.09257E+00
    6001.662     -5.353   1.300 -1.57974E-01  7.92472E-01 -1.15922E+00
    6002.167     -4.848   1.350 -1.81739E-01  8.05143E-01 -1.18572E+00
    6002.690     -4.325   1.400 -1.62906E-01  8.17814E-01 -1.16101E+00
    6003.233     -3.782   1.450 -1.00243E-01  8.29783E-01 -1.08576E+00
    6003.795     -3.220   1.500  8.05587E-03  8.41752E-01 -9.60014E-01
    6004.376     -2.639   1.550  1.61271E-01  8.52887E-01 -7.86356E-01
    6004.976     -2.039   1.600  3.49852E-01  8.64022E-01 -5.77318E-01
    6005.596     -1.420   1.650  5.69304E-01  8.74188E-01 -3.38469E-01
    6006.234     -0.781   1.700  8.00374E-01  8.84353E-01 -9.21910E-02
    6006.891     -0.124   1.750  1.03503E+00  8.93431E-01  1.53914E-01
    6007.567      0.552   1.800  1.25042E+00  9.02509E-01  3.74493E-01
    6008.263      1.247   1.850  1.43846E+00  9.10419E-01  5.63631E-01
    6008.977      1.962   1.900  1.58101E+00  9.18329E-01  7.01490E-01
    6009.710      2.695   1.950  1.67438E+00  9.24947E-01  7.87908E-01
    6010.463      3.448   2.000  1.71242E+00  9.31565E-01  8.15383E-01
    6011.234      4.219   2.050  1.69932E+00  9.36316E-01  7.93136E-01
    6012.025      5.010   2.100  1.64163E+00  9.41068E-01  7.24936E-01
    6012.835      5.819   2.150  1.55105E+00  9.45819E-01  6.23471E-01
    6013.663      6.648   2.200  1.44192E+00  9.50571E-01  5.03892E-01
    6014.511      7.496   2.250  1.32449E+00  9.52338E-01  3.81184E-01
    6015.378      8.363   2.300  1.21672E+00  9.54105E-01  2.68647E-01
    6016.264      9.248   2.350  1.12913E+00  9.55872E-01  1.77022E-01
    6017.168     10.153   2.400  1.06774E+00  9.57639E-01  1.12350E-01
    6018.092     11.077   2.450  1.02646E+00  9.55647E-01  7.23988E-02
    6019.035     12.020   2.500  1.01259E+00  9.53655E-01  6.03721E-02
    6019.997     12.982   2.550  1.01971E+00  9.51663E-01  6.98300E-02
    6020.978     13.963   2.600  1.03968E+00  9.49671E-01  9.25465E-02
    6021.979     14.963   2.650  1.06530E+00  9.52436E-01  1.15786E-01
    6022.998     15.983   2.700  1.08667E+00  9.55200E-01  1.34574E-01
    6024.036     17.021   2.750  1.10133E+00  9.57965E-01  1.46415E-01
    6025.093     18.078   2.800  1.10755E+00  9.60729E-01  1.49613E-01
    6026.170     19.154   2.850  1.10296E+00  9.64347E-01  1.40797E-01
    6027.265     20.250   2.900  1.08978E+00  9.67965E-01  1.23342E-01
    6028.379     21.364   2.950  1.06792E+00  9.71583E-01  9.72338E-02
    6029.513     22.498   3.000  1.03808E+00  9.75201E-01  6.32647E-02
    6030.665     23.650   3.050  9.99915E-01  9.76776E-01  2.32524E-02
    6031.837     24.822   3.100  9.57635E-01  9.78351E-01 -2.07918E-02
    6033.027     26.012   3.150  9.13664E-01  9.79925E-01 -6.64245E-02
    6034.237     27.222   3.200  8.70629E-01  9.81500E-01 -1.11011E-01
    6035.466     28.451   3.250  8.30303E-01  9.82053E-01 -1.51884E-01
    6036.714     29.699   3.300  7.95218E-01  9.82606E-01 -1.87483E-01
    6037.980     30.965   3.350  7.66987E-01  9.83159E-01 -2.16199E-01
    6039.266     32.251   3.400  7.46676E-01  9.83712E-01 -2.36976E-01
    6040.571     33.556   3.450  7.33259E-01  9.83503E-01 -2.50184E-01
    6041.895     34.880   3.500  7.28052E-01  9.83294E-01 -2.55184E-01
    6043.238     36.223   3.550  7.30690E-01  9.83085E-01 -2.52342E-01
    6044.600     37.585   3.600  7.40486E-01  9.82877E-01 -2.42342E-01
    6045.981     38.966   3.650  7.55415E-01  9.82321E-01 -2.26964E-01
    6047.382     40.366   3.700  7.75929E-01  9.81766E-01 -2.05983E-01
    6048.801     41.786   3.750  8.01531E-01  9.81211E-01 -1.79889E-01
    6050.239     43.224   3.800  8.31472E-01  9.80656E-01 -1.49426E-01
    6051.696     44.681   3.850  8.64183E-01  9.80000E-01 -1.16056E-01
    6053.173     46.158   3.900  8.99582E-01  9.79344E-01 -7.99621E-02
    6054.668     47.653   3.950  9.36510E-01  9.78688E-01 -4.23023E-02
    6056.183     49.168   4.000  9.73291E-01  9.78032E-01 -4.75748E-03
    6057.716     50.701   4.050  1.00899E+00  9.77455E-01  3.16473E-02
    6059.269     52.254   4.100  1.04177E+00  9.76879E-01  6.51445E-02
    6060.840     53.825   4.150  1.07024E+00  9.76302E-01  9.43330E-02
    6062.431     55.416   4.200  1.09326E+00  9.75725E-01  1.18063E-01
    6064.041     57.026   4.250  1.11064E+00  9.75374E-01  1.35896E-01
    6065.670     58.654   4.300  1.12152E+00  9.75024E-01  1.47196E-01
    6067.317     60.302   4.350  1.12606E+00  9.74673E-01  1.52131E-01
    6068.984     61.969   4.400  1.12486E+00  9.74322E-01  1.51300E-01
    6070.670     63.655   4.450  1.11919E+00  9.74146E-01  1.45772E-01
    6072.375     65.360   4.500  1.10984E+00  9.73971E-01  1.36541E-01
    6074.099     67.084   4.550  1.09792E+00  9.73795E-01  1.24736E-01
    6075.842     68.827   4.600  1.08442E+00  9.73619E-01  1.11338E-01
    6077.604     70.589   4.650  1.07054E+00  9.73597E-01  9.74114E-02
    6079.385     72.370   4.700  1.05619E+00  9.73574E-01  8.30143E-02
    6081.186     74.171   4.750  1.04154E+00  9.73552E-01  6.83077E-02
    6083.005     75.990   4.800  1.02657E+00  9.73530E-01  5.32910E-02
    6084.843     77.828   4.850  1.01162E+00  9.73596E-01  3.82054E-02
    6086.701     79.686   4.900  9.96403E-01  9.73663E-01  2.28477E-02
    6088.577     81.562   4.950  9.81218E-01  9.73729E-01  7.52391E-03
    6090.473     83.457   5.000  9.66634E-01  9.73796E-01 -7.19597E-03
    6092.387     85.372   5.050  9.53403E-01  9.73848E-01 -2.05457E-02
    6094.321     87.305   5.100  9.42277E-01  9.73900E-01 -3.17863E-02
    6096.273     89.258   5.150  9.33999E-01  9.73952E-01 -4.01678E-02
    6098.245     91.230   5.200  9.29028E-01  9.74005E-01 -4.52272E-02
    6100.236     93.220   5.250  9.26885E-01  9.73859E-01 -4.72588E-02
    6102.245     95.230   5.300  9.27554E-01  9.73713E-01 -4.64617E-02
    6104.274     97.259   5.350  9.30155E-01  9.73568E-01 -4.37185E-02
    6106.322     99.307   5.400  9.33526E-01  9.73422E-01 -4.01970E-02
    6108.389    101.374   5.450  9.36052E-01  9.73138E-01 -3.73957E-02
    6110.475    103.460   5.500  9.37186E-01  9.72854E-01 -3.59952E-02
    6112.580    105.565   5.550  9.36406E-01  9.72569E-01 -3.65257E-02
    6114.704    107.689   5.600  9.33756E-01  9.72285E-01 -3.89464E-02
    6116.847    109.832   5.650  9.29355E-01  9.71653E-01 -4.28096E-02
    6119.009    111.994   5.700  9.24778E-01  9.71022E-01 -4.68594E-02
    6121.191    114.175   5.750  9.21231E-01  9.70390E-01 -4.98748E-02
    6123.391    116.376   5.800  9.19797E-01  9.69758E-01 -5.07514E-02
    6125.610    118.595   5.850  9.20843E-01  9.68777E-01 -4.87705E-02
    6127.848    120.833   5.900  9.24905E-01  9.67796E-01 -4.37086E-02
    6130.106    123.091   5.950  9.31535E-01  9.66816E-01 -3.60112E-02
    6132.382    125.367   6.000  9.39815E-01  9.65835E-01 -2.66008E-02
    6134.678    127.663   6.050  9.48307E-01  9.64464E-01 -1.65511E-02
    6136.992    129.977   6.100  9.56181E-01  9.63093E-01 -7.09525E-03
    6139.326    132.311   6.150  9.62654E-01  9.61722E-01  9.59294E-04
    6141.679    134.664   6.200  9.67464E-01  9.60351E-01  7.33168E-03
    6144.050    137.035   6.250  9.70872E-01  9.58980E-01  1.22832E-02
    6146.441    139.426   6.300  9.73524E-01  9.57609E-01  1.64719E-02
    6148.851    141.836   6.350  9.76191E-01  9.56238E-01  2.06936E-02
    6151.280    144.265   6.400  9.79486E-01  9.54867E-01  2.55861E-02
    6153.728    146.713   6.450  9.83633E-01  9.53496E-01  3.13851E-02
    6156.195    149.180   6.500  9.88350E-01  9.52125E-01  3.78035E-02
    6158.681    151.666   6.550  9.93093E-01  9.50541E-01  4.45021E-02
    6161.186    154.171   6.600  9.96671E-01  9.48956E-01  5.00087E-02
    6163.710    156.695   6.650  9.97945E-01  9.47372E-01  5.31200E-02
    6166.253    159.238   6.700  9.96089E-01  9.45788E-01  5.29493E-02
    6168.815    161.800   6.750  9.90848E-01  9.44203E-01  4.92069E-02
    6171.397    164.381   6.800  9.82652E-01  9.42619E-01  4.23240E-02
    6173.997    166.982   6.850  9.72538E-01  9.41035E-01  3.33785E-02
    6176.616    169.601   6.900  9.61897E-01  9.39450E-01  2.38344E-02
    6179.255    172.240   6.950  9.52114E-01  9.37866E-01  1.51625E-02
    6181.912    174.897   7.000  9.44201E-01  9.36282E-01  8.44640E-03
    6184.589    177.574   7.050  9.38808E-01  9.35024E-01  4.04255E-03
    6187.284    180.269   7.100  9.35188E-01  9.33765E-01  1.52165E-03
    6189.999    182.984   7.150  9.32341E-01  9.32507E-01 -1.77763E-04
    6192.733    185.717   7.200  9.28925E-01  9.31249E-01 -2.49442E-03
    6195.485    188.470   7.250  9.23664E-01  9.29991E-01 -6.80052E-03
    6198.257    191.242   7.300  9.15778E-01  9.28733E-01 -1.39458E-02
    6201.048    194.033   7.350  9.05291E-01  9.27475E-01 -2.39177E-02
    6203.858    196.843   7.400  8.93138E-01  9.26217E-01 -3.57198E-02
    6206.687    199.671   7.450  8.81024E-01  9.24958E-01 -4.75161E-02
    6209.535    202.519   7.500  8.71064E-01  9.23700E-01 -5.70170E-02
    6212.402    205.386   7.550  8.65395E-01  9.22828E-01 -6.22621E-02
    6215.288    208.272   7.600  8.65370E-01  9.21955E-01 -6.13922E-02
    6218.193    211.178   7.650  8.71461E-01  9.21082E-01 -5.38807E-02
    6221.117    214.102   7.700  8.82950E-01  9.20210E-01 -4.04907E-02
    6224.060    217.045   7.750  8.98027E-01  9.19337E-01 -2.31766E-02
    6227.022    220.007   7.800  9.14151E-01  9.18465E-01 -4.69537E-03
    6230.004    222.989   7.850  9.28595E-01  9.17592E-01  1.19856E-02
    6233.004    225.989   7.900  9.39046E-01  9.16720E-01  2.43403E-02
    6236.023    229.008   7.950  9.44108E-01  9.15847E-01  3.08360E-02
    6239.062    232.047   8.000  9.43591E-01  9.14974E-01  3.12494E-02
    6242.119    235.104   8.050  9.38670E-01  9.14198E-01  2.67400E-02
    6245.196    238.181   8.100  9.31010E-01  9.13423E-01  1.92310E-02
    6248.292    241.276   8.150  9.22966E-01  9.12647E-01  1.12908E-02
    6251.406    244.391   8.200  9.16732E-01  9.11871E-01  5.32190E-03
    6254.540    247.525   8.250  9.13793E-01  9.11095E-01  2.95614E-03
    6257.693    250.678   8.300  9.14570E-01  9.10319E-01  4.66050E-03
    6260.865    253.849   8.350  9.18340E-01  9.09543E-01  9.65100E-03
    6264.055    257.040   8.400  9.23465E-01  9.08767E-01  1.61350E-02
    6267.265    260.250   8.450  9.27851E-01  9.07992E-01  2.18161E-02
    6270.494    263.479   8.500  9.29530E-01  9.07216E-01  2.45299E-02
    6273.742    266.727   8.550  9.26989E-01  9.06157E-01  2.29266E-02
    6277.009    269.994   8.600  9.20159E-01  9.05099E-01  1.65942E-02
    6280.295    273.280   8.650  9.09901E-01  9.04040E-01  6.46524E-03
    6283.601    276.586   8.700  8.98036E-01  9.02982E-01 -5.46292E-03
    6286.925    279.910   8.750  8.86908E-01  9.01923E-01 -1.66036E-02
    6290.268    283.253   8.800  8.78813E-01  9.00865E-01 -2.44133E-02
    6293.630    286.615   8.850  8.75428E-01  8.99806E-01 -2.70215E-02
    6297.012    289.997   8.900  8.77391E-01  8.98748E-01 -2.37007E-02
    6300.412    293.397   8.950  8.84136E-01  8.97689E-01 -1.50591E-02
    6303.832    296.817   9.000  8.94013E-01  8.96631E-01 -2.91192E-03
    6307.270    300.255   9.050  9.04367E-01  8.95278E-01  1.01249E-02
    6310.728    303.713   9.100  9.13024E-01  8.93926E-01  2.13075E-02
    6314.204    307.189   9.150  9.17873E-01  8.92573E-01  2.82691E-02
    6317.700    310.685   9.200  9.17667E-01  8.91221E-01  2.95936E-02
    6321.215    314.200   9.250  9.12269E-01  8.89868E-01  2.51035E-02
    6324.748    317.733   9.300  9.02641E-01  8.88516E-01  1.58530E-02
    6328.301    321.286   9.350  8.90581E-01  8.87163E-01  3.84088E-03
    6331.873    324.858   9.400  8.78280E-01  8.85811E-01 -8.47800E-03
    6335.464    328.449   9.450  8.67821E-01  8.84459E-01 -1.87570E-02
    6339.074    332.059   9.500  8.60732E-01  8.83106E-01 -2.52619E-02
    6342.703    335.688   9.550  8.57561E-01  8.81677E-01 -2.72714E-02
    6346.351    339.336   9.600  8.58188E-01  8.80249E-01 -2.49863E-02
    6350.018    343.003   9.650  8.61641E-01  8.78820E-01 -1.94875E-02
    6353.704    346.689   9.700  8.66479E-01  8.77392E-01 -1.23987E-02
    6357.410    350.394   9.750  8.71161E-01  8.75963E-01 -5.46440E-03
    6361.134    354.119   9.800  8.74410E-01  8.74534E-01 -1.41631E-04
    6364.877    357.862   9.850  8.75470E-01  8.73106E-01  2.69847E-03
    6368.639    361.624   9.900  8.74213E-01  8.71677E-01  2.90003E-03
    6372.421    365.406   9.950  8.71094E-01  8.70248E-01  9.68616E-04
    6376.221    369.206  10.000  8.66960E-01  8.68820E-01 -2.13315E-03
    6380.041    373.026  10.050  8.62921E-01  8.67513E-01 -5.27458E-03
    6383.879    376.864  10.100  8.59776E-01  8.66207E-01 -7.39782E-03
    6387.737    380.722  10.150  8.58090E-01  8.64900E-01 -7.84555E-03
    6391.614    384.599  10.200  8.58020E-01  8.63593E-01 -6.42975E-03
    6395.509    388.494  10.250  8.59333E-01  8.62287E-01 -3.41255E-03
    6399.424    392.409  10.300  8.61518E-01  8.60980E-01  6.22402E-04
    6403.358    396.343  10.350  8.63955E-01  8.59673E-01  4.96051E-03
    6407.311    400.296  10.400  8.66080E-01  8.58367E-01  8.95041E-03
    6411.283    404.268  10.450  8.67515E-01  8.57060E-01  1.21492E-02
    6415.274    408.259  10.500  8.68114E-01  8.55754E-01  1.43853E-02
    6419.284    412.269  10.550  8.67945E-01  8.54447E-01  1.57321E-02
    6423.313    416.298  10.600  8.67201E-01  8.53140E-01  1.64119E-02
    6427.361    420.346  10.650  8.66092E-01  8.51834E-01  1.66673E-02
    6431.428    424.413  10.700  8.64744E-01  8.50527E-01  1.66430E-02
    6435.514    428.499  10.750  8.63138E-01  8.49220E-01  1.63159E-02
    6439.619    432.604  10.800  8.61110E-01  8.47914E-01  1.54930E-02
    6443.744    436.729  10.850  8.58408E-01  8.46607E-01  1.38756E-02
    6447.887    440.872  10.900  8.54786E-01  8.45301E-01  1.11696E-02
    6452.050    445.034  10.950  8.50104E-01  8.43994E-01  7.20606E-03
    6456.231    449.216  11.000  8.44413E-01  8.42687E-01  2.03807E-03
    6460.432    453.416  11.050  8.37858E-01  8.41308E-01 -4.08221E-03
    6464.651    457.636  11.100  8.31017E-01  8.39930E-01 -1.05611E-02
    6468.890    461.875  11.150  8.24487E-01  8.38551E-01 -1.66939E-02
    6473.147    466.132  11.200  8.18876E-01  8.37172E-01 -2.17542E-02
    6477.424    470.409  11.250  8.14693E-01  8.35793E-01 -2.51295E-02
    6481.720    474.705  11.300  8.12258E-01  8.34414E-01 -2.64324E-02
    6486.035    479.019  11.350  8.11644E-01  8.33035E-01 -2.55631E-02
    6490.368    483.353  11.400  8.12684E-01  8.31657E-01 -2.27111E-02
    6494.721    487.706  11.450  8.15016E-01  8.30278E-01 -1.82993E-02
    6499.093    492.078  11.500  8.18168E-01  8.28899E-01 -1.28887E-02
    6503.484    496.469  11.550  8.21645E-01  8.27520E-01 -7.06822E-03
    6507.894    500.879  11.600  8.25014E-01  8.26141E-01 -1.35849E-03
    6512.324    505.308  11.650  8.27952E-01  8.24762E-01  3.85119E-03
    6516.772    509.757  11.700  8.30264E-01  8.23383E-01  8.32104E-03
    6521.239    514.224  11.750  8.31859E-01  8.22005E-01  1.19376E-02
    6525.725    518.710  11.800  8.32710E-01  8.20626E-01  1.46635E-02
    6530.230    523.215  11.850  8.32805E-01  8.19247E-01  1.64805E-02
    6534.755    527.740  11.900  8.32114E-01  8.17868E-01  1.73474E-02
    6539.298    532.283  11.950  8.30581E-01  8.16489E-01  1.71887E-02
    6543.861    536.846  12.000  8.28137E-01  8.15110E-01  1.59173E-02
    6548.442    541.427  12.050  8.24581E-01  8.13545E-01  1.35104E-02
    6553.043    546.028  12.100  8.20108E-01  8.11980E-01  9.96960E-03
    6557.662    550.647  12.150  8.14896E-01  8.10415E-01  5.50732E-03
    6562.301    555.286  12.200  8.09270E-01  8.08850E-01  5.16990E-04
    6566.959    559.944  12.250  8.03680E-01  8.07285E-01 -4.44873E-03
    6571.635    564.620  12.300  7.98645E-01  8.05720E-01 -8.74677E-03
    6576.331    569.316  12.350  7.94670E-01  8.04155E-01 -1.17497E-02
    6581.046    574.031  12.400  7.92142E-01  8.02590E-01 -1.29687E-02
    6585.780    578.765  12.450  7.91243E-01  8.01025E-01 -1.21656E-02
    6590.533    583.518  12.500  7.91895E-01  7.99460E-01 -9.42686E-03
    6595.305    588.290  12.550  7.93749E-01  7.97895E-01 -5.17703E-03
    6600.096    593.081  12.600  7.96231E-01  7.96330E-01 -1.23472E-04
    6604.906    597.891  12.650  7.98644E-01  7.94765E-01  4.86236E-03
    6609.735    602.720  12.700  8.00289E-01  7.93200E-01  8.90473E-03
    6614.583    607.568  12.750  8.00607E-01  7.91635E-01  1.12922E-02
    6619.451    612.436  12.800  7.99282E-01  7.90070E-01  1.16182E-02
    6624.337    617.322  12.850  7.96309E-01  7.88505E-01  9.86219E-03
    6629.242    622.227  12.900  7.91987E-01  7.86940E-01  6.39158E-03
    6634.167    627.152  12.950  7.86859E-01  7.85375E-01  1.88275E-03
    6639.110    632.095  13.000  7.81591E-01  7.83810E-01 -2.82145E-03
    6644.073    637.058  13.050  7.76879E-01  7.82324E-01 -6.93554E-03
    6649.054    642.039  13.100  7.73192E-01  7.80838E-01 -9.75864E-03
    6654.055    647.040  13.150  7.70817E-01  7.79352E-01 -1.09147E-02
    6659.075    652.059  13.200  7.69760E-01  7.77866E-01 -1.03854E-02
    6664.113    657.098  13.250  7.69769E-01  7.76380E-01 -8.48672E-03
    6669.171    662.156  13.300  7.70406E-01  7.74894E-01 -5.77201E-03
    6674.248    667.233  13.350  7.71167E-01  7.73408E-01 -2.88788E-03
    6679.344    672.329  13.400  7.71598E-01  7.71922E-01 -4.18267E-04
    6684.459    677.443  13.450  7.71398E-01  7.70436E-01  1.24437E-03
    6689.593    682.577  13.500  7.70471E-01  7.68950E-01  1.97089E-03
    6694.746    687.730  13.550  7.68924E-01  7.67464E-01  1.89541E-03
    6699.918    692.902  13.600  7.67014E-01  7.65979E-01  1.34735E-03
    6705.109    698.094  13.650  7.65058E-01  7.64493E-01  7.37139E-04
    6710.319    703.304  13.700  7.63334E-01  7.63007E-01  4.28291E-04
    6715.548    708.533  13.750  7.62003E-01  7.61521E-01  6.31353E-04
    6720.796    713.781  13.800  7.61063E-01  7.60035E-01  1.34798E-03
    6726.064    719.048  13.850  7.60359E-01  7.58549E-01  2.37905E-03
    6731.350    724.335  13.900  7.59639E-01  7.57063E-01  3.39270E-03
    6736.655    729.640  13.950  7.58633E-01  7.55577E-01  4.03154E-03
    6741.980    734.965  14.000  7.57138E-01  7.54091E-01  4.02774E-03
    6747.323    740.308  14.050  7.55008E-01  7.52517E-01  3.30046E-03
    6752.686    745.671  14.100  7.52428E-01  7.50943E-01  1.97260E-03
    6758.067    751.052  14.150  7.49646E-01  7.49368E-01  3.69042E-04
    6763.468    756.453  14.200  7.46986E-01  7.47794E-01 -1.07721E-03
    6768.888    761.873  14.250  7.44767E-01  7.46220E-01 -1.94120E-03
    6774.327    767.311  14.300  7.43209E-01  7.44646E-01 -1.92465E-03
    6779.784    772.769  14.350  7.42367E-01  7.43072E-01 -9.44979E-04
    6785.261    778.246  14.400  7.42114E-01  7.41497E-01  8.29783E-04
    6790.757    783.742  14.450  7.42156E-01  7.39923E-01  3.01042E-03
    6796.272    789.257  14.500  7.42104E-01  7.38349E-01  5.07346E-03
    6801.806    794.791  14.550  7.41564E-01  7.36775E-01  6.48398E-03
    6807.359    800.344  14.600  7.40229E-01  7.35200E-01  6.82318E-03
    6812.931    805.916  14.650  7.37957E-01  7.33626E-01  5.88890E-03
    6818.522    811.507  14.700  7.34799E-01  7.32052E-01  3.74435E-03
    6824.133    817.117  14.750  7.30993E-01  7.30478E-01  7.04140E-04
    6829.762    822.747  14.800  7.26904E-01  7.28904E-01 -2.73757E-03
    6835.410    828.395  14.850  7.22944E-01  7.27329E-01 -6.01726E-03
    6841.078    834.062  14.900  7.19485E-01  7.25755E-01 -8.62253E-03
    6846.764    839.749  14.950  7.16785E-01  7.24181E-01 -1.01936E-02
    6852.469    845.454  15.000  7.14945E-01  7.22607E-01 -1.05825E-02
    6858.194    851.179  15.050  7.13857E-01  7.20990E-01 -9.87525E-03
    6863.937    856.922  15.100  7.13378E-01  7.19374E-01 -8.31976E-03
    6869.700    862.685  15.150  7.13265E-01  7.17757E-01 -6.24725E-03
    6875.482    868.467  15.200  7.13280E-01  7.16140E-01 -3.98733E-03
    6881.282    874.267  15.250  7.13237E-01  7.14524E-01 -1.79729E-03
    6887.102    880.087  15.300  7.13032E-01  7.12907E-01  1.75113E-04
    6892.941    885.926  15.350  7.12637E-01  7.11291E-01  1.89000E-03
    6898.799    891.784  15.400  7.12077E-01  7.09674E-01  3.38082E-03
    6904.676    897.661  15.450  7.11392E-01  7.08057E-01  4.70198E-03
    6910.572    903.556  15.500  7.10599E-01  7.06441E-01  5.87748E-03
    6916.487    909.471  15.550  7.09671E-01  7.04824E-01  6.86758E-03
    6922.421    915.406  15.600  7.08534E-01  7.03208E-01  7.56376E-03
    6928.374    921.359  15.650  7.07080E-01  7.01591E-01  7.81337E-03
    6934.346    927.331  15.700  7.05207E-01  6.99974E-01  7.46593E-03
    6940.337    933.322  15.750  7.02852E-01  6.98358E-01  6.42727E-03
    6946.347    939.332  15.800  7.00023E-01  6.96741E-01  4.70508E-03
    6952.377    945.362  15.850  6.96817E-01  6.95125E-01  2.43261E-03
    6958.425    951.410  15.900  6.93413E-01  6.93508E-01 -1.37509E-04
    6964.492    957.477  15.950  6.90043E-01  6.91891E-01 -2.66873E-03
    6970.579    963.564  16.000  6.86960E-01  6.90275E-01 -4.79815E-03
    6976.684    969.669  16.050  6.84443E-01  6.88706E-01 -6.18380E-03
    6982.809    975.794  16.100  6.82579E-01  6.87137E-01 -6.62723E-03
    6988.953    981.937  16.150  6.81407E-01  6.85568E-01 -6.06357E-03
    6995.115    988.100  16.200  6.80859E-01  6.83998E-01 -4.58670E-03
    7001.297    994.282  16.250  6.80767E-01  6.82429E-01 -2.43408E-03
    7007.498   1000.482  16.300  6.80897E-01  6.80860E-01  5.33365E-05
    7013.717   1006.702  16.350  6.80982E-01  6.79291E-01  2.48828E-03
    7019.956   1012.941  16.400  6.80774E-01  6.77722E-01  4.50042E-03
    7026.214   1019.199  16.450  6.80073E-01  6.76153E-01  5.79420E-03
    7032.491   1025.476  16.500  6.78763E-01  6.74584E-01  6.19154E-03
    7038.787   1031.772  16.550  6.76821E-01  6.73015E-01  5.65277E-03
    7045.102   1038.087  16.600  6.74316E-01  6.71446E-01  4.27395E-03
    7051.436   1044.421  16.650  6.71393E-01  6.69876E-01  2.26292E-03
    7057.789   1050.774  16.700  6.68241E-01  6.68307E-01 -9.98362E-05
    7064.162   1057.146  16.750  6.65066E-01  6.66738E-01 -2.50749E-03
    7070.553   1063.538  16.800  6.62061E-01  6.65169E-01 -4.67196E-03
    7076.963   1069.948  16.850  6.59378E-01  6.63600E-01 -6.36069E-03
    7083.393   1076.377  16.900  6.57117E-01  6.62031E-01 -7.42037E-03
    7089.841   1082.826  16.950  6.55319E-01  6.60462E-01 -7.78569E-03
    7096.308   1089.293  17.000  6.53968E-01  6.58893E-01 -7.47372E-03
    7102.795   1095.780  17.050  6.52983E-01  6.57301E-01 -6.56998E-03
    7109.300   1102.285  17.100  6.52314E-01  6.55710E-01 -5.17936E-03
    7115.825   1108.810  17.150  6.51866E-01  6.54118E-01 -3.44420E-03
    7122.369   1115.354  17.200  6.51541E-01  6.52527E-01 -1.51161E-03
    7128.931   1121.916  17.250  6.51247E-01  6.50935E-01  4.79130E-04
    7135.513   1128.498  17.300  6.50903E-01  6.49344E-01  2.40202E-03
    7142.114   1135.099  17.350  6.50436E-01  6.47753E-01  4.14372E-03
    7148.734   1141.719  17.400  6.49778E-01  6.46161E-01  5.59997E-03
    7155.373   1148.358  17.450  6.48870E-01  6.44570E-01  6.67347E-03
    7162.031   1155.015  17.500  6.47655E-01  6.42978E-01  7.27672E-03
    7168.708   1161.692  17.550  6.46094E-01  6.41387E-01  7.34194E-03
    7175.404   1168.388  17.600  6.44167E-01  6.39795E-01  6.83679E-03
    7182.119   1175.104  17.650  6.41892E-01  6.38204E-01  5.78194E-03
    7188.853   1181.838  17.700  6.39325E-01  6.36612E-01  4.26417E-03
    7195.606   1188.591  17.750  6.36569E-01  6.35021E-01  2.43863E-03
    7202.378   1195.363  17.800  6.33756E-01  6.33430E-01  5.15839E-04
    7209.170   1202.154  17.850  6.31038E-01  6.31838E-01 -1.26712E-03
    7215.980   1208.965  17.900  6.28555E-01  6.30247E-01 -2.68691E-03
    7222.809   1215.794  17.950  6.26409E-01  6.28655E-01 -3.57720E-03
    7229.658   1222.643  18.000  6.24643E-01  6.27064E-01 -3.86413E-03
    7236.525   1229.510  18.050  6.23267E-01  6.25499E-01 -3.57228E-03
    7243.412   1236.397  18.100  6.22153E-01  6.23935E-01 -2.85894E-03
    7250.317   1243.302  18.150  6.21164E-01  6.22370E-01 -1.94059E-03
    7257.242   1250.227  18.200  6.20154E-01  6.20806E-01 -1.05098E-03
    7264.186   1257.171  18.250  6.19002E-01  6.19241E-01 -3.86899E-04
    7271.149   1264.133  18.300  6.17637E-01  6.17677E-01 -6.45738E-05
    7278.130   1271.115  18.350  6.16052E-01  6.16112E-01 -9.80245E-05
    7285.131   1278.116  18.400  6.14299E-01  6.14548E-01 -4.05165E-04
    7292.151   1285.136  18.450  6.12469E-01  6.12983E-01 -8.39423E-04
    7299.190   1292.175  18.500  6.10663E-01  6.11419E-01 -1.23747E-03
    7306.248   1299.233  18.550  6.08959E-01  6.09854E-01 -1.46892E-03
    7313.325   1306.310  18.600  6.07395E-01  6.08290E-01 -1.47328E-03
    7320.421   1313.406  18.650  6.05954E-01  6.06725E-01 -1.27322E-03
    7327.536   1320.521  18.700  6.04580E-01  6.05161E-01 -9.60544E-04
    7334.670   1327.655  18.750  6.03199E-01  6.03596E-01 -6.59432E-04
    7341.824   1334.809  18.800  6.01744E-01  6.02032E-01 -4.79022E-04
    7348.996   1341.981  18.850  6.00185E-01  6.00467E-01 -4.70693E-04
    7356.187   1349.172  18.900  5.98541E-01  5.98903E-01 -6.04436E-04
    7363.398   1356.383  18.950  5.96877E-01  5.97338E-01 -7.72962E-04
    7370.627   1363.612  19.000  5.95283E-01  5.95773E-01 -8.23594E-04
    7377.876   1370.861  19.050  5.93891E-01  5.94253E-01 -6.10104E-04
    7385.143   1378.128  19.100  5.92713E-01  5.92732E-01 -3.27540E-05
    7392.430   1385.415  19.150  5.91739E-01  5.91212E-01  8.93606E-04
    7399.735   1392.720  19.200  5.90890E-01  5.89691E-01  2.03583E-03
    7407.060   1400.045  19.250  5.90029E-01  5.88171E-01  3.16486E-03
    7414.404   1407.389  19.300  5.88999E-01  5.86650E-01  4.00936E-03
    7421.767   1414.752  19.350  5.87658E-01  5.85129E-01  4.32708E-03
    7429.149   1422.133  19.400  5.85925E-01  5.83609E-01  3.97400E-03
    7436.549   1429.534  19.450  5.83804E-01  5.82088E-01  2.95162E-03
    7443.969   1436.954  19.500  5.81390E-01  5.80568E-01  1.41799E-03
    7451.408   1444.393  19.550  5.78849E-01  5.79047E-01 -3.42180E-04
    7458.866   1451.851  19.600  5.76384E-01  5.77527E-01 -1.98138E-03
    7466.344   1459.328  19.650  5.74182E-01  5.76006E-01 -3.17084E-03
    7473.840   1466.825  19.700  5.72375E-01  5.74485E-01 -3.67848E-03
    7481.355   1474.340  19.750  5.71007E-01  5.72965E-01 -3.42275E-03
    7488.889   1481.874  19.800  5.70024E-01  5.71444E-01 -2.48881E-03
    7496.442   1489.427  19.850  5.69296E-01  5.69924E-01 -1.10337E-03
    7504.015   1497.000  19.900  5.68644E-01  5.68403E-01  4.23881E-04
    7511.606   1504.591  19.950  5.67888E-01  5.66883E-01  1.77603E-03
    7519.217   1512.201  20.000  5.66887E-01  5.65362E-01  2.70154E-03
