# # Once                                                         FEFF 9.6.4  
# # POT  SCF 100  6.0000   0, core-hole, AFOLP (folp(0)= 1.150)
# # Abs   Z=26 Rmt= 1.363 Rnm= 1.405 K  shell
# # Pot 1 Z=57 Rmt= 1.840 Rnm= 1.840
# # Pot 2 Z=14 Rmt= 1.357 Rnm= 1.400
# # Pot 3 Z=26 Rmt= 1.303 Rnm= 1.346
# # Gam_ch=1.309E+00 H-L exch Vi= 0.000E+00 Vr= 0.000E+00
# # Mu=-1.767E+01 kf=2.231E+00 Vint=-2.875E+01 Rs_int= 1.626
# # PATH  Rmax= 6.000,  Keep_limit= 0.00, Heap_limit 0.00  Pwcrit= 2.50%
#  S02=0.800  Temp=  20.00  Debye_temp= 370.00  Global_sig2= 0.00250
#  Energy zero shift, vr, vi    0.00000E+00   0.00000E+00
#  Curved wave amplitude ratio filter   4.000%
#     file         sig2 tot  cw amp ratio   deg  nlegs   reff  inp sig2
#           1       0.00544    100.00      1.00     2   2.4398
#           2       0.00545     99.29      1.00     2   2.4486
#           3       0.00545     98.73      1.00     2   2.4555
#           4       0.00546     98.20      1.00     2   2.4622
#           5       0.00547     97.47      1.00     2   2.4715
#           6       0.00553     92.76      1.00     2   2.5333
#           7       0.00708     87.56      1.00     2   2.5343
#           8       0.00557     89.83      1.00     2   2.5737
#           9       0.00558    179.10      2.00     2   2.5775
#          10       0.00496     74.09      1.00     2   3.3312
#          11       0.00496     73.09      1.00     2   3.3525
#          12       0.00602     46.81      1.00     2   3.4656
#          13       0.00582     10.23      2.00     3   3.6812
#          14       0.00699      6.50      2.00     3   3.7009
#          15       0.00584     10.23      2.00     3   3.7014
#          16       0.00701      6.26      2.00     3   3.7245
#          17       0.00586     18.70      4.00     3   3.7285
#          18       0.00586      8.82      2.00     3   3.7305
#          19       0.00587      7.41      2.00     3   3.7364
#          20       0.00587      8.99      2.00     3   3.7476
#          21       0.00587      9.11      2.00     3   3.7476
#          22       0.00588      8.84      2.00     3   3.7541
#          23       0.00588      8.87      2.00     3   3.7578
#          24       0.00594      7.42      2.00     3   3.8422
#          25       0.00594      7.98      2.00     3   3.8423
#          26       0.00596      7.39      2.00     3   3.8662
#          27       0.00601     35.99      1.00     2   3.8723
#          28       0.00599     31.97      1.00     2   4.0656
#          29       0.00771     22.06      1.00     2   4.1184
#          30       0.00598     30.85      1.00     2   4.1250
#          31       0.00771     21.60      1.00     2   4.1480
#          32       0.00597     30.19      1.00     2   4.1618
#          33       0.00597     30.11      1.00     2   4.1658
#          34       0.00609      8.04      2.00     3   4.1718
#          35       0.00597     30.00      1.00     2   4.1723
#          36       0.00610      7.88      2.00     3   4.1805
#          37       0.00597     29.76      1.00     2   4.1857
#          38       0.00597     29.75      1.00     2   4.1863
#          39       0.00597     29.64      1.00     2   4.1927
#          40       0.00597     29.51      1.00     2   4.1999
#          41       0.00597     29.39      1.00     2   4.2071
#          42       0.00596     28.60      1.00     2   4.2536
#          43       0.00609      9.67      2.00     3   4.3879
#          44       0.00609      6.22      2.00     3   4.3923
#          45       0.00609      6.19      2.00     3   4.3956
#          46       0.00609      6.14      2.00     3   4.4055
#          47       0.00604     11.52      2.00     3   4.4771
#          48       0.00762      6.25      2.00     3   4.4930
#          49       0.00762      6.20      2.00     3   4.5078
#          50       0.00592     24.66      1.00     2   4.5124
#          51       0.00592     24.45      1.00     2   4.5282
#          52       0.00605     10.62      2.00     3   4.5308
#          53       0.00605     10.64      2.00     3   4.5328
#          54       0.00591     24.28      1.00     2   4.5405
#          55       0.00762     16.38      1.00     2   4.5507
#          56       0.00609      5.74      2.00     3   4.5519
#          57       0.00606      9.98      2.00     3   4.5743
#          58       0.00591     23.79      1.00     2   4.5775
#          59       0.00607      9.48      2.00     3   4.5880
#          60       0.00591     23.59      1.00     2   4.5922
#          61       0.00653     10.74      2.00     3   4.5937
#          62       0.00606      9.63      2.00     3   4.5953
#          63       0.00607      6.09      2.00     3   4.5967
#          64       0.00607      9.48      2.00     3   4.5980
#          65       0.00607      9.43      2.00     3   4.5988
#          66       0.00591     23.50      1.00     2   4.5995
#          67       0.00607      9.36      2.00     3   4.6004
#          68       0.00608      5.75      2.00     3   4.6107
#          69       0.00608      9.07      2.00     3   4.6106
#          70       0.00607      9.23      2.00     3   4.6115
#          71       0.00763      4.42      2.00     3   4.6136
#          72       0.00608      8.91      2.00     3   4.6139
#          73       0.00607      5.96      2.00     3   4.6201
#          74       0.00607      9.15      2.00     3   4.6198
#          75       0.00607      9.30      2.00     3   4.6201
#          76       0.00590     23.23      1.00     2   4.6205
#          77       0.00607      5.91      2.00     3   4.6234
#          78       0.00607      9.23      2.00     3   4.6234
#          79       0.00661      8.83      2.00     3   4.6255
#          80       0.00606      9.53      2.00     3   4.6356
#          81       0.00606      6.18      2.00     3   4.6399
#          82       0.00606      9.52      2.00     3   4.6399
#          83       0.00664      7.98      2.00     3   4.6564
#          84       0.00597     15.59      2.00     3   4.7064
#          85       0.00597     10.62      2.00     3   4.7196
#          86       0.00597     15.20      2.00     3   4.7227
#          87       0.00623     16.35      2.00     3   4.7255
#          88       0.00759      7.35      2.00     3   4.7267
#          89       0.00597     10.78      2.00     3   4.7342
#          90       0.00596     15.36      2.00     3   4.7390
#          91       0.00597     10.37      2.00     3   4.7862
#          92       0.00597     13.43      2.00     3   4.8012
#          93       0.00597      9.51      2.00     3   4.8128
#          94       0.00597     13.55      2.00     3   4.8128
#          95       0.00597     13.19      2.00     3   4.8267
#          96       0.00588     20.42      1.00     2   4.8582
#          97       0.00588     22.31      2.00     3   4.8689
#          98       0.01425      5.65      1.00     4   4.8796
#          99       0.00589     37.35      2.00     3   4.8829
#         101       0.00596     20.12      2.00     4   4.8885
#         102       0.01429      5.56      1.00     4   4.8973
#         103       0.00587     19.98      1.00     2   4.8998
#         104       0.00587     51.38      2.00     3   4.8999
#         105       0.00587     40.48      1.00     4   4.8999
#         108       0.00598     17.98      1.00     4   4.9077
#         109       0.01432      5.50      1.00     4   4.9111
#         111       0.01435      5.43      1.00     4   4.9244
#         114       0.00587     19.54      1.00     2   4.9416
#         115       0.01439      5.35      1.00     4   4.9431
#         116       0.00587     19.39      1.00     2   4.9566
#         117       0.00591     40.18      2.00     3   4.9650
#         118       0.00588     19.94      2.00     3   4.9660
#         120       0.00588     32.85      2.00     3   4.9867
#         121       0.00608     21.11      1.00     4   4.9884
#         122       0.00587     19.03      1.00     2   4.9919
#         123       0.00587     19.00      1.00     2   4.9946
#         124       0.00600     16.26      2.00     4   4.9955
#         125       0.00588     19.41      2.00     3   4.9985
#         126       0.00587     18.83      1.00     2   5.0126
#         127       0.00600     14.19      1.00     4   5.0169
#         128       0.01014      7.16      4.00     4   5.0173
#         129       0.00588     19.42      2.00     3   5.0218
#         130       0.00588     32.93      2.00     3   5.0218
#         132       0.00588     29.48      2.00     3   5.0285
#         133       0.00600     15.61      2.00     4   5.0293
#         134       0.00588     36.10      2.00     3   5.0324
#         135       0.00598     16.09      2.00     4   5.0490
#         136       0.00598     14.84      1.00     4   5.0490
#         137       0.00595     19.01      1.00     4   5.0523
#         138       0.00602     11.24      1.00     4   5.0651
#         139       0.01464      4.82      1.00     4   5.0667
#         140       0.00586     18.09      1.00     2   5.0896
#         141       0.00487     26.41      1.00     2   5.1115
#         142       0.00588     30.03      2.00     3   5.1213
#         143       0.00487     26.25      1.00     2   5.1231
#         144       0.01479      4.51      1.00     4   5.1474
#         145       0.00600     12.78      1.00     4   5.1530
#         146       0.01481      8.97      2.00     4   5.1549
#         147       0.00510      4.69      2.00     3   5.3616
#         148       0.00510      4.55      2.00     3   5.3649
#         149       0.00587     15.52      1.00     2   5.3925
#         150       0.00587     15.51      1.00     2   5.3949
#         151       0.00755      9.71      1.00     2   5.3981
#         152       0.00587     15.44      1.00     2   5.4034
#         153       0.00506      8.47      2.00     3   5.4484
#         154       0.00506      8.40      2.00     3   5.4606
#         155       0.00506      5.34      2.00     3   5.4621
#         156       0.00510      4.43      2.00     3   5.4873
#         157       0.00511      4.23      2.00     3   5.4896
#         158       0.00505      5.38      2.00     3   5.5006
#         159       0.00511      4.17      2.00     3   5.5075
#         160       0.00552      8.57      2.00     3   5.5106
#         161       0.00510      4.38      2.00     3   5.5159
#         162       0.00510      7.71      2.00     3   5.5159
#         163       0.00511      7.52      2.00     3   5.5235
#         164       0.00601      6.23      2.00     3   5.6946
#         165       0.00602      4.20      2.00     3   5.7178
#         166       0.00602      5.18      2.00     3   5.7178
#         167       0.00589     13.20      1.00     2   5.7264
#         168       0.00602      5.67      2.00     3   5.7287
#         169       0.00590     26.11      2.00     2   5.7501
#         170       0.00590     12.81      1.00     2   5.7900
#         172       0.00590     12.74      1.00     2   5.8014
#         173       0.00760      7.74      1.00     2   5.8037
#         174       0.00594      9.04      2.00     3   5.8050
#         175       0.00591     12.64      1.00     2   5.8183
#         177       0.00594      8.68      2.00     3   5.8260
#         178       0.00663     10.88      2.00     3   5.8833
#         179       0.00665      9.80      2.00     4   5.8868
#         180       0.00491     18.14      1.00     2   5.8936
#         181       0.00491     38.71      2.00     3   5.8944
#         182       0.00491     24.74      1.00     4   5.8952
#         183       0.00762      7.34      1.00     2   5.9006
#         184       0.00491     18.06      1.00     2   5.9037
#         186       0.00491     17.09      2.00     3   5.9062
#         187       0.00491     37.44      2.00     3   5.9062
#         188       0.00492     13.99      2.00     4   5.9087
#         189       0.00492     23.13      1.00     4   5.9087
#         190       0.00762      7.28      1.00     2   5.9155
#         192       0.00763      7.14      1.00     2   5.9529
#         193       0.00595      9.06      2.00     3   5.9613
#         194       0.00763      7.08      1.00     2   5.9677
#         195       0.00593     11.70      1.00     2   5.9839
#         196       0.00763      7.08      2.00     3   5.9969
#   184/ 193 paths used
#  xsedge+50, used to normalize mu           3.2603E-04
#  -----------------------------------------------------------------------
#  omega    e    k    mu    mu0     chi     @#
    7120.662    -17.675   0.000  2.61163E-01  2.74063E-01 -2.61874E-02
    7120.671    -17.665   0.050  2.67770E-01  2.78968E-01 -2.26969E-02
    7120.700    -17.636   0.100  2.74339E-01  2.83873E-01 -1.92950E-02
    7120.748    -17.589   0.150  2.93322E-01  2.98277E-01 -9.98421E-03
    7120.814    -17.522   0.200  3.11931E-01  3.12682E-01 -1.50605E-03
    7120.900    -17.436   0.250  3.39499E-01  3.34547E-01  9.85856E-03
    7121.005    -17.332   0.300  3.65946E-01  3.56413E-01  1.88434E-02
    7121.129    -17.208   0.350  3.94094E-01  3.80573E-01  2.64575E-02
    7121.271    -17.065   0.400  4.20032E-01  4.04734E-01  2.96387E-02
    7121.433    -16.903   0.450  4.40830E-01  4.26514E-01  2.73933E-02
    7121.614    -16.722   0.500  4.58337E-01  4.48294E-01  1.89799E-02
    7121.814    -16.522   0.550  4.68146E-01  4.66667E-01  2.75446E-03
    7122.033    -16.303   0.600  4.74090E-01  4.85040E-01 -2.01047E-02
    7122.271    -16.065   0.650  4.72785E-01  5.00945E-01 -5.08678E-02
    7122.529    -15.808   0.700  4.67948E-01  5.16851E-01 -8.69297E-02
    7122.805    -15.531   0.750  4.57420E-01  5.31386E-01 -1.29169E-01
    7123.100    -15.236   0.800  4.44699E-01  5.45922E-01 -1.73711E-01
    7123.414    -14.922   0.850  4.27398E-01  5.59843E-01 -2.23052E-01
    7123.748    -14.588   0.900  4.10158E-01  5.73764E-01 -2.70487E-01
    7124.100    -14.236   0.950  3.90583E-01  5.87484E-01 -3.19228E-01
    7124.472    -13.865   1.000  3.75876E-01  6.01203E-01 -3.58374E-01
    7124.862    -13.474   1.050  3.72222E-01  6.14920E-01 -3.78387E-01
    7125.272    -13.064   1.100  3.77284E-01  6.28637E-01 -3.84300E-01
    7125.700    -12.636   1.150  3.88944E-01  6.42395E-01 -3.79847E-01
    7126.148    -12.188   1.200  4.08599E-01  6.56152E-01 -3.63817E-01
    7126.615    -11.721   1.250  4.34334E-01  6.69934E-01 -3.39478E-01
    7127.101    -11.236   1.300  4.67321E-01  6.83717E-01 -3.05825E-01
    7127.605    -10.731   1.350  5.06459E-01  6.97425E-01 -2.64745E-01
    7128.129    -10.207   1.400  5.50546E-01  7.11133E-01 -2.18468E-01
    7128.672     -9.664   1.450  5.97942E-01  7.24644E-01 -1.69209E-01
    7129.234     -9.102   1.500  6.46704E-01  7.38154E-01 -1.19932E-01
    7129.815     -8.521   1.550  6.94823E-01  7.51332E-01 -7.28213E-02
    7130.415     -7.921   1.600  7.40731E-01  7.64509E-01 -3.01192E-02
    7131.034     -7.302   1.650  7.82841E-01  7.77189E-01  7.04296E-03
    7131.673     -6.664   1.700  8.20220E-01  7.89869E-01  3.72167E-02
    7132.330     -6.006   1.750  8.52398E-01  8.01885E-01  6.10178E-02
    7133.006     -5.330   1.800  8.78774E-01  8.13902E-01  7.72146E-02
    7133.701     -4.635   1.850  8.99856E-01  8.25094E-01  8.77936E-02
    7134.416     -3.921   1.900  9.15790E-01  8.36285E-01  9.21270E-02
    7135.149     -3.187   1.950  9.27799E-01  8.46479E-01  9.31199E-02
    7135.902     -2.435   2.000  9.36054E-01  8.56672E-01  8.98411E-02
    7136.673     -1.663   2.050  9.41019E-01  8.65137E-01  8.50853E-02
    7137.464     -0.873   2.100  9.43162E-01  8.73602E-01  7.72815E-02
    7138.273     -0.063   2.150  9.43238E-01  8.82067E-01  6.73430E-02
    7139.102      0.766   2.200  9.41973E-01  8.90532E-01  5.61217E-02
    7139.950      1.613   2.250  9.36878E-01  8.95494E-01  4.49452E-02
    7140.817      2.480   2.300  9.30536E-01  9.00456E-01  3.25212E-02
    7141.702      3.366   2.350  9.23818E-01  9.05417E-01  1.98048E-02
    7142.607      4.271   2.400  9.17680E-01  9.10379E-01  7.82309E-03
    7143.531      5.195   2.450  9.08178E-01  9.13064E-01 -5.21507E-03
    7144.474      6.138   2.500  9.01217E-01  9.15748E-01 -1.54539E-02
    7145.436      7.100   2.550  8.98211E-01  9.18432E-01 -2.14250E-02
    7146.417      8.081   2.600  8.99703E-01  9.21116E-01 -2.26036E-02
    7147.417      9.081   2.650  9.09585E-01  9.29465E-01 -2.08357E-02
    7148.437     10.100   2.700  9.21058E-01  9.37814E-01 -1.74361E-02
    7149.475     11.138   2.750  9.32723E-01  9.46162E-01 -1.38872E-02
    7150.532     12.196   2.800  9.43530E-01  9.54511E-01 -1.12679E-02
    7151.608     13.272   2.850  9.49786E-01  9.59518E-01 -9.94181E-03
    7152.704     14.367   2.900  9.55054E-01  9.64525E-01 -9.63358E-03
    7153.818     15.482   2.950  9.59809E-01  9.69531E-01 -9.84678E-03
    7154.952     16.615   3.000  9.64831E-01  9.74538E-01 -9.78864E-03
    7156.104     17.768   3.050  9.67150E-01  9.77145E-01 -1.00593E-02
    7157.276     18.939   3.100  9.70829E-01  9.79752E-01 -8.96345E-03
    7158.466     20.130   3.150  9.76650E-01  9.82359E-01 -5.72407E-03
    7159.676     21.340   3.200  9.85013E-01  9.84966E-01  4.69946E-05
    7160.905     22.568   3.250  9.92726E-01  9.85577E-01  7.14895E-03
    7162.153     23.816   3.300  1.00234E+00  9.86187E-01  1.61343E-02
    7163.419     25.083   3.350  1.01305E+00  9.86797E-01  2.62069E-02
    7164.705     26.369   3.400  1.02373E+00  9.87408E-01  3.62376E-02
    7166.010     27.674   3.450  1.03196E+00  9.87320E-01  4.45532E-02
    7167.334     28.998   3.500  1.03797E+00  9.87231E-01  5.06727E-02
    7168.677     30.341   3.550  1.04088E+00  9.87143E-01  5.36895E-02
    7170.039     31.703   3.600  1.04011E+00  9.87055E-01  5.30327E-02
    7171.420     33.084   3.650  1.03447E+00  9.85951E-01  4.85411E-02
    7172.820     34.484   3.700  1.02545E+00  9.84847E-01  4.06604E-02
    7174.240     35.903   3.750  1.01371E+00  9.83744E-01  3.00352E-02
    7175.678     37.342   3.800  1.00014E+00  9.82640E-01  1.75548E-02
    7177.135     38.799   3.850  9.85769E-01  9.81722E-01  4.06362E-03
    7178.612     40.275   3.900  9.71500E-01  9.80805E-01 -9.35368E-03
    7180.107     41.771   3.950  9.58221E-01  9.79888E-01 -2.18037E-02
    7181.622     43.285   4.000  9.46591E-01  9.78970E-01 -3.26189E-02
    7183.155     44.819   4.050  9.36817E-01  9.77936E-01 -4.14610E-02
    7184.708     46.371   4.100  9.29364E-01  9.76901E-01 -4.79762E-02
    7186.279     47.943   4.150  9.24157E-01  9.75867E-01 -5.22343E-02
    7187.870     49.534   4.200  9.20992E-01  9.74832E-01 -5.44359E-02
    7189.480     51.143   4.250  9.20199E-01  9.74093E-01 -5.45262E-02
    7191.108     52.772   4.300  9.21154E-01  9.73355E-01 -5.28482E-02
    7192.756     54.420   4.350  9.23698E-01  9.72616E-01 -4.95566E-02
    7194.423     56.087   4.400  9.27737E-01  9.71877E-01 -4.47461E-02
    7196.109     57.773   4.450  9.33861E-01  9.71542E-01 -3.82126E-02
    7197.814     59.478   4.500  9.41241E-01  9.71207E-01 -3.03992E-02
    7199.538     61.202   4.550  9.49615E-01  9.70872E-01 -2.15723E-02
    7201.281     62.945   4.600  9.58622E-01  9.70538E-01 -1.20962E-02
    7203.043     64.707   4.650  9.68063E-01  9.70361E-01 -2.33216E-03
    7204.824     66.488   4.700  9.77187E-01  9.70183E-01  7.11124E-03
    7206.625     68.288   4.750  9.85668E-01  9.70006E-01  1.59034E-02
    7208.444     70.107   4.800  9.93324E-01  9.69829E-01  2.38587E-02
    7210.282     71.946   4.850  1.00042E+00  9.69933E-01  3.09561E-02
    7212.139     73.803   4.900  1.00680E+00  9.70037E-01  3.73236E-02
    7214.016     75.680   4.950  1.01259E+00  9.70141E-01  4.30840E-02
    7215.911     77.575   5.000  1.01781E+00  9.70245E-01  4.82696E-02
    7217.826     79.490   5.050  1.02247E+00  9.70444E-01  5.27806E-02
    7219.759     81.423   5.100  1.02599E+00  9.70643E-01  5.61297E-02
    7221.712     83.376   5.150  1.02772E+00  9.70842E-01  5.76677E-02
    7223.684     85.347   5.200  1.02693E+00  9.71041E-01  5.66445E-02
    7225.674     87.338   5.250  1.02273E+00  9.71209E-01  5.22092E-02
    7227.684     89.348   5.300  1.01479E+00  9.71377E-01  4.39843E-02
    7229.713     91.377   5.350  1.00311E+00  9.71544E-01  3.19761E-02
    7231.761     93.425   5.400  9.88225E-01  9.71712E-01  1.67223E-02
    7233.828     95.492   5.450  9.70934E-01  9.71756E-01 -8.32436E-04
    7235.914     97.577   5.500  9.53003E-01  9.71799E-01 -1.90324E-02
    7238.019     99.682   5.550  9.36112E-01  9.71843E-01 -3.61766E-02
    7240.143    101.807   5.600  9.21882E-01  9.71886E-01 -5.06252E-02
    7242.286    103.950   5.650  9.11509E-01  9.71669E-01 -6.09161E-02
    7244.448    106.112   5.700  9.05985E-01  9.71451E-01 -6.62999E-02
    7246.629    108.293   5.750  9.05504E-01  9.71233E-01 -6.65770E-02
    7248.830    110.493   5.800  9.09678E-01  9.71015E-01 -6.21385E-02
    7251.049    112.713   5.850  9.17515E-01  9.70536E-01 -5.37448E-02
    7253.287    114.951   5.900  9.27920E-01  9.70058E-01 -4.27372E-02
    7255.545    117.208   5.950  9.39609E-01  9.69579E-01 -3.04134E-02
    7257.821    119.485   6.000  9.51393E-01  9.69101E-01 -1.79799E-02
    7260.117    121.780   6.050  9.61866E-01  9.68156E-01 -6.39325E-03
    7262.431    124.095   6.100  9.70709E-01  9.67210E-01  3.56040E-03
    7264.765    126.429   6.150  9.77578E-01  9.66265E-01  1.15275E-02
    7267.118    128.781   6.200  9.82414E-01  9.65319E-01  1.74393E-02
    7269.489    131.153   6.250  9.85381E-01  9.64374E-01  2.14557E-02
    7271.880    133.544   6.300  9.86797E-01  9.63429E-01  2.38966E-02
    7274.290    135.954   6.350  9.87070E-01  9.62483E-01  2.51718E-02
    7276.719    138.382   6.400  9.86623E-01  9.61538E-01  2.57126E-02
    7279.167    140.830   6.450  9.85839E-01  9.60593E-01  2.59090E-02
    7281.634    143.297   6.500  9.85004E-01  9.59647E-01  2.60531E-02
    7284.120    145.783   6.550  9.83753E-01  9.58330E-01  2.61688E-02
    7286.625    148.288   6.600  9.82613E-01  9.57013E-01  2.63982E-02
    7289.149    150.812   6.650  9.81427E-01  9.55696E-01  2.65813E-02
    7291.692    153.356   6.700  9.79874E-01  9.54378E-01  2.63856E-02
    7294.254    155.918   6.750  9.77522E-01  9.53061E-01  2.53599E-02
    7296.835    158.499   6.800  9.73914E-01  9.51744E-01  2.30268E-02
    7299.436    161.099   6.850  9.68685E-01  9.50427E-01  1.89987E-02
    7302.055    163.719   6.900  9.61668E-01  9.49110E-01  1.30915E-02
    7304.694    166.357   6.950  9.52973E-01  9.47792E-01  5.40978E-03
    7307.351    169.015   7.000  9.43015E-01  9.46475E-01 -3.61998E-03
    7310.028    171.691   7.050  9.32573E-01  9.45245E-01 -1.32821E-02
    7312.723    174.387   7.100  9.22371E-01  9.44015E-01 -2.27279E-02
    7315.438    177.101   7.150  9.13353E-01  9.42785E-01 -3.09621E-02
    7318.171    179.835   7.200  9.06405E-01  9.41555E-01 -3.70449E-02
    7320.924    182.588   7.250  9.02198E-01  9.40324E-01 -4.02565E-02
    7323.696    185.360   7.300  9.01069E-01  9.39094E-01 -4.02240E-02
    7326.487    188.150   7.350  9.02969E-01  9.37864E-01 -3.69813E-02
    7329.297    190.960   7.400  9.07481E-01  9.36634E-01 -3.09529E-02
    7332.125    193.789   7.450  9.13904E-01  9.35404E-01 -2.28694E-02
    7334.973    196.637   7.500  9.21372E-01  9.34174E-01 -1.36428E-02
    7337.840    199.504   7.550  9.29353E-01  9.33217E-01 -4.12321E-03
    7340.726    202.390   7.600  9.36648E-01  9.32260E-01  4.68983E-03
    7343.632    205.295   7.650  9.42561E-01  9.31302E-01  1.20502E-02
    7346.556    208.219   7.700  9.46647E-01  9.30345E-01  1.74721E-02
    7349.499    211.163   7.750  9.48728E-01  9.29388E-01  2.07582E-02
    7352.461    214.125   7.800  9.48882E-01  9.28431E-01  2.19829E-02
    7355.443    217.106   7.850  9.47393E-01  9.27474E-01  2.14414E-02
    7358.443    220.107   7.900  9.44677E-01  9.26517E-01  1.95769E-02
    7361.462    223.126   7.950  9.41215E-01  9.25560E-01  1.69009E-02
    7364.501    226.164   8.000  9.37473E-01  9.24602E-01  1.39145E-02
    7367.558    229.222   8.050  9.34004E-01  9.23784E-01  1.10607E-02
    7370.635    232.299   8.100  9.30944E-01  9.22965E-01  8.64479E-03
    7373.730    235.394   8.150  9.28413E-01  9.22146E-01  6.79645E-03
    7376.845    238.509   8.200  9.26367E-01  9.21327E-01  5.47142E-03
    7379.979    241.642   8.250  9.24631E-01  9.20509E-01  4.48021E-03
    7383.132    244.795   8.300  9.22948E-01  9.19690E-01  3.54471E-03
    7386.303    247.967   8.350  9.21050E-01  9.18871E-01  2.37318E-03
    7389.494    251.158   8.400  9.18730E-01  9.18052E-01  7.39385E-04
    7392.704    254.368   8.450  9.15904E-01  9.17234E-01 -1.45134E-03
    7395.933    257.597   8.500  9.12640E-01  9.16415E-01 -4.12504E-03
    7399.181    260.845   8.550  9.09032E-01  9.15523E-01 -7.09918E-03
    7402.448    264.112   8.600  9.05525E-01  9.14630E-01 -9.96745E-03
    7405.734    267.398   8.650  9.02496E-01  9.13738E-01 -1.23171E-02
    7409.039    270.703   8.700  9.00276E-01  9.12846E-01 -1.37828E-02
    7412.364    274.027   8.750  8.99080E-01  9.11954E-01 -1.41281E-02
    7415.707    277.371   8.800  8.98954E-01  9.11062E-01 -1.32985E-02
    7419.069    280.733   8.850  8.99770E-01  9.10169E-01 -1.14326E-02
    7422.451    284.114   8.900  9.01254E-01  9.09277E-01 -8.82801E-03
    7425.851    287.515   8.950  9.03054E-01  9.08385E-01 -5.87111E-03
    7429.270    290.934   9.000  9.04819E-01  9.07493E-01 -2.94732E-03
    7432.709    294.373   9.050  9.06057E-01  9.06421E-01 -4.01781E-04
    7436.167    297.830   9.100  9.06877E-01  9.05349E-01  1.68701E-03
    7439.643    301.307   9.150  9.07289E-01  9.04278E-01  3.32910E-03
    7443.139    304.803   9.200  9.07399E-01  9.03206E-01  4.64011E-03
    7446.654    308.317   9.250  9.07343E-01  9.02135E-01  5.76998E-03
    7450.187    311.851   9.300  9.07218E-01  9.01063E-01  6.82528E-03
    7453.740    315.404   9.350  9.07028E-01  8.99991E-01  7.81086E-03
    7457.312    318.976   9.400  9.06669E-01  8.98920E-01  8.61069E-03
    7460.903    322.567   9.450  9.05954E-01  8.97848E-01  9.01576E-03
    7464.513    326.177   9.500  9.04673E-01  8.96776E-01  8.79224E-03
    7468.142    329.806   9.550  9.02628E-01  8.95587E-01  7.84799E-03
    7471.790    333.454   9.600  8.99802E-01  8.94398E-01  6.03099E-03
    7475.457    337.121   9.650  8.96336E-01  8.93209E-01  3.49428E-03
    7479.143    340.807   9.700  8.92548E-01  8.92020E-01  5.90412E-04
    7482.848    344.512   9.750  8.88872E-01  8.90831E-01 -2.19525E-03
    7486.573    348.236   9.800  8.85757E-01  8.89642E-01 -4.35744E-03
    7490.316    351.980   9.850  8.83555E-01  8.88453E-01 -5.50025E-03
    7494.078    355.742   9.900  8.82420E-01  8.87264E-01 -5.44672E-03
    7497.860    359.523   9.950  8.82259E-01  8.86075E-01 -4.29630E-03
    7501.660    363.324  10.000  8.82747E-01  8.84886E-01 -2.41147E-03
    7505.480    367.143  10.050  8.83425E-01  8.83740E-01 -3.55729E-04
    7509.318    370.982  10.100  8.83758E-01  8.82594E-01  1.31593E-03
    7513.176    374.840  10.150  8.83313E-01  8.81447E-01  2.11140E-03
    7517.053    378.716  10.200  8.81861E-01  8.80301E-01  1.76832E-03
    7520.948    382.612  10.250  8.79441E-01  8.79154E-01  3.25198E-04
    7524.863    386.527  10.300  8.76347E-01  8.78008E-01 -1.88572E-03
    7528.797    390.460  10.350  8.73061E-01  8.76861E-01 -4.32184E-03
    7532.750    394.413  10.400  8.70123E-01  8.75715E-01 -6.36762E-03
    7536.722    398.385  10.450  8.68000E-01  8.74568E-01 -7.48913E-03
    7540.713    402.376  10.500  8.66971E-01  8.73422E-01 -7.36531E-03
    7544.723    406.386  10.550  8.67060E-01  8.72275E-01 -5.96217E-03
    7548.752    410.415  10.600  8.68042E-01  8.71129E-01 -3.53288E-03
    7552.800    414.463  10.650  8.69505E-01  8.69982E-01 -5.46508E-04
    7556.867    418.531  10.700  8.70955E-01  8.68836E-01  2.43284E-03
    7560.953    422.617  10.750  8.71938E-01  8.67689E-01  4.88247E-03
    7565.058    426.722  10.800  8.72137E-01  8.66543E-01  6.43727E-03
    7569.183    430.846  10.850  8.71434E-01  8.65396E-01  6.95701E-03
    7573.326    434.990  10.900  8.69911E-01  8.64250E-01  6.53140E-03
    7577.488    439.152  10.950  8.67801E-01  8.63103E-01  5.42723E-03
    7581.670    443.334  11.000  8.65412E-01  8.61957E-01  3.99722E-03
    7585.870    447.534  11.050  8.63009E-01  8.60752E-01  2.61421E-03
    7590.090    451.754  11.100  8.60815E-01  8.59548E-01  1.47053E-03
    7594.329    455.992  11.150  8.58911E-01  8.58343E-01  6.59718E-04
    7598.586    460.250  11.200  8.57258E-01  8.57139E-01  1.39313E-04
    7602.863    464.527  11.250  8.55742E-01  8.55934E-01 -2.23701E-04
    7607.159    468.822  11.300  8.54228E-01  8.54730E-01 -5.85324E-04
    7611.473    473.137  11.350  8.52619E-01  8.53525E-01 -1.05835E-03
    7615.807    477.471  11.400  8.50894E-01  8.52321E-01 -1.66871E-03
    7620.160    481.824  11.450  8.49112E-01  8.51116E-01 -2.34660E-03
    7624.532    486.196  11.500  8.47394E-01  8.49912E-01 -2.95266E-03
    7628.923    490.587  11.550  8.45873E-01  8.48707E-01 -3.32814E-03
    7633.333    494.997  11.600  8.44653E-01  8.47503E-01 -3.35105E-03
    7637.762    499.426  11.650  8.43768E-01  8.46298E-01 -2.97935E-03
    7642.211    503.874  11.700  8.43171E-01  8.45094E-01 -2.26754E-03
    7646.678    508.341  11.750  8.42744E-01  8.43889E-01 -1.35218E-03
    7651.164    512.828  11.800  8.42336E-01  8.42685E-01 -4.12266E-04
    7655.669    517.333  11.850  8.41803E-01  8.41480E-01  3.81881E-04
    7660.194    521.857  11.900  8.41047E-01  8.40276E-01  9.14573E-04
    7664.737    526.401  11.950  8.40041E-01  8.39071E-01  1.15133E-03
    7669.299    530.963  12.000  8.38824E-01  8.37867E-01  1.13887E-03
    7673.881    535.545  12.050  8.37337E-01  8.36515E-01  9.79427E-04
    7678.482    540.145  12.100  8.35830E-01  8.35164E-01  7.94869E-04
    7683.101    544.765  12.150  8.34384E-01  8.33812E-01  6.83097E-04
    7687.740    549.403  12.200  8.33035E-01  8.32460E-01  6.87224E-04
    7692.398    554.061  12.250  8.31764E-01  8.31109E-01  7.85104E-04
    7697.074    558.738  12.300  8.30509E-01  8.29757E-01  9.02713E-04
    7701.770    563.434  12.350  8.29192E-01  8.28406E-01  9.46017E-04
    7706.485    568.149  12.400  8.27751E-01  8.27054E-01  8.39831E-04
    7711.219    572.883  12.450  8.26167E-01  8.25703E-01  5.60000E-04
    7715.972    577.635  12.500  8.24473E-01  8.24351E-01  1.47594E-04
    7720.744    582.407  12.550  8.22752E-01  8.23000E-01 -3.00034E-04
    7725.535    587.199  12.600  8.21105E-01  8.21648E-01 -6.58704E-04
    7730.345    592.009  12.650  8.19623E-01  8.20296E-01 -8.17815E-04
    7735.174    596.838  12.700  8.18354E-01  8.18945E-01 -7.18378E-04
    7740.022    601.686  12.750  8.17285E-01  8.17593E-01 -3.75961E-04
    7744.890    606.553  12.800  8.16340E-01  8.16242E-01  1.19449E-04
    7749.776    611.440  12.850  8.15403E-01  8.14890E-01  6.27240E-04
    7754.681    616.345  12.900  8.14352E-01  8.13539E-01  9.96663E-04
    7759.606    621.269  12.950  8.13093E-01  8.12187E-01  1.11159E-03
    7764.549    626.213  13.000  8.11589E-01  8.10835E-01  9.25680E-04
    7769.512    631.175  13.050  8.09887E-01  8.09506E-01  4.68792E-04
    7774.493    636.157  13.100  8.08059E-01  8.08176E-01 -1.43874E-04
    7779.494    641.157  13.150  8.06233E-01  8.06846E-01 -7.58033E-04
    7784.513    646.177  13.200  8.04530E-01  8.05517E-01 -1.22014E-03
    7789.552    651.216  13.250  8.03041E-01  8.04187E-01 -1.42062E-03
    7794.610    656.274  13.300  8.01791E-01  8.02857E-01 -1.32389E-03
    7799.687    661.350  13.350  8.00742E-01  8.01528E-01 -9.76410E-04
    7804.783    666.446  13.400  7.99804E-01  8.00198E-01 -4.90823E-04
    7809.897    671.561  13.450  7.98859E-01  7.98868E-01 -1.11602E-05
    7815.031    676.695  13.500  7.97803E-01  7.97539E-01  3.30163E-04
    7820.184    681.848  13.550  7.96569E-01  7.96209E-01  4.50727E-04
    7825.356    687.020  13.600  7.95151E-01  7.94879E-01  3.40619E-04
    7830.548    692.211  13.650  7.93600E-01  7.93550E-01  6.28295E-05
    7835.758    697.421  13.700  7.92007E-01  7.92220E-01 -2.68044E-04
    7840.987    702.651  13.750  7.90476E-01  7.90890E-01 -5.21884E-04
    7846.235    707.899  13.800  7.89091E-01  7.89561E-01 -5.92889E-04
    7851.502    713.166  13.850  7.87890E-01  7.88231E-01 -4.31280E-04
    7856.789    718.452  13.900  7.86856E-01  7.86901E-01 -5.77892E-05
    7862.094    723.758  13.950  7.85921E-01  7.85572E-01  4.42800E-04
    7867.419    729.082  14.000  7.84987E-01  7.84242E-01  9.46535E-04
    7872.762    734.426  14.050  7.83897E-01  7.82847E-01  1.33672E-03
    7878.125    739.788  14.100  7.82635E-01  7.81452E-01  1.50917E-03
    7883.506    745.170  14.150  7.81168E-01  7.80057E-01  1.41969E-03
    7888.907    750.571  14.200  7.79512E-01  7.78662E-01  1.08903E-03
    7894.327    755.990  14.250  7.77730E-01  7.77267E-01  5.94372E-04
    7899.765    761.429  14.300  7.75908E-01  7.75872E-01  4.57972E-05
    7905.223    766.887  14.350  7.74132E-01  7.74477E-01 -4.44587E-04
    7910.700    772.364  14.400  7.72468E-01  7.73082E-01 -7.91564E-04
    7916.196    777.860  14.450  7.70947E-01  7.71687E-01 -9.55668E-04
    7921.711    783.375  14.500  7.69560E-01  7.70292E-01 -9.47368E-04
    7927.245    788.909  14.550  7.68267E-01  7.68897E-01 -8.16660E-04
    7932.798    794.462  14.600  7.67015E-01  7.67502E-01 -6.32520E-04
    7938.370    800.034  14.650  7.65754E-01  7.66107E-01 -4.59355E-04
    7943.961    805.625  14.700  7.64453E-01  7.64712E-01 -3.37969E-04
    7949.571    811.235  14.750  7.63105E-01  7.63317E-01 -2.76524E-04
    7955.201    816.864  14.800  7.61728E-01  7.61922E-01 -2.53438E-04
    7960.849    822.513  14.850  7.60351E-01  7.60527E-01 -2.30188E-04
    7966.516    828.180  14.900  7.59003E-01  7.59132E-01 -1.68964E-04
    7972.203    833.866  14.950  7.57699E-01  7.57736E-01 -4.88639E-05
    7977.908    839.572  15.000  7.56436E-01  7.56341E-01  1.24831E-04
