# # Once                                                         FEFF 9.6.4  
# # POT  SCF 100  6.0000   0, core-hole, AFOLP (folp(0)= 1.150)
# # Abs   Z=27 Rmt= 1.332 Rnm= 1.381 K  shell
# # Pot 1 Z=58 Rmt= 1.725 Rnm= 1.753
# # Pot 2 Z=27 Rmt= 1.340 Rnm= 1.390
# # Gam_ch=1.436E+00 H-L exch Vi= 0.000E+00 Vr= 0.000E+00
# # Mu=-1.786E+01 kf=2.063E+00 Vint=-2.702E+01 Rs_int= 1.758
# # PATH  Rmax= 8.000,  Keep_limit= 0.00, Heap_limit 0.00  Pwcrit= 2.50%
#  S02=1.000  Temp=   0.00  Debye_temp=   0.00  Global_sig2= 0.00000
#  Energy zero shift, vr, vi    0.00000E+00   0.00000E+00
#  Curved wave amplitude ratio filter   4.000%
#     file         sig2 tot  cw amp ratio   deg  nlegs   reff  inp sig2
#           1       0.00000    100.00      1.00     2   2.3275
#           2       0.00000    189.20      2.00     2   2.3941
#           3       0.00000     89.58      1.00     2   2.4610
#           4       0.00000    171.30      2.00     2   2.5169
#           5       0.00000    166.80      2.00     2   2.5497
#           6       0.00000    152.30      2.00     2   2.6658
#           7       0.00000     93.30      1.00     2   2.9526
#           8       0.00000     89.76      1.00     2   3.0147
#           9       0.00000     40.86      1.00     2   3.5363
#          10       0.00000     16.92      4.00     3   3.6246
#          11       0.00000     16.54      4.00     3   3.6584
#          12       0.00000     16.50      4.00     3   3.6748
#          13       0.00000     13.57      4.00     3   3.6807
#          14       0.00000     15.47      4.00     3   3.7542
#          15       0.00000     12.75      4.00     3   3.8049
#          16       0.00000     10.54      4.00     3   3.8295
#          17       0.00000      8.84      2.00     3   3.8372
#          18       0.00000     10.58      4.00     3   3.8963
#          19       0.00000     11.60      4.00     3   3.8962
#          20       0.00000     63.79      2.00     2   3.9268
#          21       0.00000     59.97      2.00     2   4.0284
#          22       0.00000     58.60      2.00     2   4.0667
#          23       0.00000     57.89      2.00     2   4.0870
#          24       0.00000     57.19      2.00     2   4.1074
#          25       0.00000     55.84      2.00     2   4.1475
#          26       0.00000     55.21      2.00     2   4.1667
#          27       0.00000      9.76      4.00     3   4.2672
#          28       0.00000     10.06      4.00     3   4.2906
#          29       0.00000      9.74      4.00     3   4.3178
#          30       0.00000     12.56      4.00     3   4.3243
#          31       0.00000     17.78      4.00     3   4.3243
#          32       0.00000      6.17      2.00     3   4.4180
#          33       0.00000     14.49      4.00     3   4.4247
#          34       0.00000     16.74      4.00     3   4.4332
#          35       0.00000     16.90      4.00     3   4.4434
#          36       0.00000     17.44      4.00     3   4.4478
#          37       0.00000     11.01      4.00     3   4.4528
#          38       0.00000     15.40      4.00     3   4.4528
#          39       0.00000      6.74      2.00     3   4.4680
#          40       0.00000      9.01      2.00     3   4.4681
#          41       0.00000      9.15      2.00     3   4.4680
#          42       0.00000     14.31      4.00     3   4.4935
#          43       0.00000     44.99      2.00     2   4.5223
#          44       0.00000      9.91      4.00     3   4.5223
#          45       0.00000     14.07      4.00     3   4.5223
#          46       0.00000      9.02      4.00     3   4.5290
#          47       0.00000      9.63      4.00     3   4.5489
#          48       0.00000     13.67      4.00     3   4.5489
#          49       0.00000     14.53      4.00     3   4.5554
#          50       0.00000      9.70      4.00     3   4.5712
#          51       0.00000     12.98      4.00     3   4.5870
#          52       0.00000     12.97      4.00     3   4.5870
#          53       0.00000     43.21      2.00     2   4.5949
#          54       0.00000      5.82      1.00     4   4.6551
#          55       0.00000      8.19      4.00     3   4.6633
#          56       0.00000     11.94      4.00     3   4.6631
#          57       0.00000      9.83      4.00     3   4.6711
#          58       0.00000     66.54      2.00     2   4.7030
#          59       0.00000      8.09      4.00     3   4.7153
#          60       0.00000      6.07      2.00     3   4.7283
#          61       0.00000     20.43      4.00     3   4.7389
#          62       0.00000     19.29      8.00     3   4.7395
#          63       0.00000     17.85      4.00     3   4.7442
#          64       0.00000     38.86      2.00     2   4.7883
#          65       0.00000     19.43      1.00     2   4.7886
#          66       0.00000     96.89      4.00     3   4.7883
#          67       0.00000     10.28      2.00     4   4.7883
#          68       0.00000     79.11      2.00     4   4.7883
#          69       0.00000     20.11      4.00     3   4.7932
#          70       0.00000      5.48      4.00     4   4.8444
#          71       0.00000      5.44      4.00     4   4.8552
#          72       0.00000     36.49      4.00     3   4.8891
#          73       0.00000     18.15      4.00     3   4.8894
#          74       0.00000     26.73      4.00     4   4.9111
#          75       0.00000      5.08      4.00     4   4.9111
#          76       0.00000      4.57      1.00     4   4.9220
#          77       0.00000      4.72      4.00     4   4.9438
#          78       0.00000      4.89      4.00     4   4.9438
#          80       0.00000     11.18      4.00     3   4.9876
#          82       0.00000     10.86      4.00     3   5.0065
#          83       0.00000     56.69      2.00     2   5.0102
#          84       0.00000     69.05      4.00     2   5.0102
#          85       0.00000     12.60      4.00     3   5.0288
#          86       0.00000      8.30      2.00     4   5.0338
#          87       0.00000     53.54      4.00     3   5.0384
#          88       0.00000     53.32      4.00     3   5.0384
#          89       0.00000     10.50      4.00     3   5.0593
#          90       0.00000     13.43      4.00     3   5.0600
#          91       0.00000     33.53      2.00     2   5.0660
#          93       0.00000     23.19      2.00     4   5.0666
#          94       0.00000     23.04      2.00     4   5.0666
#          95       0.00000      4.21      4.00     4   5.0666
#          96       0.00000      7.86      2.00     4   5.0994
#          97       0.00000     32.70      2.00     2   5.1141
#          98       0.00000     32.65      2.00     2   5.1173
#          99       0.00000     16.58      4.00     3   5.1184
#         100       0.00000     16.70      4.00     3   5.1195
#         101       0.00000      9.47      4.00     3   5.1225
#         102       0.00000     16.39      4.00     3   5.1225
#         103       0.00000     24.17      4.00     3   5.1408
#         104       0.00000     27.74      4.00     3   5.1754
#         105       0.00000      8.11      4.00     3   5.1805
#         106       0.00000     22.23      4.00     3   5.1964
#         107       0.00000     15.86      4.00     4   5.2154
#         108       0.00000      4.53      2.00     4   5.2156
#         109       0.00000     30.94      2.00     2   5.2216
#         110       0.00000      7.63      4.00     3   5.2343
#         112       0.00000     16.79      4.00     3   5.2796
#         113       0.00000     10.04      4.00     3   5.2827
#         114       0.00000      9.18      4.00     3   5.3138
#         115       0.00000      6.50      2.00     4   5.3315
#         116       0.00000     24.09      1.00     2   5.3352
#         117       0.00000     22.50      2.00     3   5.3387
#         118       0.00000     48.14      2.00     3   5.3387
#         119       0.00000     11.69      4.00     3   5.3394
#         120       0.00000     15.19      2.00     4   5.3422
#         121       0.00000     31.21      1.00     4   5.3422
#         122       0.00000      4.27      4.00     4   5.3467
#         123       0.00000     23.29      1.00     2   5.4042
#         124       0.00000     21.23      2.00     3   5.4089
#         125       0.00000     44.60      2.00     3   5.4089
#         126       0.00000     11.46      4.00     3   5.4102
#         127       0.00000     13.97      2.00     4   5.4136
#         128       0.00000     27.61      1.00     4   5.4136
#         129       0.00000     13.47      4.00     3   5.4163
#         130       0.00000     23.72      4.00     3   5.5096
#         131       0.00000     26.37      2.00     2   5.5403
#         132       0.00000     26.20      2.00     2   5.5534
#         133       0.00000     26.01      2.00     2   5.5683
#         134       0.00000     25.60      2.00     2   5.6004
#         136       0.00000     21.54      4.00     3   5.6255
#         137       0.00000     33.62      4.00     3   5.7765
#         138       0.00000     31.97      4.00     3   5.8160
#         139       0.00000     23.25      4.00     3   5.8484
#         140       0.00000     11.28      1.00     2   5.8638
#         141       0.00000     38.10      2.00     3   5.8845
#         142       0.00000     20.98      4.00     3   5.8894
#         143       0.00000      4.68      1.00     4   5.9052
#         144       0.00000     30.17      1.00     4   5.9052
#         145       0.00000      4.42      2.00     4   5.9052
#         146       0.00000     12.48      2.00     4   5.9847
#         147       0.00000     10.59      1.00     2   5.9973
#         148       0.00000     21.09      2.00     2   6.0056
#         149       0.00000     10.00      4.00     3   6.0052
#         150       0.00000     21.08      2.00     2   6.0067
#         151       0.00000     37.81      2.00     3   6.0133
#         152       0.00000     20.88      2.00     2   6.0272
#         153       0.00000      4.33      1.00     4   6.0294
#         154       0.00000     31.90      1.00     4   6.0294
#         156       0.00000     11.42      2.00     4   6.0315
#         157       0.00000     20.71      2.00     2   6.0453
#         158       0.00000     20.57      2.00     2   6.0593
#         159       0.00000     20.55      2.00     2   6.0612
#         160       0.00000      7.39      4.00     3   6.0635
#         161       0.00000     40.88      4.00     2   6.0734
#         162       0.00000     12.27      4.00     3   6.0976
#         163       0.00000     13.61      4.00     3   6.1237
#         164       0.00000     13.20      4.00     3   6.1237
#         165       0.00000      5.35      2.00     4   6.1565
#         166       0.00000      8.50      4.00     3   6.1696
#         168       0.00000      9.07      4.00     3   6.1972
#         169       0.00000      8.99      4.00     3   6.1972
#         170       0.00000      4.59      4.00     4   6.2021
#         172       0.00000     19.24      2.00     2   6.2048
#         173       0.00000      7.20      4.00     3   6.2097
#         174       0.00000      8.26      4.00     3   6.2106
#         175       0.00000      7.02      4.00     3   6.2106
#         176       0.00000     19.06      2.00     2   6.2249
#         177       0.00000      4.34      2.00     4   6.2255
#         179       0.00000      7.73      4.00     3   6.2684
#         180       0.00000      7.41      4.00     3   6.2689
#         181       0.00000      7.74      4.00     3   6.2744
#         182       0.00000      6.53      4.00     3   6.2744
#         183       0.00000      7.65      4.00     3   6.2777
#         184       0.00000      6.65      4.00     3   6.2777
#         185       0.00000      7.54      4.00     3   6.2839
#         186       0.00000     10.47      4.00     3   6.2954
#         187       0.00000     18.33      2.00     2   6.3109
#         188       0.00000     36.62      4.00     2   6.3136
#         189       0.00000      9.37      4.00     3   6.3224
#         190       0.00000      6.50      4.00     3   6.3228
#         191       0.00000      8.83      4.00     3   6.3233
#         192       0.00000      5.29      4.00     3   6.3313
#         193       0.00000      5.80      4.00     3   6.3313
#         194       0.00000      5.82      4.00     3   6.3387
#         195       0.00000      6.63      4.00     3   6.3387
#         196       0.00000      6.12      4.00     3   6.3496
#         197       0.00000      4.95      4.00     3   6.3519
#         198       0.00000      5.46      4.00     3   6.3520
#         199       0.00000      9.41      4.00     3   6.3532
#         200       0.00000      7.79      4.00     3   6.3532
#         202       0.00000      5.06      4.00     3   6.3604
#         203       0.00000     14.48      4.00     3   6.3725
#         204       0.00000      5.28      4.00     3   6.3783
#         205       0.00000      5.75      4.00     3   6.3783
#         206       0.00000      6.84      4.00     3   6.3851
#         207       0.00000      7.22      4.00     3   6.3851
#         208       0.00000      4.97      4.00     3   6.3966
#         209       0.00000      4.48      4.00     3   6.4002
#         210       0.00000      4.84      4.00     3   6.4002
#         211       0.00000      4.71      4.00     3   6.4051
#         214       0.00000      8.55      4.00     3   6.4402
#         216       0.00000      8.34      4.00     3   6.4464
#         217       0.00000     17.22      2.00     2   6.4499
#         218       0.00000      4.37      4.00     3   6.4529
#         220       0.00000      6.76      4.00     3   6.4650
#         221       0.00000      6.91      4.00     3   6.4650
#         222       0.00000      4.10      4.00     3   6.4702
#         225       0.00000     19.26      4.00     3   6.4893
#         228       0.00000     16.81      2.00     2   6.5042
#         230       0.00000      6.33      2.00     4   6.5288
#         233       0.00000      5.62      4.00     3   6.5581
#         235       0.00000     11.61      4.00     3   6.5643
#         236       0.00000     13.58      4.00     3   6.5643
#         237       0.00000      5.10      4.00     3   6.5730
#         238       0.00000      5.65      4.00     3   6.5730
#         239       0.00000      5.59      4.00     3   6.5804
#         240       0.00000      5.24      4.00     3   6.5804
#   218/ 229 paths used
#  xsedge+50, used to normalize mu           2.9155E-04
#  -----------------------------------------------------------------------
#  omega    e    k    mu    mu0     chi     @#
    7719.310    -17.858   0.000  1.11792E-01  3.08125E-01 -3.60794E-01
    7719.319    -17.849   0.050  1.17913E-01  3.13117E-01 -3.58077E-01
    7719.348    -17.820   0.100  1.24206E-01  3.18109E-01 -3.55056E-01
    7719.395    -17.772   0.150  1.43536E-01  3.32977E-01 -3.45024E-01
    7719.462    -17.706   0.200  1.64225E-01  3.47846E-01 -3.32636E-01
    7719.548    -17.620   0.250  1.97996E-01  3.70856E-01 -3.10405E-01
    7719.653    -17.515   0.300  2.34592E-01  3.93867E-01 -2.83530E-01
    7719.776    -17.391   0.350  2.79887E-01  4.20296E-01 -2.47012E-01
    7719.919    -17.249   0.400  3.28355E-01  4.46724E-01 -2.05824E-01
    7720.081    -17.087   0.450  3.77806E-01  4.71651E-01 -1.60834E-01
    7720.262    -16.906   0.500  4.28750E-01  4.96577E-01 -1.14599E-01
    7720.462    -16.706   0.550  4.73187E-01  5.18276E-01 -7.49247E-02
    7720.681    -16.487   0.600  5.15671E-01  5.39974E-01 -3.97301E-02
    7720.919    -16.248   0.650  5.45316E-01  5.59024E-01 -2.20047E-02
    7721.177    -15.991   0.700  5.68851E-01  5.78074E-01 -1.45433E-02
    7721.453    -15.715   0.750  5.77369E-01  5.95473E-01 -2.80019E-02
    7721.748    -15.420   0.800  5.79903E-01  6.12873E-01 -5.00380E-02
    7722.062    -15.105   0.850  5.85885E-01  6.29309E-01 -6.46105E-02
    7722.396    -14.772   0.900  5.92984E-01  6.45746E-01 -7.69905E-02
    7722.748    -14.420   0.950  5.91988E-01  6.61588E-01 -9.95577E-02
    7723.120    -14.048   1.000  5.79215E-01  6.77430E-01 -1.37771E-01
    7723.510    -13.658   1.050  5.54421E-01  6.92778E-01 -1.90327E-01
    7723.920    -13.248   1.100  5.25221E-01  7.08127E-01 -2.46834E-01
    7724.348    -12.819   1.150  4.97661E-01  7.22974E-01 -2.98413E-01
    7724.796    -12.372   1.200  4.74504E-01  7.37821E-01 -3.42386E-01
    7725.263    -11.905   1.250  4.59000E-01  7.52048E-01 -3.74358E-01
    7725.749    -11.419   1.300  4.54007E-01  7.66275E-01 -3.92031E-01
    7726.253    -10.914   1.350  4.59668E-01  7.79751E-01 -3.95323E-01
    7726.777    -10.391   1.400  4.78586E-01  7.93228E-01 -3.82398E-01
    7727.320     -9.848   1.450  5.08665E-01  8.05784E-01 -3.55785E-01
    7727.882     -9.286   1.500  5.50875E-01  8.18341E-01 -3.15630E-01
    7728.463     -8.705   1.550  6.01811E-01  8.29857E-01 -2.65584E-01
    7729.063     -8.105   1.600  6.60672E-01  8.41372E-01 -2.07724E-01
    7729.682     -7.485   1.650  7.24004E-01  8.51721E-01 -1.45143E-01
    7730.321     -6.847   1.700  7.90119E-01  8.62069E-01 -8.08448E-02
    7730.978     -6.190   1.750  8.56466E-01  8.71177E-01 -1.63700E-02
    7731.654     -5.514   1.800  9.20983E-01  8.80285E-01  4.48528E-02
    7732.349     -4.818   1.850  9.81579E-01  8.88096E-01  1.02207E-01
    7733.064     -4.104   1.900  1.03566E+00  8.95907E-01  1.51583E-01
    7733.797     -3.371   1.950  1.08066E+00  9.02355E-01  1.92185E-01
    7734.550     -2.618   2.000  1.11391E+00  9.08804E-01  2.19690E-01
    7735.321     -1.847   2.050  1.13410E+00  9.13350E-01  2.35485E-01
    7736.112     -1.056   2.100  1.13816E+00  9.17896E-01  2.34023E-01
    7736.921     -0.246   2.150  1.12586E+00  9.22442E-01  2.15257E-01
    7737.750      0.582   2.200  1.09892E+00  9.26989E-01  1.81214E-01
    7738.598      1.430   2.250  1.05450E+00  9.28528E-01  1.32735E-01
    7739.465      2.297   2.300  1.00263E+00  9.30068E-01  7.64468E-02
    7740.350      3.183   2.350  9.51352E-01  9.31607E-01  2.07959E-02
    7741.255      4.087   2.400  9.07748E-01  9.33147E-01 -2.67459E-02
    7742.179      5.011   2.450  8.80150E-01  9.38125E-01 -6.09340E-02
    7743.122      5.954   2.500  8.66305E-01  9.43104E-01 -8.05669E-02
    7744.084      6.916   2.550  8.66299E-01  9.48083E-01 -8.56352E-02
    7745.065      7.897   2.600  8.77094E-01  9.53062E-01 -7.93955E-02
    7746.065      8.897   2.650  8.88863E-01  9.57141E-01 -7.11213E-02
    7747.085      9.917   2.700  9.05038E-01  9.61221E-01 -5.83278E-02
    7748.123     10.955   2.750  9.22599E-01  9.65301E-01 -4.41844E-02
    7749.180     12.012   2.800  9.39338E-01  9.69380E-01 -3.09825E-02
    7750.256     13.088   2.850  9.51347E-01  9.71726E-01 -2.09628E-02
    7751.352     14.184   2.900  9.61558E-01  9.74073E-01 -1.28390E-02
    7752.466     15.298   2.950  9.70423E-01  9.76419E-01 -6.13527E-03
    7753.600     16.432   3.000  9.78952E-01  9.78765E-01  1.90611E-04
    7754.752     17.584   3.050  9.85569E-01  9.80494E-01  5.16799E-03
    7755.924     18.756   3.100  9.93837E-01  9.82224E-01  1.18031E-02
    7757.114     19.946   3.150  1.00433E+00  9.83953E-01  2.06670E-02
    7758.324     21.156   3.200  1.01688E+00  9.85682E-01  3.15747E-02
    7759.553     22.385   3.250  1.02840E+00  9.86376E-01  4.24561E-02
    7760.800     23.633   3.300  1.04056E+00  9.87069E-01  5.39515E-02
    7762.067     24.899   3.350  1.05192E+00  9.87762E-01  6.45964E-02
    7763.353     26.185   3.400  1.06093E+00  9.88456E-01  7.28405E-02
    7764.658     27.490   3.450  1.06677E+00  9.89183E-01  7.78851E-02
    7765.982     28.814   3.500  1.06812E+00  9.89909E-01  7.84248E-02
    7767.325     30.157   3.550  1.06438E+00  9.90636E-01  7.38603E-02
    7768.687     31.519   3.600  1.05544E+00  9.91363E-01  6.41102E-02
    7770.068     32.900   3.650  1.04110E+00  9.91540E-01  4.95247E-02
    7771.468     34.301   3.700  1.02278E+00  9.91716E-01  3.10099E-02
    7772.888     35.720   3.750  1.00156E+00  9.91892E-01  9.63932E-03
    7774.326     37.158   3.800  9.78683E-01  9.92069E-01 -1.33306E-02
    7775.783     38.615   3.850  9.55843E-01  9.92631E-01 -3.66013E-02
    7777.260     40.092   3.900  9.34426E-01  9.93193E-01 -5.84128E-02
    7778.755     41.587   3.950  9.16005E-01  9.93756E-01 -7.72066E-02
    7780.270     43.102   4.000  9.01973E-01  9.94318E-01 -9.16098E-02
    7781.803     44.635   4.050  8.93833E-01  9.94701E-01 -9.99642E-02
    7783.356     46.188   4.100  8.92210E-01  9.95084E-01 -1.01850E-01
    7784.927     47.759   4.150  8.97334E-01  9.95467E-01 -9.70591E-02
    7786.518     49.350   4.200  9.08798E-01  9.95850E-01 -8.60136E-02
    7788.128     50.960   4.250  9.26116E-01  9.96381E-01 -6.93656E-02
    7789.756     52.588   4.300  9.47085E-01  9.96912E-01 -4.91466E-02
    7791.404     54.236   4.350  9.69661E-01  9.97443E-01 -2.73790E-02
    7793.071     55.903   4.400  9.91553E-01  9.97974E-01 -6.32229E-03
    7794.757     57.589   4.450  1.01089E+00  9.98561E-01  1.21269E-02
    7796.462     59.294   4.500  1.02587E+00  9.99147E-01  2.62727E-02
    7798.186     61.018   4.550  1.03572E+00  9.99734E-01  3.53612E-02
    7799.929     62.761   4.600  1.04049E+00  1.00032E+00  3.94401E-02
    7801.691     64.523   4.650  1.04054E+00  1.00067E+00  3.91235E-02
    7803.472     66.304   4.700  1.03756E+00  1.00103E+00  3.58290E-02
    7805.273     68.105   4.750  1.03314E+00  1.00138E+00  3.11403E-02
    7807.092     69.924   4.800  1.02882E+00  1.00174E+00  2.65419E-02
    7808.930     71.762   4.850  1.02544E+00  1.00199E+00  2.29711E-02
    7810.787     73.620   4.900  1.02394E+00  1.00225E+00  2.12440E-02
    7812.664     75.496   4.950  1.02441E+00  1.00250E+00  2.14547E-02
    7814.559     77.391   5.000  1.02652E+00  1.00276E+00  2.32631E-02
    7816.474     79.306   5.050  1.02920E+00  1.00278E+00  2.58669E-02
    7818.407     81.240   5.100  1.03228E+00  1.00281E+00  2.88593E-02
    7820.360     83.192   5.150  1.03523E+00  1.00283E+00  3.17226E-02
    7822.332     85.164   5.200  1.03768E+00  1.00286E+00  3.41006E-02
    7824.322     87.155   5.250  1.03898E+00  1.00262E+00  3.56198E-02
    7826.332     89.164   5.300  1.03937E+00  1.00238E+00  3.62469E-02
    7828.361     91.193   5.350  1.03843E+00  1.00214E+00  3.55765E-02
    7830.409     93.241   5.400  1.03550E+00  1.00190E+00  3.29485E-02
    7832.476     95.308   5.450  1.02949E+00  1.00143E+00  2.75375E-02
    7834.562     97.394   5.500  1.01978E+00  1.00095E+00  1.84878E-02
    7836.667     99.499   5.550  1.00574E+00  1.00047E+00  5.18014E-03
    7838.791    101.623   5.600  9.87413E-01  9.99992E-01 -1.23674E-02
    7840.934    103.766   5.650  9.65619E-01  9.99280E-01 -3.31212E-02
    7843.096    105.928   5.700  9.42575E-01  9.98568E-01 -5.51400E-02
    7845.277    108.109   5.750  9.21179E-01  9.97856E-01 -7.55697E-02
    7847.478    110.310   5.800  9.04774E-01  9.97144E-01 -9.11107E-02
    7849.697    112.529   5.850  8.96526E-01  9.96308E-01 -9.85222E-02
    7851.935    114.767   5.900  8.98641E-01  9.95472E-01 -9.57070E-02
    7854.193    117.025   5.950  9.11719E-01  9.94635E-01 -8.20396E-02
    7856.469    119.301   6.000  9.34467E-01  9.93799E-01 -5.87659E-02
    7858.765    121.597   6.050  9.63903E-01  9.92836E-01 -2.86896E-02
    7861.079    123.911   6.100  9.95313E-01  9.91873E-01  3.41480E-03
    7863.413    126.245   6.150  1.02378E+00  9.90910E-01  3.26676E-02
    7865.766    128.598   6.200  1.04496E+00  9.89947E-01  5.47388E-02
    7868.137    130.969   6.250  1.05598E+00  9.88984E-01  6.67383E-02
    7870.528    133.360   6.300  1.05599E+00  9.88021E-01  6.77907E-02
    7872.938    135.770   6.350  1.04630E+00  9.87058E-01  5.91542E-02
    7875.367    138.199   6.400  1.02997E+00  9.86095E-01  4.38590E-02
    7877.815    140.647   6.450  1.01107E+00  9.85132E-01  2.59601E-02
    7880.282    143.114   6.500  9.93742E-01  9.84169E-01  9.59247E-03
    7882.768    145.600   6.550  9.81412E-01  9.83248E-01 -1.84283E-03
    7885.273    148.105   6.600  9.75964E-01  9.82328E-01 -6.39130E-03
    7887.797    150.629   6.650  9.77312E-01  9.81407E-01 -4.11799E-03
    7890.340    153.172   6.700  9.83737E-01  9.80486E-01  3.27321E-03
    7892.902    155.734   6.750  9.92471E-01  9.79565E-01  1.30090E-02
    7895.483    158.316   6.800  1.00046E+00  9.78644E-01  2.20129E-02
    7898.084    160.916   6.850  1.00510E+00  9.77723E-01  2.76624E-02
    7900.703    163.535   6.900  1.00483E+00  9.76802E-01  2.83522E-02
    7903.342    166.174   6.950  9.99331E-01  9.75881E-01  2.37481E-02
    7905.999    168.831   7.000  9.89464E-01  9.74961E-01  1.47054E-02
    7908.676    171.508   7.050  9.77017E-01  9.74133E-01  2.92728E-03
    7911.371    174.203   7.100  9.63703E-01  9.73305E-01 -9.75963E-03
    7914.086    176.918   7.150  9.51383E-01  9.72478E-01 -2.14662E-02
    7916.819    179.651   7.200  9.41462E-01  9.71650E-01 -3.07558E-02
    7919.572    182.404   7.250  9.34717E-01  9.70823E-01 -3.68289E-02
    7922.344    185.176   7.300  9.31299E-01  9.69995E-01 -3.95181E-02
    7925.135    187.967   7.350  9.30893E-01  9.69167E-01 -3.91348E-02
    7927.945    190.777   7.400  9.32938E-01  9.68340E-01 -3.62413E-02
    7930.773    193.606   7.450  9.36848E-01  9.67512E-01 -3.14296E-02
    7933.621    196.453   7.500  9.42153E-01  9.66685E-01 -2.51743E-02
    7936.488    199.320   7.550  9.48511E-01  9.65794E-01 -1.77593E-02
    7939.374    202.207   7.600  9.55857E-01  9.64903E-01 -9.30734E-03
    7942.280    205.112   7.650  9.63888E-01  9.64012E-01 -1.27626E-04
    7945.204    208.036   7.700  9.72120E-01  9.63121E-01  9.28423E-03
    7948.147    210.979   7.750  9.79858E-01  9.62230E-01  1.82123E-02
    7951.109    213.941   7.800  9.86258E-01  9.61339E-01  2.57796E-02
    7954.091    216.923   7.850  9.90460E-01  9.60448E-01  3.10903E-02
    7957.091    219.923   7.900  9.91769E-01  9.59557E-01  3.34139E-02
    7960.110    222.942   7.950  9.89821E-01  9.58667E-01  3.23622E-02
    7963.149    225.981   8.000  9.84701E-01  9.57776E-01  2.80074E-02
    7966.206    229.038   8.050  9.76700E-01  9.56759E-01  2.07717E-02
    7969.283    232.115   8.100  9.67097E-01  9.55741E-01  1.18456E-02
    7972.378    235.211   8.150  9.57189E-01  9.54724E-01  2.57461E-03
    7975.493    238.325   8.200  9.48268E-01  9.53707E-01 -5.69036E-03
    7978.627    241.459   8.250  9.41385E-01  9.52690E-01 -1.18436E-02
    7981.780    244.612   8.300  9.37164E-01  9.51673E-01 -1.52224E-02
    7984.951    247.783   8.350  9.35704E-01  9.50656E-01 -1.57087E-02
    7988.142    250.974   8.400  9.36605E-01  9.49639E-01 -1.37133E-02
    7991.352    254.184   8.450  9.39086E-01  9.48621E-01 -1.00477E-02
    7994.581    257.413   8.500  9.42187E-01  9.47604E-01 -5.71688E-03
    7997.829    260.661   8.550  9.44947E-01  9.46524E-01 -1.66688E-03
    8001.096    263.928   8.600  9.46644E-01  9.45444E-01  1.26941E-03
    8004.382    267.214   8.650  9.46952E-01  9.44364E-01  2.74127E-03
    8007.687    270.520   8.700  9.45941E-01  9.43284E-01  2.81808E-03
    8011.012    273.844   8.750  9.43992E-01  9.42204E-01  1.89902E-03
    8014.355    277.187   8.800  9.41638E-01  9.41124E-01  5.47013E-04
    8017.717    280.549   8.850  9.39389E-01  9.40044E-01 -6.97152E-04
    8021.099    283.931   8.900  9.37591E-01  9.38963E-01 -1.46313E-03
    8024.499    287.331   8.950  9.36364E-01  9.37883E-01 -1.62186E-03
    8027.918    290.751   9.000  9.35616E-01  9.36803E-01 -1.26855E-03
    8031.357    294.189   9.050  9.35198E-01  9.35739E-01 -5.79000E-04
    8034.815    297.647   9.100  9.34834E-01  9.34674E-01  1.70872E-04
    8038.291    301.123   9.150  9.34290E-01  9.33610E-01  7.29423E-04
    8041.787    304.619   9.200  9.33441E-01  9.32546E-01  9.61349E-04
    8045.302    308.134   9.250  9.32280E-01  9.31481E-01  8.58311E-04
    8048.835    311.667   9.300  9.30879E-01  9.30417E-01  4.96715E-04
    8052.388    315.220   9.350  9.29324E-01  9.29352E-01 -3.01213E-05
    8055.960    318.792   9.400  9.27667E-01  9.28288E-01 -6.69086E-04
    8059.551    322.383   9.450  9.25903E-01  9.27224E-01 -1.42440E-03
    8063.161    325.993   9.500  9.24005E-01  9.26159E-01 -2.32566E-03
    8066.790    329.622   9.550  9.22132E-01  9.25192E-01 -3.30683E-03
    8070.438    333.270   9.600  9.20246E-01  9.24224E-01 -4.30376E-03
    8074.105    336.937   9.650  9.18530E-01  9.23257E-01 -5.11826E-03
    8077.791    340.623   9.700  9.17254E-01  9.22290E-01 -5.45687E-03
    8081.496    344.328   9.750  9.16706E-01  9.21322E-01 -5.00700E-03
    8085.221    348.053   9.800  9.17082E-01  9.20355E-01 -3.55318E-03
    8088.964    351.796   9.850  9.18382E-01  9.19387E-01 -1.09236E-03
    8092.726    355.558   9.900  9.20351E-01  9.18420E-01  2.10049E-03
    8096.508    359.340   9.950  9.22499E-01  9.17453E-01  5.49389E-03
    8100.308    363.140  10.000  9.24210E-01  9.16485E-01  8.41762E-03
    8104.128    366.960  10.050  9.24780E-01  9.15423E-01  1.02082E-02
    8107.966    370.798  10.100  9.24043E-01  9.14360E-01  1.05746E-02
    8111.824    374.656  10.150  9.22009E-01  9.13297E-01  9.52447E-03
    8115.701    378.533  10.200  9.19042E-01  9.12234E-01  7.45029E-03
    8119.596    382.428  10.250  9.15755E-01  9.11172E-01  5.02147E-03
    8123.511    386.343  10.300  9.12816E-01  9.10109E-01  2.96873E-03
    8127.445    390.277  10.350  9.10708E-01  9.09046E-01  1.82450E-03
    8131.398    394.230  10.400  9.09537E-01  9.07984E-01  1.70791E-03
    8135.370    398.202  10.450  9.08954E-01  9.06921E-01  2.23780E-03
    8139.361    402.193  10.500  9.08237E-01  9.05858E-01  2.62121E-03
    8143.371    406.203  10.550  9.06526E-01  9.04796E-01  1.90824E-03
    8147.400    410.232  10.600  9.03139E-01  9.03733E-01 -6.55637E-04
    8151.448    414.280  10.650  8.97884E-01  9.02670E-01 -5.29119E-03
    8155.515    418.347  10.700  8.91233E-01  9.01608E-01 -1.14806E-02
    8159.601    422.433  10.750  8.84312E-01  9.00545E-01 -1.79837E-02
    8163.706    426.538  10.800  8.78655E-01  8.99482E-01 -2.30992E-02
    8167.831    430.663  10.850  8.75801E-01  8.98419E-01 -2.51143E-02
    8171.974    434.806  10.900  8.76826E-01  8.97357E-01 -2.28219E-02
    8176.136    438.968  10.950  8.81962E-01  8.96294E-01 -1.59486E-02
    8180.318    443.150  11.000  8.90426E-01  8.95231E-01 -5.35391E-03
    8184.518    447.350  11.050  9.00323E-01  8.93998E-01  7.05539E-03
    8188.738    451.570  11.100  9.09656E-01  8.92765E-01  1.88685E-02
    8192.977    455.809  11.150  9.16191E-01  8.91532E-01  2.75836E-02
    8197.234    460.066  11.200  9.18247E-01  8.90299E-01  3.13060E-02
    8201.511    464.343  11.250  9.15146E-01  8.89066E-01  2.92537E-02
    8205.807    468.639  11.300  9.07402E-01  8.87832E-01  2.19805E-02
    8210.121    472.954  11.350  8.96597E-01  8.86599E-01  1.12449E-02
    8214.455    477.287  11.400  8.84973E-01  8.85366E-01 -4.42732E-04
    8218.808    481.640  11.450  8.74847E-01  8.84133E-01 -1.04722E-02
    8223.180    486.012  11.500  8.68024E-01  8.82900E-01 -1.68001E-02
    8227.571    490.403  11.550  8.65357E-01  8.81666E-01 -1.84443E-02
    8231.981    494.813  11.600  8.66593E-01  8.80433E-01 -1.56731E-02
    8236.410    499.242  11.650  8.70520E-01  8.79200E-01 -9.84295E-03
    8240.858    503.691  11.700  8.75372E-01  8.77967E-01 -2.94701E-03
    8245.326    508.158  11.750  8.79358E-01  8.76734E-01  2.98378E-03
    8249.812    512.644  11.800  8.81162E-01  8.75501E-01  6.44646E-03
    8254.317    517.149  11.850  8.80262E-01  8.74267E-01  6.83613E-03
    8258.842    521.674  11.900  8.76997E-01  8.73034E-01  4.52493E-03
    8263.385    526.217  11.950  8.72367E-01  8.71801E-01  6.47197E-04
    8267.947    530.780  12.000  8.67667E-01  8.70568E-01 -3.32227E-03
    8272.529    535.361  12.050  8.64066E-01  8.69323E-01 -6.02725E-03
    8277.130    539.962  12.100  8.62223E-01  8.68077E-01 -6.72316E-03
    8281.749    544.581  12.150  8.62186E-01  8.66832E-01 -5.34302E-03
    8286.388    549.220  12.200  8.63433E-01  8.65587E-01 -2.48045E-03
    8291.046    553.878  12.250  8.65099E-01  8.64342E-01  8.73316E-04
    8295.722    558.554  12.300  8.66296E-01  8.63096E-01  3.69502E-03
    8300.418    563.250  12.350  8.66407E-01  8.61851E-01  5.26822E-03
    8305.133    567.965  12.400  8.65255E-01  8.60606E-01  5.38365E-03
    8309.867    572.699  12.450  8.63107E-01  8.59361E-01  4.34432E-03
    8314.620    577.452  12.500  8.60517E-01  8.58115E-01  2.78925E-03
    8319.392    582.224  12.550  8.58084E-01  8.56870E-01  1.41231E-03
    8324.183    587.015  12.600  8.56213E-01  8.55625E-01  6.84891E-04
    8328.993    591.825  12.650  8.54967E-01  8.54380E-01  6.84554E-04
    8333.822    596.654  12.700  8.54066E-01  8.53134E-01  1.08852E-03
    8338.670    601.502  12.750  8.53025E-01  8.51889E-01  1.32891E-03
    8343.538    606.370  12.800  8.51367E-01  8.50644E-01  8.47040E-04
    8348.424    611.256  12.850  8.48844E-01  8.49399E-01 -6.51068E-04
    8353.329    616.161  12.900  8.45570E-01  8.48153E-01 -3.03552E-03
    8358.254    621.086  12.950  8.42020E-01  8.46908E-01 -5.75157E-03
    8363.197    626.029  13.000  8.38889E-01  8.45663E-01 -7.98138E-03
    8368.160    630.992  13.050  8.36782E-01  8.44349E-01 -8.92943E-03
    8373.141    635.973  13.100  8.36248E-01  8.43035E-01 -8.02173E-03
    8378.142    640.974  13.150  8.37305E-01  8.41721E-01 -5.22751E-03
    8383.161    645.994  13.200  8.39502E-01  8.40407E-01 -1.07280E-03
    8388.200    651.032  13.250  8.42037E-01  8.39093E-01  3.49562E-03
    8393.258    656.090  13.300  8.43990E-01  8.37779E-01  7.38739E-03
    8398.335    661.167  13.350  8.44605E-01  8.36465E-01  9.69684E-03
    8403.431    666.263  13.400  8.43511E-01  8.35151E-01  9.97441E-03
    8408.545    671.378  13.450  8.40826E-01  8.33837E-01  8.35227E-03
    8413.679    676.511  13.500  8.37105E-01  8.32524E-01  5.48378E-03
    8418.832    681.664  13.550  8.33143E-01  8.31210E-01  2.31854E-03
    8424.004    686.837  13.600  8.29720E-01  8.29896E-01 -2.11135E-04
    8429.196    692.028  13.650  8.27345E-01  8.28582E-01 -1.48801E-03
    8434.406    697.238  13.700  8.26110E-01  8.27268E-01 -1.39427E-03
    8439.635    702.467  13.750  8.25685E-01  8.25954E-01 -3.24118E-04
    8444.883    707.715  13.800  8.25447E-01  8.24640E-01  9.76036E-04
    8450.150    712.983  13.850  8.24716E-01  8.23326E-01  1.68271E-03
    8455.437    718.269  13.900  8.22995E-01  8.22012E-01  1.19164E-03
    8460.742    723.574  13.950  8.20151E-01  8.20698E-01 -6.64336E-04
    8466.067    728.899  14.000  8.16468E-01  8.19384E-01 -3.54739E-03
    8471.410    734.242  14.050  8.12501E-01  8.18010E-01 -6.71228E-03
    8476.773    739.605  14.100  8.09020E-01  8.16636E-01 -9.29564E-03
    8482.154    744.986  14.150  8.06671E-01  8.15262E-01 -1.05042E-02
    8487.555    750.387  14.200  8.05809E-01  8.13887E-01 -9.89504E-03
    8492.975    755.807  14.250  8.06392E-01  8.12513E-01 -7.50987E-03
    8498.413    761.246  14.300  8.08002E-01  8.11139E-01 -3.85542E-03
    8503.871    766.703  14.350  8.09974E-01  8.09765E-01  2.56862E-04
    8509.348    772.180  14.400  8.11598E-01  8.08391E-01  3.95520E-03
    8514.844    777.676  14.450  8.12322E-01  8.07017E-01  6.55432E-03
    8520.359    783.191  14.500  8.11887E-01  8.05643E-01  7.72737E-03
    8525.893    788.725  14.550  8.10362E-01  8.04268E-01  7.55425E-03
    8531.446    794.278  14.600  8.08081E-01  8.02894E-01  6.44135E-03
    8537.018    799.850  14.650  8.05499E-01  8.01520E-01  4.94975E-03
    8542.609    805.441  14.700  8.03032E-01  8.00146E-01  3.59601E-03
    8548.219    811.052  14.750  8.00930E-01  7.98772E-01  2.69391E-03
    8553.849    816.681  14.800  7.99225E-01  7.97398E-01  2.28559E-03
    8559.497    822.329  14.850  7.97761E-01  7.96024E-01  2.17659E-03
    8565.164    827.996  14.900  7.96285E-01  7.94649E-01  2.05216E-03
    8570.851    833.683  14.950  7.94568E-01  7.93275E-01  1.62550E-03
    8576.556    839.388  15.000  7.92506E-01  7.91901E-01  7.61555E-04
    8582.281    845.113  15.050  7.90124E-01  7.90524E-01 -5.04837E-04
    8588.024    850.856  15.100  7.87669E-01  7.89147E-01 -1.86819E-03
    8593.787    856.619  15.150  7.85413E-01  7.87770E-01 -2.98391E-03
    8599.569    862.401  15.200  7.83573E-01  7.86393E-01 -3.57606E-03
    8605.369    868.201  15.250  7.82222E-01  7.85016E-01 -3.54891E-03
    8611.189    874.021  15.300  7.81258E-01  7.83638E-01 -3.02992E-03
    8617.028    879.860  15.350  7.80436E-01  7.82261E-01 -2.32755E-03
    8622.886    885.718  15.400  7.79460E-01  7.80884E-01 -1.81891E-03
    8628.763    891.595  15.450  7.78095E-01  7.79507E-01 -1.80724E-03
    8634.658    897.491  15.500  7.76258E-01  7.78130E-01 -2.39992E-03
    8640.573    903.406  15.550  7.74066E-01  7.76753E-01 -3.45065E-03
    8646.508    909.340  15.600  7.71810E-01  7.75376E-01 -4.58729E-03
    8652.461    915.293  15.650  7.69873E-01  7.73999E-01 -5.31810E-03
    8658.433    921.265  15.700  7.68608E-01  7.72622E-01 -5.18341E-03
    8664.424    927.256  15.750  7.68226E-01  7.71245E-01 -3.90533E-03
    8670.434    933.266  15.800  7.68718E-01  7.69867E-01 -1.48935E-03
    8676.464    939.296  15.850  7.69840E-01  7.68490E-01  1.75257E-03
    8682.512    945.344  15.900  7.71160E-01  7.67113E-01  5.26405E-03
    8688.579    951.411  15.950  7.72161E-01  7.65736E-01  8.37287E-03
    8694.666    957.498  16.000  7.72363E-01  7.64359E-01  1.04499E-02
    8700.771    963.603  16.050  7.71364E-01  7.62933E-01  1.10283E-02
    8706.896    969.728  16.100  7.69144E-01  7.61507E-01  1.00094E-02
    8713.039    975.871  16.150  7.65848E-01  7.60081E-01  7.57271E-03
    8719.202    982.034  16.200  7.61808E-01  7.58654E-01  4.14938E-03
    8725.384    988.216  16.250  7.57475E-01  7.57228E-01  3.24863E-04
    8731.584    994.417  16.300  7.53319E-01  7.55802E-01 -3.27888E-03
    8737.804   1000.636  16.350  7.49754E-01  7.54376E-01 -6.11539E-03
    8744.043   1006.875  16.400  7.47066E-01  7.52950E-01 -7.80028E-03
    8750.301   1013.133  16.450  7.45379E-01  7.51524E-01 -8.16169E-03
    8756.578   1019.410  16.500  7.44648E-01  7.50097E-01 -7.25226E-03
    8762.874   1025.706  16.550  7.44677E-01  7.48671E-01 -5.32653E-03
    8769.189   1032.021  16.600  7.45157E-01  7.47245E-01 -2.79057E-03
    8775.523   1038.355  16.650  7.45720E-01  7.45819E-01 -1.31973E-04
    8781.876   1044.708  16.700  7.46004E-01  7.44393E-01  2.16097E-03
    8788.248   1051.081  16.750  7.45705E-01  7.42967E-01  3.68094E-03
    8794.640   1057.472  16.800  7.44639E-01  7.41540E-01  4.17271E-03
    8801.050   1063.882  16.850  7.42768E-01  7.40114E-01  3.58120E-03
    8807.479   1070.311  16.900  7.40216E-01  7.38688E-01  2.06556E-03
    8813.928   1076.760  16.950  7.37242E-01  7.37262E-01 -2.72367E-05
    8820.395   1083.227  17.000  7.34194E-01  7.35836E-01 -2.22823E-03
    8826.882   1089.714  17.050  7.31453E-01  7.34417E-01 -4.03158E-03
    8833.387   1096.219  17.100  7.29292E-01  7.32999E-01 -5.05232E-03
    8839.912   1102.744  17.150  7.27890E-01  7.31581E-01 -5.03875E-03
    8846.455   1109.288  17.200  7.27272E-01  7.30162E-01 -3.95435E-03
    8853.018   1115.850  17.250  7.27291E-01  7.28744E-01 -1.99177E-03
    8859.600   1122.432  17.300  7.27664E-01  7.27326E-01  4.64474E-04
    8866.201   1129.033  17.350  7.28030E-01  7.25908E-01  2.92056E-03
    8872.821   1135.653  17.400  7.28030E-01  7.24489E-01  4.88305E-03
    8879.459   1142.292  17.450  7.27391E-01  7.23071E-01  5.96983E-03
    8886.117   1148.950  17.500  7.25983E-01  7.21653E-01  5.99541E-03
    8892.794   1155.627  17.550  7.23846E-01  7.20234E-01  5.00979E-03
    8899.490   1162.323  17.600  7.21177E-01  7.18816E-01  3.28140E-03
    8906.206   1169.038  17.650  7.18280E-01  7.17398E-01  1.22931E-03
    8912.940   1175.772  17.700  7.15493E-01  7.15979E-01 -6.78392E-04
    8919.693   1182.525  17.750  7.13106E-01  7.14561E-01 -2.03469E-03
    8926.465   1189.297  17.800  7.11297E-01  7.13143E-01 -2.58611E-03
    8933.256   1196.089  17.850  7.10096E-01  7.11724E-01 -2.28641E-03
    8940.067   1202.899  17.900  7.09382E-01  7.10306E-01 -1.30048E-03
    8946.896   1209.728  17.950  7.08916E-01  7.08888E-01  4.07086E-05
    8953.745   1216.577  18.000  7.08405E-01  7.07469E-01  1.32222E-03
    8960.612   1223.444  18.050  7.07549E-01  7.06036E-01  2.14200E-03
    8967.499   1230.331  18.100  7.06156E-01  7.04603E-01  2.20306E-03
    8974.404   1237.236  18.150  7.04156E-01  7.03170E-01  1.40207E-03
    8981.329   1244.161  18.200  7.01630E-01  7.01737E-01 -1.52741E-04
    8988.273   1251.105  18.250  6.98789E-01  7.00304E-01 -2.16186E-03
    8995.235   1258.067  18.300  6.95936E-01  6.98871E-01 -4.19762E-03
    9002.217   1265.049  18.350  6.93393E-01  6.97438E-01 -5.79727E-03
    9009.218   1272.050  18.400  6.91433E-01  6.96005E-01 -6.56635E-03
    9016.238   1279.070  18.450  6.90215E-01  6.94571E-01 -6.27039E-03
    9023.277   1286.109  18.500  6.89746E-01  6.93138E-01 -4.89406E-03
    9030.335   1293.167  18.550  6.89870E-01  6.91705E-01 -2.65283E-03
    9037.412   1300.244  18.600  6.90305E-01  6.90272E-01  4.77617E-05
    9044.508   1307.340  18.650  6.90698E-01  6.88839E-01  2.69871E-03
    9051.623   1314.455  18.700  6.90707E-01  6.87406E-01  4.80166E-03
    9058.757   1321.589  18.750  6.90078E-01  6.85973E-01  5.98405E-03
    9065.911   1328.743  18.800  6.88706E-01  6.84540E-01  6.08669E-03
    9073.083   1335.915  18.850  6.86659E-01  6.83107E-01  5.20007E-03
    9080.274   1343.106  18.900  6.84153E-01  6.81674E-01  3.63801E-03
    9087.485   1350.317  18.950  6.81501E-01  6.80241E-01  1.85326E-03
    9094.714   1357.546  19.000  6.79022E-01  6.78808E-01  3.16127E-04
    9101.963   1364.795  19.050  6.76964E-01  6.77382E-01 -6.17028E-04
    9109.230   1372.062  19.100  6.75431E-01  6.75957E-01 -7.78000E-04
    9116.517   1379.349  19.150  6.74365E-01  6.74532E-01 -2.47357E-04
    9123.822   1386.654  19.200  6.73563E-01  6.73106E-01  6.79277E-04
    9131.147   1393.979  19.250  6.72745E-01  6.71681E-01  1.58401E-03
    9138.491   1401.323  19.300  6.71633E-01  6.70256E-01  2.05577E-03
    9145.854   1408.686  19.350  6.70045E-01  6.68831E-01  1.81719E-03
    9153.235   1416.068  19.400  6.67946E-01  6.67405E-01  8.10945E-04
    9160.636   1423.468  19.450  6.65460E-01  6.65980E-01 -7.81302E-04
    9168.056   1430.888  19.500  6.62833E-01  6.64555E-01 -2.59309E-03
    9175.495   1438.327  19.550  6.60357E-01  6.63130E-01 -4.18372E-03
    9182.953   1445.785  19.600  6.58286E-01  6.61704E-01 -5.17032E-03
    9190.430   1453.262  19.650  6.56756E-01  6.60279E-01 -5.33958E-03
    9197.927   1460.759  19.700  6.55757E-01  6.58854E-01 -4.70407E-03
    9205.442   1468.274  19.750  6.55139E-01  6.57428E-01 -3.48591E-03
    9212.976   1475.808  19.800  6.54670E-01  6.56003E-01 -2.03463E-03
    9220.529   1483.361  19.850  6.54115E-01  6.54578E-01 -7.07538E-04
    9228.102   1490.934  19.900  6.53313E-01  6.53153E-01  2.46578E-04
    9235.693   1498.525  19.950  6.52223E-01  6.51727E-01  7.60980E-04
    9243.303   1506.136  20.000  6.50924E-01  6.50302E-01  9.57155E-04
