# # Once                                                         FEFF 9.6.4  
# # POT  SCF 100  6.0000   0, core-hole, AFOLP (folp(0)= 1.150)
# # Abs   Z=24 Rmt= 1.279 Rnm= 1.355 K  shell
# # Pot 1 Z=24 Rmt= 1.286 Rnm= 1.364
# # Pot 2 Z=31 Rmt= 1.447 Rnm= 1.472
# # Pot 3 Z= 6 Rmt= 1.011 Rnm= 1.099
# # Gam_ch=1.087E+00 H-L exch Vi= 0.000E+00 Vr= 0.000E+00
# # Mu=-1.436E+01 kf=2.289E+00 Vint=-2.611E+01 Rs_int= 1.585
# # PATH  Rmax= 8.000,  Keep_limit= 0.00, Heap_limit 0.00  Pwcrit= 2.50%
#  S02=1.000  Temp=   0.00  Debye_temp=   0.00  Global_sig2= 0.00000
#  Energy zero shift, vr, vi    0.00000E+00   0.00000E+00
#  Curved wave amplitude ratio filter   4.000%
#     file         sig2 tot  cw amp ratio   deg  nlegs   reff  inp sig2
#           1       0.00000    100.00      3.00     2   1.9685
#           2       0.00000     46.49      3.00     2   2.6544
#           3       0.00000     54.90      3.00     2   2.6923
#           4       0.00000     96.26      6.00     2   2.8725
#           5       0.00000     25.83     12.00     3   3.3147
#           6       0.00000     11.38      6.00     3   3.4048
#           7       0.00000     33.95     12.00     3   3.4048
#           8       0.00000     27.24      3.00     2   3.4823
#           9       0.00000     18.34      3.00     2   3.9112
#          10       0.00000     23.77      3.00     2   3.9370
#          11       0.00000     75.10      6.00     3   3.9370
#          12       0.00000     13.90      3.00     4   3.9370
#          13       0.00000     56.43      3.00     4   3.9370
#          14       0.00000     17.99      6.00     4   3.9370
#          15       0.00000     17.42      6.00     4   3.9370
#          17       0.00000      5.50      6.00     3   4.0716
#          18       0.00000     14.60      6.00     3   4.0716
#          19       0.00000      5.14     12.00     3   4.0839
#          20       0.00000      5.04     12.00     3   4.0907
#          21       0.00000     10.18     12.00     3   4.1286
#          22       0.00000      6.99      1.00     2   4.1451
#          23       0.00000      9.62     12.00     3   4.1617
#          24       0.00000     23.96     12.00     3   4.1617
#          25       0.00000     18.85     12.00     3   4.1617
#          26       0.00000      5.12      1.00     2   4.1934
#          27       0.00000      7.67     12.00     3   4.3088
#          28       0.00000     28.70      6.00     2   4.5142
#          29       0.00000      9.51      6.00     3   4.5928
#          30       0.00000      9.17      6.00     4   4.6229
#          31       0.00000      8.23     12.00     4   4.6608
#          32       0.00000     20.74     12.00     3   4.6776
#          33       0.00000     29.59     12.00     3   4.6776
#          34       0.00000     40.14     12.00     3   4.6776
#          35       0.00000      5.46     12.00     3   4.7191
#          36       0.00000      7.84     12.00     3   4.7509
#          37       0.00000      7.60     12.00     3   4.7509
#          38       0.00000      4.72     12.00     4   4.7509
#          39       0.00000      7.91     12.00     4   4.7509
#          40       0.00000     14.72     12.00     4   4.7509
#          41       0.00000     15.28     12.00     4   4.7509
#          42       0.00000      7.62     12.00     4   4.8411
#          43       0.00000     17.81     12.00     4   4.8411
#          45       0.00000     11.72      6.00     4   4.8411
#          46       0.00000      5.87      6.00     4   4.8411
#          47       0.00000     19.96      6.00     4   4.8411
#          49       0.00000      5.73     12.00     4   4.8411
#          50       0.00000     26.52     12.00     4   4.8411
#          51       0.00000     20.98      6.00     2   4.8527
#          52       0.00000     27.94      6.00     2   4.8736
#          53       0.00000     26.48      6.00     2   4.9754
#          54       0.00000     25.57      6.00     2   5.0431
#          55       0.00000     18.52      6.00     2   5.0829
#          56       0.00000     15.96     12.00     3   5.1622
#          57       0.00000     18.52     12.00     3   5.1622
#          58       0.00000      4.50     12.00     3   5.1760
#          59       0.00000      4.18     12.00     3   5.1899
#          60       0.00000      6.61     12.00     3   5.1899
#          62       0.00000      4.66     12.00     3   5.2099
#          63       0.00000     11.79     12.00     3   5.2099
#          64       0.00000      6.25     12.00     4   5.2099
#          65       0.00000     20.50     12.00     4   5.2099
#          66       0.00000      8.16      6.00     3   5.2131
#          67       0.00000      8.96      6.00     3   5.2131
#          68       0.00000      9.24      6.00     3   5.2131
#          69       0.00000      9.41     12.00     3   5.2148
#          70       0.00000     13.48     12.00     3   5.2148
#          71       0.00000      6.99     12.00     3   5.2192
#          72       0.00000     13.79     12.00     3   5.2192
#          73       0.00000     14.25     12.00     3   5.2192
#          74       0.00000      6.49     12.00     5   5.2832
#          75       0.00000     11.39     12.00     5   5.2832
#          76       0.00000      9.46     12.00     3   5.2981
#          77       0.00000      8.48     12.00     3   5.3444
#          80       0.00000      5.92     12.00     3   5.3603
#          81       0.00000     23.25     24.00     3   5.3603
#          82       0.00000     14.10     12.00     4   5.3733
#          84       0.00000      6.24     12.00     5   5.3733
#          85       0.00000     14.76     12.00     5   5.3733
#          86       0.00000     28.94     12.00     5   5.3733
#          89       0.00000      8.44     12.00     5   5.3733
#          91       0.00000      9.72     12.00     5   5.3733
#          93       0.00000      4.02      8.00     4   5.4300
#          94       0.00000      7.34     12.00     3   5.4345
#          98       0.00000      5.81      6.00     4   5.4508
#         100       0.00000      4.90     12.00     4   5.4508
#         103       0.00000      8.76      3.00     2   5.4633
#         105       0.00000      7.81     12.00     4   5.5078
#         107       0.00000      6.67     12.00     4   5.5078
#         108       0.00000      6.39     12.00     4   5.5078
#         111       0.00000      4.32     12.00     4   5.5980
#         112       0.00000      6.14     12.00     4   5.5980
#         114       0.00000      7.40     12.00     4   5.5980
#         115       0.00000      6.54     12.00     4   5.5980
#         117       0.00000      5.37     12.00     3   5.6356
#         118       0.00000     18.11      6.00     2   5.7451
#         119       0.00000     10.38      6.00     3   5.7451
#         120       0.00000     49.46     12.00     3   5.7451
#         121       0.00000     11.26      6.00     4   5.7451
#         122       0.00000      5.15      6.00     4   5.7451
#         124       0.00000     37.08      6.00     4   5.7451
#         125       0.00000      5.79     12.00     4   5.7451
#         128       0.00000      5.80      6.00     3   5.7884
#         129       0.00000      4.79     12.00     4   5.8416
#         132       0.00000      5.89      6.00     4   5.9055
#         134       0.00000      8.27      6.00     5   5.9055
#         135       0.00000      9.01      6.00     5   5.9055
#         136       0.00000     10.00      6.00     5   5.9055
#         137       0.00000      4.09     12.00     6   5.9055
#         139       0.00000     13.74      6.00     6   5.9055
#         140       0.00000      7.66     12.00     6   5.9055
#         141       0.00000      8.41      3.00     6   5.9055
#         142       0.00000      7.98     12.00     6   5.9055
#         143       0.00000      8.41     12.00     6   5.9055
#   113/ 135 paths used
#  xsedge+50, used to normalize mu           3.9070E-04
#  -----------------------------------------------------------------------
#  omega    e    k    mu    mu0     chi     @#
    5997.061    -14.350   0.050 -1.91482E-01  3.31946E-01 -8.60265E-01
    5997.090    -14.322   0.100 -1.75231E-01  3.39022E-01 -8.44190E-01
    5997.137    -14.274   0.150 -1.28093E-01  3.59648E-01 -7.97885E-01
    5997.204    -14.207   0.200 -8.06227E-02  3.80273E-01 -7.51359E-01
    5997.290    -14.122   0.250 -9.34348E-03  4.10149E-01 -6.79975E-01
    5997.394    -14.017   0.300  6.15390E-02  4.40025E-01 -6.10038E-01
    5997.518    -13.893   0.350  1.41579E-01  4.70213E-01 -5.25590E-01
    5997.661    -13.750   0.400  2.18456E-01  5.00401E-01 -4.47457E-01
    5997.823    -13.588   0.450  2.91482E-01  5.25169E-01 -3.67332E-01
    5998.004    -13.407   0.500  3.57161E-01  5.49936E-01 -3.00161E-01
    5998.204    -13.207   0.550  4.13335E-01  5.69423E-01 -2.40342E-01
    5998.423    -12.988   0.600  4.58894E-01  5.88911E-01 -1.98002E-01
    5998.661    -12.750   0.650  4.94298E-01  6.05006E-01 -1.66509E-01
    5998.918    -12.493   0.700  5.18381E-01  6.21100E-01 -1.52605E-01
    5999.195    -12.217   0.750  5.33932E-01  6.35307E-01 -1.48594E-01
    5999.490    -11.921   0.800  5.39837E-01  6.49514E-01 -1.58640E-01
    5999.804    -11.607   0.850  5.39083E-01  6.62722E-01 -1.76322E-01
    6000.138    -11.274   0.900  5.31766E-01  6.75929E-01 -2.02744E-01
    6000.490    -10.921   0.950  5.19174E-01  6.88594E-01 -2.34820E-01
    6000.862    -10.550   1.000  5.03573E-01  7.01260E-01 -2.70092E-01
    6001.252    -10.159   1.050  4.84070E-01  7.13598E-01 -3.09024E-01
    6001.662     -9.750   1.100  4.64944E-01  7.25936E-01 -3.46338E-01
    6002.090     -9.321   1.150  4.44260E-01  7.38003E-01 -3.84155E-01
    6002.538     -8.873   1.200  4.26646E-01  7.50069E-01 -4.16935E-01
    6003.005     -8.407   1.250  4.10941E-01  7.61837E-01 -4.45957E-01
    6003.490     -7.921   1.300  4.00985E-01  7.73604E-01 -4.66965E-01
    6003.995     -7.416   1.350  3.97242E-01  7.85008E-01 -4.79336E-01
    6004.519     -6.892   1.400  4.02319E-01  7.96412E-01 -4.80618E-01
    6005.062     -6.349   1.450  4.17783E-01  8.07354E-01 -4.68984E-01
    6005.624     -5.787   1.500  4.44932E-01  8.18297E-01 -4.43758E-01
    6006.205     -5.206   1.550  4.85803E-01  8.28669E-01 -4.02605E-01
    6006.805     -4.606   1.600  5.39926E-01  8.39041E-01 -3.47054E-01
    6007.424     -3.987   1.650  6.08808E-01  8.48742E-01 -2.75309E-01
    6008.062     -3.349   1.700  6.89615E-01  8.58443E-01 -1.91601E-01
    6008.720     -2.692   1.750  7.81757E-01  8.67369E-01 -9.61917E-02
    6009.396     -2.015   1.800  8.79650E-01  8.76295E-01  3.73212E-03
    6010.091     -1.320   1.850  9.80174E-01  8.84360E-01  1.05652E-01
    6010.806     -0.606   1.900  1.07541E+00  8.92425E-01  2.00015E-01
    6011.539      0.128   1.950  1.16008E+00  8.99514E-01  2.82638E-01
    6012.291      0.880   2.000  1.22618E+00  9.06603E-01  3.44034E-01
    6013.063      1.652   2.050  1.26861E+00  9.12222E-01  3.81454E-01
    6013.854      2.442   2.100  1.28231E+00  9.17840E-01  3.87869E-01
    6014.663      3.252   2.150  1.26696E+00  9.23459E-01  3.63475E-01
    6015.492      4.081   2.200  1.22584E+00  9.29077E-01  3.12239E-01
    6016.340      4.928   2.250  1.16398E+00  9.32488E-01  2.42793E-01
    6017.206      5.795   2.300  1.09070E+00  9.35899E-01  1.61847E-01
    6018.092      6.681   2.350  1.01628E+00  9.39309E-01  8.02229E-02
    6018.997      7.586   2.400  9.50939E-01  9.42720E-01  8.53990E-03
    6019.921      8.510   2.450  8.97614E-01  9.43045E-01 -4.72194E-02
    6020.864      9.453   2.500  8.70468E-01  9.43370E-01 -7.57974E-02
    6021.826     10.415   2.550  8.70493E-01  9.43694E-01 -7.61357E-02
    6022.807     11.396   2.600  8.93907E-01  9.44019E-01 -5.21389E-02
    6023.807     12.396   2.650  9.37443E-01  9.46738E-01 -9.65093E-03
    6024.826     13.415   2.700  9.85656E-01  9.49458E-01  3.75066E-02
    6025.865     14.453   2.750  1.02930E+00  9.52177E-01  7.97438E-02
    6026.922     15.511   2.800  1.06217E+00  9.54897E-01  1.10696E-01
    6027.998     16.587   2.850  1.08572E+00  9.58720E-01  1.30532E-01
    6029.094     17.682   2.900  1.09797E+00  9.62544E-01  1.38645E-01
    6030.208     18.797   2.950  1.09937E+00  9.66367E-01  1.35629E-01
    6031.341     19.930   3.000  1.09197E+00  9.70191E-01  1.23693E-01
    6032.494     21.083   3.050  1.07914E+00  9.72213E-01  1.08361E-01
    6033.665     22.254   3.100  1.06262E+00  9.74236E-01  8.93699E-02
    6034.856     23.445   3.150  1.04473E+00  9.76258E-01  6.90769E-02
    6036.066     24.655   3.200  1.02718E+00  9.78281E-01  4.92201E-02
    6037.294     25.883   3.250  1.01023E+00  9.79218E-01  3.11842E-02
    6038.542     27.131   3.300  9.93386E-01  9.80155E-01  1.32874E-02
    6039.809     28.398   3.350  9.75925E-01  9.81093E-01 -5.18400E-03
    6041.095     29.684   3.400  9.57061E-01  9.82030E-01 -2.50193E-02
    6042.400     30.989   3.450  9.36035E-01  9.82223E-01 -4.62571E-02
    6043.724     32.313   3.500  9.12873E-01  9.82416E-01 -6.96112E-02
    6045.067     33.656   3.550  8.87402E-01  9.82609E-01 -9.52503E-02
    6046.429     35.018   3.600  8.60791E-01  9.82802E-01 -1.22004E-01
    6047.810     36.399   3.650  8.36127E-01  9.82468E-01 -1.46352E-01
    6049.210     37.799   3.700  8.15672E-01  9.82134E-01 -1.66497E-01
    6050.629     39.218   3.750  8.01578E-01  9.81800E-01 -1.80284E-01
    6052.068     40.656   3.800  7.95655E-01  9.81466E-01 -1.85900E-01
    6053.525     42.114   3.850  8.00030E-01  9.80933E-01 -1.81057E-01
    6055.001     43.590   3.900  8.14361E-01  9.80400E-01 -1.66244E-01
    6056.497     45.086   3.950  8.38109E-01  9.79867E-01 -1.41987E-01
    6058.011     46.600   4.000  8.70002E-01  9.79334E-01 -1.09550E-01
    6059.545     48.134   4.050  9.08256E-01  9.78724E-01 -7.06352E-02
    6061.097     49.686   4.100  9.49921E-01  9.78113E-01 -2.82695E-02
    6062.669     51.258   4.150  9.92390E-01  9.77503E-01  1.49339E-02
    6064.260     52.848   4.200  1.03295E+00  9.76892E-01  5.62497E-02
    6065.869     54.458   4.250  1.06884E+00  9.76403E-01  9.28015E-02
    6067.498     56.087   4.300  1.09768E+00  9.75913E-01  1.22291E-01
    6069.146     57.735   4.350  1.11742E+00  9.75423E-01  1.42668E-01
    6070.813     59.402   4.400  1.12659E+00  9.74934E-01  1.52431E-01
    6072.499     61.087   4.450  1.12426E+00  9.74533E-01  1.50524E-01
    6074.204     62.792   4.500  1.11096E+00  9.74133E-01  1.37597E-01
    6075.928     64.516   4.550  1.08831E+00  9.73733E-01  1.15249E-01
    6077.671     66.260   4.600  1.05898E+00  9.73332E-01  8.61769E-02
    6079.433     68.022   4.650  1.02631E+00  9.73032E-01  5.36242E-02
    6081.214     69.803   4.700  9.94535E-01  9.72731E-01  2.19528E-02
    6083.014     71.603   4.750  9.67428E-01  9.72430E-01 -5.03791E-03
    6084.834     73.422   4.800  9.47884E-01  9.72130E-01 -2.44273E-02
    6086.672     75.261   4.850  9.37771E-01  9.71904E-01 -3.44005E-02
    6088.529     77.118   4.900  9.36748E-01  9.71679E-01 -3.52162E-02
    6090.406     78.994   4.950  9.42825E-01  9.71453E-01 -2.88716E-02
    6092.301     80.890   5.000  9.52747E-01  9.71228E-01 -1.86448E-02
    6094.216     82.804   5.050  9.63076E-01  9.71021E-01 -8.01854E-03
    6096.149     84.738   5.100  9.69672E-01  9.70813E-01 -1.15258E-03
    6098.102     86.691   5.150  9.70127E-01  9.70606E-01 -4.83892E-04
    6100.074     88.662   5.200  9.63833E-01  9.70398E-01 -6.63565E-03
    6102.064     90.653   5.250  9.51859E-01  9.70073E-01 -1.84214E-02
    6104.074     92.663   5.300  9.37426E-01  9.69747E-01 -3.27110E-02
    6106.103     94.692   5.350  9.24653E-01  9.69421E-01 -4.53382E-02
    6108.151     96.739   5.400  9.17600E-01  9.69096E-01 -5.21846E-02
    6110.218     98.806   5.450  9.19021E-01  9.68704E-01 -5.03912E-02
    6112.304    100.892   5.500  9.30231E-01  9.68313E-01 -3.86575E-02
    6114.409    102.997   5.550  9.49923E-01  9.67922E-01 -1.82866E-02
    6116.533    105.121   5.600  9.74636E-01  9.67531E-01  7.22542E-03
    6118.676    107.265   5.650  9.99138E-01  9.66900E-01  3.28187E-02
    6120.838    109.427   5.700  1.01853E+00  9.66268E-01  5.32646E-02
    6123.019    111.608   5.750  1.02856E+00  9.65637E-01  6.41997E-02
    6125.219    113.808   5.800  1.02697E+00  9.65006E-01  6.32928E-02
    6127.439    116.027   5.850  1.01365E+00  9.64120E-01  5.06630E-02
    6129.677    118.266   5.900  9.92003E-01  9.63233E-01  2.94701E-02
    6131.934    120.523   5.950  9.66883E-01  9.62347E-01  4.65294E-03
    6134.211    122.800   6.000  9.43861E-01  9.61460E-01 -1.80779E-02
    6136.506    125.095   6.050  9.27576E-01  9.60296E-01 -3.36691E-02
    6138.821    127.410   6.100  9.21660E-01  9.59132E-01 -3.86266E-02
    6141.155    129.743   6.150  9.26534E-01  9.57968E-01 -3.24592E-02
    6143.507    132.096   6.200  9.39881E-01  9.56803E-01 -1.75058E-02
    6145.879    134.468   6.250  9.57240E-01  9.55639E-01  1.65837E-03
    6148.270    136.859   6.300  9.73130E-01  9.54475E-01  1.93662E-02
    6150.680    139.268   6.350  9.82417E-01  9.53311E-01  3.02694E-02
    6153.108    141.697   6.400  9.81585E-01  9.52147E-01  3.06687E-02
    6155.556    144.145   6.450  9.69608E-01  9.50982E-01  1.94387E-02
    6158.023    146.612   6.500  9.48217E-01  9.49818E-01 -1.67425E-03
    6160.509    149.098   6.550  9.21114E-01  9.48436E-01 -2.86204E-02
    6163.014    151.603   6.600  8.94535E-01  9.47054E-01 -5.51214E-02
    6165.539    154.127   6.650  8.74186E-01  9.45672E-01 -7.51736E-02
    6168.082    156.670   6.700  8.64483E-01  9.44290E-01 -8.40872E-02
    6170.644    159.233   6.750  8.67581E-01  9.42908E-01 -7.95208E-02
    6173.225    161.814   6.800  8.82969E-01  9.41526E-01 -6.19376E-02
    6175.826    164.414   6.850  9.07684E-01  9.40143E-01 -3.44007E-02
    6178.445    167.034   6.900  9.37075E-01  9.38761E-01 -1.79090E-03
    6181.083    169.672   6.950  9.65889E-01  9.37379E-01  3.03336E-02
    6183.741    172.330   7.000  9.89412E-01  9.35997E-01  5.69427E-02
    6186.417    175.006   7.050  1.00482E+00  9.34787E-01  7.47776E-02
    6189.113    177.702   7.100  1.01023E+00  9.33576E-01  8.19677E-02
    6191.827    180.416   7.150  1.00625E+00  9.32366E-01  7.91253E-02
    6194.561    183.150   7.200  9.95020E-01  9.31156E-01  6.85028E-02
    6197.314    185.903   7.250  9.79481E-01  9.29945E-01  5.32159E-02
    6200.086    188.674   7.300  9.62559E-01  9.28735E-01  3.63930E-02
    6202.876    191.465   7.350  9.46528E-01  9.27524E-01  2.04785E-02
    6205.686    194.275   7.400  9.32665E-01  9.26314E-01  6.85444E-03
    6208.515    197.104   7.450  9.21250E-01  9.25104E-01 -4.16522E-03
    6211.363    199.952   7.500  9.11866E-01  9.23893E-01 -1.30219E-02
    6214.230    202.819   7.550  9.03859E-01  9.22888E-01 -2.06227E-02
    6217.116    205.705   7.600  8.96689E-01  9.21883E-01 -2.73309E-02
    6220.021    208.610   7.650  8.90396E-01  9.20878E-01 -3.31004E-02
    6222.945    211.534   7.700  8.85557E-01  9.19873E-01 -3.73014E-02
    6225.889    214.477   7.750  8.83081E-01  9.18868E-01 -3.89391E-02
    6228.851    217.440   7.800  8.83830E-01  9.17863E-01 -3.70680E-02
    6231.832    220.421   7.850  8.88188E-01  9.16858E-01 -3.12582E-02
    6234.833    223.421   7.900  8.95745E-01  9.15853E-01 -2.19448E-02
    6237.852    226.441   7.950  9.05215E-01  9.14848E-01 -1.05236E-02
    6240.891    229.479   8.000  9.14636E-01  9.13843E-01  8.67277E-04
    6243.948    232.537   8.050  9.22167E-01  9.12965E-01  1.00705E-02
    6247.025    235.613   8.100  9.25617E-01  9.12088E-01  1.48193E-02
    6250.120    238.709   8.150  9.24004E-01  9.11210E-01  1.40245E-02
    6253.235    241.824   8.200  9.17576E-01  9.10333E-01  7.94604E-03
    6256.369    244.957   8.250  9.07828E-01  9.09455E-01 -1.78701E-03
    6259.521    248.110   8.300  8.97175E-01  9.08578E-01 -1.25299E-02
    6262.693    251.282   8.350  8.88362E-01  9.07700E-01 -2.12682E-02
    6265.884    254.473   8.400  8.83756E-01  9.06823E-01 -2.53888E-02
    6269.094    257.683   8.450  8.84730E-01  9.05946E-01 -2.33702E-02
    6272.323    260.912   8.500  8.91279E-01  9.05068E-01 -1.52018E-02
    6275.571    264.160   8.550  9.01662E-01  9.03964E-01 -2.54015E-03
    6278.838    267.427   8.600  9.13792E-01  9.02859E-01  1.20829E-02
    6282.124    270.713   8.650  9.24787E-01  9.01754E-01  2.54848E-02
    6285.429    274.018   8.700  9.32049E-01  9.00650E-01  3.47843E-02
    6288.753    277.342   8.750  9.33925E-01  8.99545E-01  3.81327E-02
    6292.097    280.685   8.800  9.30107E-01  8.98440E-01  3.51669E-02
    6295.459    284.048   8.850  9.21676E-01  8.97336E-01  2.70637E-02
    6298.840    287.429   8.900  9.10770E-01  8.96231E-01  1.61857E-02
    6302.241    290.830   8.950  8.99987E-01  8.95126E-01  5.41750E-03
    6305.660    294.249   9.000  8.91671E-01  8.94022E-01 -2.62364E-03
    6309.099    297.688   9.050  8.87046E-01  8.92728E-01 -6.34961E-03
    6312.556    301.145   9.100  8.86617E-01  8.91435E-01 -5.39133E-03
    6316.033    304.622   9.150  8.89354E-01  8.90142E-01 -8.82574E-04
    6319.529    308.117   9.200  8.93278E-01  8.88849E-01  4.96987E-03
    6323.043    311.632   9.250  8.96051E-01  8.87556E-01  9.54639E-03
    6326.577    315.166   9.300  8.95672E-01  8.86262E-01  1.05879E-02
    6330.130    318.719   9.350  8.91063E-01  8.84969E-01  6.86697E-03
    6333.702    322.290   9.400  8.82409E-01  8.83676E-01 -1.42942E-03
    6337.293    325.881   9.450  8.71135E-01  8.82383E-01 -1.27100E-02
    6340.903    329.491   9.500  8.59544E-01  8.81090E-01 -2.43794E-02
    6344.532    333.120   9.550  8.50136E-01  8.79736E-01 -3.35430E-02
    6348.180    336.768   9.600  8.45126E-01  8.78382E-01 -3.77428E-02
    6351.847    340.436   9.650  8.45707E-01  8.77029E-01 -3.55995E-02
    6355.533    344.122   9.700  8.51773E-01  8.75675E-01 -2.72068E-02
    6359.238    347.827   9.750  8.61926E-01  8.74321E-01 -1.41297E-02
    6362.962    351.551   9.800  8.73822E-01  8.72968E-01  9.75646E-04
    6366.706    355.294   9.850  8.84747E-01  8.71614E-01  1.50151E-02
    6370.468    359.057   9.900  8.92276E-01  8.70260E-01  2.52089E-02
    6374.249    362.838   9.950  8.94846E-01  8.68907E-01  2.97462E-02
    6378.050    366.639  10.000  8.92086E-01  8.67553E-01  2.81765E-02
    6381.869    370.458  10.050  8.84841E-01  8.66248E-01  2.13848E-02
    6385.708    374.297  10.100  8.74869E-01  8.64942E-01  1.14345E-02
    6389.566    378.154  10.150  8.64442E-01  8.63637E-01  9.28911E-04
    6393.442    382.031  10.200  8.55717E-01  8.62331E-01 -7.64135E-03
    6397.338    385.927  10.250  8.50228E-01  8.61026E-01 -1.24920E-02
    6401.253    389.841  10.300  8.48570E-01  8.59720E-01 -1.29188E-02
    6405.187    393.775  10.350  8.50340E-01  8.58415E-01 -9.36946E-03
    6409.139    397.728  10.400  8.54339E-01  8.57109E-01 -3.21866E-03
    6413.111    401.700  10.450  8.58959E-01  8.55804E-01  3.67214E-03
    6417.102    405.691  10.500  8.62629E-01  8.54498E-01  9.47600E-03
    6421.112    409.701  10.550  8.64209E-01  8.53193E-01  1.28570E-02
    6425.141    413.730  10.600  8.63220E-01  8.51887E-01  1.32458E-02
    6429.189    417.778  10.650  8.59875E-01  8.50582E-01  1.08784E-02
    6433.257    421.845  10.700  8.54916E-01  8.49276E-01  6.61153E-03
    6437.343    425.932  10.750  8.49328E-01  8.47971E-01  1.59283E-03
    6441.448    430.037  10.800  8.44026E-01  8.46666E-01 -3.10348E-03
    6445.572    434.161  10.850  8.39617E-01  8.45360E-01 -6.76270E-03
    6449.716    438.304  10.900  8.36288E-01  8.44055E-01 -9.15937E-03
    6453.878    442.467  10.950  8.33853E-01  8.42749E-01 -1.05065E-02
    6458.060    446.648  11.000  8.31925E-01  8.41444E-01 -1.12590E-02
    6462.260    450.849  11.050  8.29963E-01  8.40046E-01 -1.19463E-02
    6466.480    455.068  11.100  8.28007E-01  8.38647E-01 -1.26286E-02
    6470.718    459.307  11.150  8.26228E-01  8.37249E-01 -1.31029E-02
    6474.976    463.565  11.200  8.25074E-01  8.35851E-01 -1.28342E-02
    6479.253    467.841  11.250  8.25116E-01  8.34453E-01 -1.11384E-02
    6483.548    472.137  11.300  8.26817E-01  8.33055E-01 -7.45462E-03
    6487.863    476.452  11.350  8.30306E-01  8.31657E-01 -1.61696E-03
    6492.197    480.786  11.400  8.35237E-01  8.30259E-01  5.96918E-03
    6496.550    485.139  11.450  8.40777E-01  8.28861E-01  1.43128E-02
    6500.922    489.511  11.500  8.45751E-01  8.27463E-01  2.20048E-02
    6505.313    493.902  11.550  8.48906E-01  8.26065E-01  2.75299E-02
    6509.723    498.312  11.600  8.49217E-01  8.24667E-01  2.96414E-02
    6514.152    502.741  11.650  8.46166E-01  8.23269E-01  2.76933E-02
    6518.600    507.189  11.700  8.39891E-01  8.21871E-01  2.18334E-02
    6523.067    511.656  11.750  8.31184E-01  8.20472E-01  1.30004E-02
    6527.554    516.142  11.800  8.21310E-01  8.19074E-01  2.71765E-03
    6532.059    520.648  11.850  8.11715E-01  8.17676E-01 -7.26037E-03
    6536.583    525.172  11.900  8.03692E-01  8.16278E-01 -1.53561E-02
    6541.127    529.716  11.950  7.98090E-01  8.14880E-01 -2.05207E-02
    6545.689    534.278  12.000  7.95157E-01  8.13482E-01 -2.24364E-02
    6550.271    538.860  12.050  7.94326E-01  8.11942E-01 -2.16096E-02
    6554.871    543.460  12.100  7.95050E-01  8.10401E-01 -1.88679E-02
    6559.491    548.080  12.150  7.96370E-01  8.08861E-01 -1.53816E-02
    6564.130    552.718  12.200  7.97440E-01  8.07321E-01 -1.21911E-02
    6568.787    557.376  12.250  7.97765E-01  8.05780E-01 -9.90855E-03
    6573.464    562.053  12.300  7.97322E-01  8.04240E-01 -8.56850E-03
    6578.160    566.749  12.350  7.96519E-01  8.02700E-01 -7.67016E-03
    6582.875    571.463  12.400  7.96018E-01  8.01159E-01 -6.39345E-03
    6587.609    576.197  12.450  7.96472E-01  7.99619E-01 -3.92068E-03
    6592.362    580.950  12.500  7.98268E-01  7.98079E-01  2.36252E-04
    6597.134    585.722  12.550  8.01340E-01  7.96538E-01  6.00530E-03
    6601.925    590.513  12.600  8.05127E-01  7.94998E-01  1.26940E-02
    6606.735    595.323  12.650  8.08687E-01  7.93458E-01  1.91234E-02
    6611.564    600.153  12.700  8.10932E-01  7.91917E-01  2.39231E-02
    6616.412    605.001  12.750  8.10927E-01  7.90377E-01  2.59054E-02
    6621.279    609.868  12.800  8.08163E-01  7.88837E-01  2.44118E-02
    6626.166    614.754  12.850  8.02728E-01  7.87296E-01  1.95312E-02
    6631.071    619.660  12.900  7.95316E-01  7.85756E-01  1.21240E-02
    6635.995    624.584  12.950  7.87078E-01  7.84216E-01  3.63741E-03
    6640.939    629.528  13.000  7.79345E-01  7.82675E-01 -4.23994E-03
    6645.901    634.490  13.050  7.73343E-01  7.81179E-01 -9.99587E-03
    6650.883    639.472  13.100  7.69750E-01  7.79683E-01 -1.26955E-02
    6655.884    644.472  13.150  7.68693E-01  7.78187E-01 -1.21579E-02
    6660.903    649.492  13.200  7.69661E-01  7.76691E-01 -9.02053E-03
    6665.942    654.531  13.250  7.71648E-01  7.75195E-01 -4.56030E-03
    6671.000    659.588  13.300  7.73429E-01  7.73699E-01 -3.47026E-04
    6676.076    664.665  13.350  7.73889E-01  7.72202E-01  2.17674E-03
    6681.172    669.761  13.400  7.72314E-01  7.70706E-01  2.07872E-03
    6686.287    674.876  13.450  7.68579E-01  7.69210E-01 -8.18127E-04
    6691.421    680.010  13.500  7.63176E-01  7.67714E-01 -5.89126E-03
    6696.574    685.163  13.550  7.57083E-01  7.66218E-01 -1.18830E-02
    6701.746    690.335  13.600  7.51505E-01  7.64722E-01 -1.72269E-02
    6706.937    695.526  13.650  7.47569E-01  7.63226E-01 -2.04472E-02
    6712.147    700.736  13.700  7.46044E-01  7.61729E-01 -2.05265E-02
    6717.377    705.965  13.750  7.47155E-01  7.60233E-01 -1.71489E-02
    6722.625    711.214  13.800  7.50547E-01  7.58737E-01 -1.07610E-02
    6727.892    716.481  13.850  7.55385E-01  7.57241E-01 -2.44381E-03
    6733.179    721.767  13.900  7.60567E-01  7.55745E-01  6.36123E-03
    6738.484    727.073  13.950  7.64988E-01  7.54249E-01  1.41951E-02
    6743.808    732.397  14.000  7.67779E-01  7.52753E-01  1.99009E-02
    6749.152    737.741  14.050  7.68460E-01  7.51182E-01  2.29320E-02
    6754.514    743.103  14.100  7.67017E-01  7.49611E-01  2.31519E-02
    6759.896    748.485  14.150  7.63798E-01  7.48041E-01  2.10037E-02
    6765.297    753.885  14.200  7.59383E-01  7.46470E-01  1.72499E-02
    6770.716    759.305  14.250  7.54409E-01  7.44899E-01  1.27313E-02
    6776.155    764.744  14.300  7.49402E-01  7.43329E-01  8.14796E-03
    6781.613    770.202  14.350  7.44674E-01  7.41758E-01  3.92117E-03
    6787.090    775.679  14.400  7.40310E-01  7.40187E-01  1.65733E-04
    6792.586    781.174  14.450  7.36222E-01  7.38616E-01 -3.23297E-03
    6798.101    786.689  14.500  7.32262E-01  7.37046E-01 -6.47400E-03
    6803.635    792.223  14.550  7.28336E-01  7.35475E-01 -9.68308E-03
    6809.188    797.777  14.600  7.24490E-01  7.33904E-01 -1.27970E-02
    6814.760    803.349  14.650  7.20935E-01  7.32334E-01 -1.55290E-02
    6820.351    808.940  14.700  7.18000E-01  7.30763E-01 -1.74254E-02
    6825.961    814.550  14.750  7.16041E-01  7.29192E-01 -1.79955E-02
    6831.590    820.179  14.800  7.15320E-01  7.27622E-01 -1.68711E-02
    6837.239    825.828  14.850  7.15905E-01  7.26051E-01 -1.39455E-02
    6842.906    831.495  14.900  7.17622E-01  7.24480E-01 -9.44715E-03
    6848.593    837.181  14.950  7.20068E-01  7.22910E-01 -3.92277E-03
    6854.298    842.887  15.000  7.22688E-01  7.21339E-01  1.86691E-03
    6860.022    848.611  15.050  7.24915E-01  7.19734E-01  7.18576E-03
    6865.766    854.355  15.100  7.26232E-01  7.18128E-01  1.12648E-02
    6871.529    860.117  15.150  7.26330E-01  7.16523E-01  1.36639E-02
    6877.310    865.899  15.200  7.25152E-01  7.14917E-01  1.42919E-02
    6883.111    871.700  15.250  7.22879E-01  7.13312E-01  1.33899E-02
    6888.931    877.519  15.300  7.19856E-01  7.11706E-01  1.14322E-02
    6894.770    883.358  15.350  7.16485E-01  7.10101E-01  8.97655E-03
    6900.627    889.216  15.400  7.13116E-01  7.08496E-01  6.51107E-03
    6906.504    895.093  15.450  7.09963E-01  7.06890E-01  4.34042E-03
    6912.400    900.989  15.500  7.07080E-01  7.05285E-01  2.54229E-03
    6918.315    906.904  15.550  7.04385E-01  7.03679E-01  1.00088E-03
    6924.249    912.838  15.600  7.01723E-01  7.02074E-01 -4.99591E-04
    6930.202    918.791  15.650  6.98956E-01  7.00468E-01 -2.15579E-03
    6936.175    924.763  15.700  6.96035E-01  6.98863E-01 -4.04188E-03
    6942.166    930.754  15.750  6.93030E-01  6.97258E-01 -6.05618E-03
    6948.176    936.765  15.800  6.90126E-01  6.95652E-01 -7.93496E-03
    6954.205    942.794  15.850  6.87565E-01  6.94047E-01 -9.32842E-03
    6960.254    948.842  15.900  6.85570E-01  6.92441E-01 -9.91337E-03
    6966.321    954.910  15.950  6.84263E-01  6.90836E-01 -9.50509E-03
    6972.407    960.996  16.000  6.83621E-01  6.89230E-01 -8.13085E-03
    6978.513    967.102  16.050  6.83456E-01  6.87654E-01 -6.09837E-03
    6984.638    973.226  16.100  6.83514E-01  6.86077E-01 -3.73220E-03
    6990.781    979.370  16.150  6.83489E-01  6.84500E-01 -1.47584E-03
    6996.944    985.533  16.200  6.83131E-01  6.82923E-01  3.04472E-04
    7003.125    991.714  16.250  6.82320E-01  6.81346E-01  1.42845E-03
    7009.326    997.915  16.300  6.81100E-01  6.79770E-01  1.95539E-03
    7015.546   1004.135  16.350  6.79661E-01  6.78193E-01  2.16389E-03
    7021.785   1010.374  16.400  6.78282E-01  6.76616E-01  2.46035E-03
    7028.043   1016.632  16.450  6.77228E-01  6.75039E-01  3.24130E-03
    7034.320   1022.908  16.500  6.76662E-01  6.73462E-01  4.74919E-03
    7040.616   1029.204  16.550  6.76568E-01  6.71885E-01  6.96519E-03
    7046.931   1035.520  16.600  6.76728E-01  6.70309E-01  9.57324E-03
    7053.265   1041.854  16.650  6.76767E-01  6.68732E-01  1.20104E-02
    7059.618   1048.207  16.700  6.76228E-01  6.67155E-01  1.35943E-02
    7065.990   1054.579  16.750  6.74697E-01  6.65578E-01  1.36962E-02
    7072.381   1060.970  16.800  6.71915E-01  6.64001E-01  1.19145E-02
    7078.792   1067.381  16.850  6.67859E-01  6.62425E-01  8.20209E-03
    7085.221   1073.810  16.900  6.62773E-01  6.60848E-01  2.91231E-03
    7091.670   1080.258  16.950  6.57127E-01  6.59271E-01 -3.25104E-03
    7098.137   1086.726  17.000  6.51532E-01  6.57694E-01 -9.36878E-03
    7104.623   1093.212  17.050  6.46593E-01  6.56110E-01 -1.45052E-02
    7111.129   1099.718  17.100  6.42847E-01  6.54526E-01 -1.78444E-02
    7117.654   1106.242  17.150  6.40579E-01  6.52942E-01 -1.89356E-02
    7124.197   1112.786  17.200  6.39808E-01  6.51358E-01 -1.77346E-02
    7130.760   1119.349  17.250  6.40297E-01  6.49774E-01 -1.45864E-02
    7137.342   1125.930  17.300  6.41628E-01  6.48190E-01 -1.01247E-02
    7143.942   1132.531  17.350  6.43297E-01  6.46605E-01 -5.11764E-03
    7150.562   1139.151  17.400  6.44826E-01  6.45021E-01 -3.02391E-04
    7157.201   1145.790  17.450  6.45851E-01  6.43437E-01  3.75293E-03
    7163.859   1152.448  17.500  6.46170E-01  6.41853E-01  6.72818E-03
    7170.536   1159.125  17.550  6.45747E-01  6.40269E-01  8.56011E-03
    7177.232   1165.821  17.600  6.44678E-01  6.38685E-01  9.38894E-03
    7183.947   1172.536  17.650  6.43128E-01  6.37101E-01  9.46614E-03
    7190.681   1179.270  17.700  6.41268E-01  6.35517E-01  9.05489E-03
    7197.435   1186.023  17.750  6.39224E-01  6.33933E-01  8.35270E-03
    7204.207   1192.796  17.800  6.37059E-01  6.32349E-01  7.45529E-03
    7210.998   1199.587  17.850  6.34777E-01  6.30764E-01  6.36626E-03
    7217.809   1206.397  17.900  6.32350E-01  6.29180E-01  5.04176E-03
    7224.638   1213.227  17.950  6.29759E-01  6.27596E-01  3.44963E-03
    7231.486   1220.075  18.000  6.27025E-01  6.26012E-01  1.61927E-03
    7238.354   1226.943  18.050  6.24253E-01  6.24451E-01 -3.17321E-04
    7245.240   1233.829  18.100  6.21523E-01  6.22890E-01 -2.19785E-03
    7252.146   1240.735  18.150  6.18957E-01  6.21329E-01 -3.82125E-03
    7259.071   1247.659  18.200  6.16663E-01  6.19768E-01 -5.01500E-03
    7266.014   1254.603  18.250  6.14695E-01  6.18207E-01 -5.68683E-03
    7272.977   1261.566  18.300  6.13041E-01  6.16647E-01 -5.85264E-03
    7279.959   1268.548  18.350  6.11626E-01  6.15086E-01 -5.62992E-03
    7286.960   1275.549  18.400  6.10339E-01  6.13525E-01 -5.19729E-03
    7293.980   1282.568  18.450  6.09071E-01  6.11964E-01 -4.73249E-03
    7301.019   1289.607  18.500  6.07751E-01  6.10403E-01 -4.34906E-03
    7308.077   1296.665  18.550  6.06377E-01  6.08842E-01 -4.05316E-03
    7315.154   1303.742  18.600  6.05015E-01  6.07281E-01 -3.73629E-03
    7322.250   1310.838  18.650  6.03779E-01  6.05720E-01 -3.20887E-03
    7329.365   1317.954  18.700  6.02791E-01  6.04159E-01 -2.26640E-03
    7336.499   1325.088  18.750  6.02135E-01  6.02598E-01 -7.69165E-04
    7343.652   1332.241  18.800  6.01811E-01  6.01037E-01  1.28897E-03
    7350.825   1339.413  18.850  6.01719E-01  5.99476E-01  3.74532E-03
    7358.016   1346.605  18.900  6.01666E-01  5.97915E-01  6.28026E-03
    7365.226   1353.815  18.950  6.01403E-01  5.96354E-01  8.47651E-03
    7372.456   1361.045  19.000  6.00682E-01  5.94794E-01  9.91225E-03
    7379.704   1368.293  19.050  5.99357E-01  5.93273E-01  1.02695E-02
    7386.972   1375.561  19.100  5.97309E-01  5.91752E-01  9.40438E-03
    7394.258   1382.847  19.150  5.94591E-01  5.90231E-01  7.39728E-03
    7401.564   1390.153  19.200  5.91380E-01  5.88710E-01  4.54135E-03
    7408.889   1397.478  19.250  5.87940E-01  5.87189E-01  1.28060E-03
    7416.233   1404.821  19.300  5.84564E-01  5.85668E-01 -1.88850E-03
    7423.595   1412.184  19.350  5.81507E-01  5.84147E-01 -4.52595E-03
    7430.977   1419.566  19.400  5.78938E-01  5.82627E-01 -6.33966E-03
    7438.378   1426.967  19.450  5.76907E-01  5.81106E-01 -7.23584E-03
    7445.798   1434.387  19.500  5.75350E-01  5.79585E-01 -7.31658E-03
    7453.237   1441.826  19.550  5.74123E-01  5.78064E-01 -6.82725E-03
    7460.695   1449.284  19.600  5.73048E-01  5.76543E-01 -6.07018E-03
    7468.172   1456.761  19.650  5.71973E-01  5.75022E-01 -5.30996E-03
    7475.668   1464.257  19.700  5.70811E-01  5.73501E-01 -4.69733E-03
    7483.183   1471.772  19.750  5.69563E-01  5.71981E-01 -4.23294E-03
    7490.718   1479.306  19.800  5.68306E-01  5.70460E-01 -3.78027E-03
    7498.271   1486.860  19.850  5.67165E-01  5.68939E-01 -3.12294E-03
    7505.843   1494.432  19.900  5.66257E-01  5.67418E-01 -2.04884E-03
    7513.435   1502.023  19.950  5.65651E-01  5.65897E-01 -4.36028E-04
    7521.045   1509.634  20.000  5.65326E-01  5.64376E-01  1.68515E-03
