# # Once                                                         FEFF 9.6.4  
# # POT  SCF 100  5.0000   0, core-hole, AFOLP (folp(0)= 1.150)
# # Abs   Z=25 Rmt= 1.265 Rnm= 1.346 K  shell
# # Pot 1 Z= 6 Rmt= 1.006 Rnm= 1.098
# # Pot 2 Z=31 Rmt= 1.481 Rnm= 1.501
# # Pot 3 Z=25 Rmt= 1.271 Rnm= 1.355
# # Gam_ch=1.193E+00 H-L exch Vi= 0.000E+00 Vr= 0.000E+00
# # Mu=-1.412E+01 kf=2.284E+00 Vint=-2.515E+01 Rs_int= 1.588
# # PATH  Rmax= 6.000,  Keep_limit= 0.00, Heap_limit 0.00  Pwcrit= 2.50%
#  S02=0.900  Temp=  20.00  Debye_temp= 600.00  Global_sig2= 0.00500
#  Energy zero shift, vr, vi    0.00000E+00   0.00000E+00
#  Curved wave amplitude ratio filter   4.000%
#     file         sig2 tot  cw amp ratio   deg  nlegs   reff  inp sig2
#           1       0.00969    100.00      1.00     2   1.9523
#           2       0.00969      6.63      2.00     2   1.9523
#           4       0.00701     44.91      2.00     2   2.6145
#           5       0.00684     33.29      1.00     2   2.7120
#           7       0.00712      4.72      2.00     2   2.9000
#           8       0.00712     94.78      4.00     2   2.9000
#           9       0.00871     30.46      4.00     3   3.2595
#          10       0.00871     13.05      4.00     3   3.2595
#          12       0.01339     10.87      4.00     3   3.4023
#          13       0.00848     35.58      4.00     3   3.4023
#          15       0.00848     13.14      4.00     3   3.4023
#          17       0.01116     11.63      1.00     2   3.4959
#          18       0.01116     15.17      2.00     2   3.4959
#          19       0.00718     21.19      1.00     2   3.9045
#          21       0.00718     63.60      2.00     3   3.9045
#          23       0.01441      6.36      4.00     4   3.9045
#          24       0.02375     12.83      1.00     4   3.9045
#          25       0.01363     14.30      2.00     4   3.9045
#          26       0.00718     49.05      1.00     4   3.9045
#          27       0.01514     15.27      2.00     4   3.9045
#          34       0.00695     11.84      2.00     2   3.9705
#          36       0.01041      4.45      2.00     3   4.0313
#          39       0.01041     10.12      4.00     3   4.0313
#          40       0.00731      8.34      4.00     3   4.0645
#          47       0.00718      4.91      4.00     3   4.1620
#          50       0.01262      9.51      4.00     3   4.1741
#          51       0.01021      6.01      4.00     3   4.1741
#          55       0.01262      6.95      4.00     3   4.1741
#          57       0.01021     10.86      4.00     3   4.1741
#          58       0.01021      9.06      4.00     3   4.1741
#          60       0.00739      6.89      4.00     3   4.3500
#          62       0.01098     21.17      2.00     2   4.5422
#          64       0.01098      7.00      2.00     2   4.5422
#          65       0.01304      6.64      4.00     4   4.5667
#          68       0.01072      8.06      2.00     3   4.6266
#          70       0.01081      6.27      2.00     4   4.6643
#          73       0.01079     18.85      4.00     3   4.6972
#          75       0.01138     38.42      4.00     3   4.6972
#          76       0.01138      5.91      4.00     3   4.6972
#          78       0.01079     19.51      4.00     3   4.6972
#          79       0.01079      6.85      4.00     3   4.6972
#          82       0.00735      7.07      4.00     3   4.7095
#          83       0.00735      7.03      4.00     3   4.7095
#          87       0.00735      6.07      4.00     4   4.7095
#          89       0.01515      4.93      4.00     4   4.7095
#          90       0.00735     11.79      4.00     4   4.7095
#          91       0.00735     11.76      4.00     4   4.7095
#          92       0.00735      6.06      4.00     4   4.7095
#         101       0.01119      6.57      4.00     4   4.8523
#         102       0.01081     16.49      4.00     4   4.8523
#         105       0.01339      4.74      4.00     4   4.8523
#         106       0.01315     20.88      2.00     4   4.8523
#         107       0.02663     11.64      2.00     4   4.8523
#         108       0.01081     20.50      4.00     4   4.8523
#         121       0.01119      4.12      2.00     4   4.8523
#         123       0.00711     15.37      2.00     2   4.8637
#         125       0.00711      6.70      2.00     2   4.8637
#         126       0.00688     15.43      2.00     2   4.9168
#         129       0.00710     16.50      2.00     2   5.0230
#         130       0.00710      7.70      4.00     2   5.0229
#         132       0.00688     11.04      2.00     2   5.0559
#         134       0.00799     13.47      4.00     3   5.1559
#         137       0.00799      9.69      4.00     3   5.1559
#         138       0.00799      5.48      4.00     3   5.1559
#         141       0.00711     14.26      2.00     2   5.1592
#         145       0.00721      4.57      4.00     3   5.1891
#         149       0.00721      6.78      4.00     3   5.1891
#         150       0.00721      4.27      4.00     3   5.1891
#         151       0.00721      7.45      4.00     3   5.1891
#         153       0.00693      6.37      4.00     3   5.1912
#         156       0.00693      6.97      4.00     3   5.1912
#         161       0.01007      9.64      4.00     3   5.1995
#         164       0.01007      4.43      4.00     4   5.1995
#         166       0.01007     18.71      4.00     4   5.1995
#         171       0.00945      4.06      4.00     5   5.2118
#         172       0.00945      9.29      4.00     5   5.2118
#         179       0.01432      8.36      2.00     3   5.2356
#         180       0.00776      8.55      2.00     3   5.2356
#         182       0.00776      6.24      2.00     3   5.2356
#         185       0.00701      4.18      4.00     3   5.2644
#         190       0.00758      8.06      4.00     3   5.2822
#         197       0.01086      6.10      4.00     3   5.3263
#         207       0.01129     12.35      4.00     4   5.3545
#         215       0.01399      5.25      4.00     5   5.3545
#         217       0.01002      5.32      4.00     5   5.3545
#         218       0.01129      4.26      4.00     5   5.3545
#         220       0.01827      7.06      4.00     5   5.3545
#         221       0.01002      7.66      4.00     5   5.3545
#         222       0.01129     25.87      4.00     5   5.3545
#         236       0.00723      4.01      4.00     3   5.4115
#         238       0.00723      4.80      8.00     3   5.4115
#         239       0.00723     12.33      8.00     3   5.4115
#         248       0.00996      4.09      1.00     4   5.4482
#         250       0.01097      5.65      2.00     4   5.4482
#         269       0.01080      5.44      4.00     3   5.4690
#         276       0.01149      6.32      4.00     4   5.4813
#         277       0.00813      5.37      4.00     4   5.4813
#         293       0.01099      5.54      2.00     2   5.5305
#         296       0.01496      6.37      4.00     4   5.6241
#         298       0.01164      5.85      4.00     4   5.6241
#         309       0.01044      4.62      4.00     3   5.6756
#         314       0.00715     16.70      4.00     2   5.8000
#         315       0.00715      8.99      4.00     3   5.8000
#         318       0.00715     40.31      8.00     3   5.8000
#         319       0.00715      8.62      4.00     4   5.8000
#         323       0.01350      4.13      4.00     4   5.8000
#         325       0.00715     28.53      4.00     4   5.8000
#         330       0.01406      4.85      2.00     4   5.8568
#         336       0.01406      7.14      2.00     5   5.8568
#         337       0.01406      7.92      2.00     5   5.8568
#         338       0.01406      8.62      2.00     5   5.8568
#         342       0.01188      5.30      4.00     6   5.8568
#         344       0.02694      6.93      4.00     6   5.8568
#         345       0.01406     11.91      2.00     6   5.8568
#         346       0.01188      7.97      4.00     6   5.8568
#         347       0.01406      7.29      1.00     6   5.8568
#         348       0.01188      7.42      4.00     6   5.8568
#   117/ 153 paths used
#  xsedge+50, used to normalize mu           3.5307E-04
#  -----------------------------------------------------------------------
#  omega    e    k    mu    mu0     chi     @#
    6545.567    -14.113   0.050  3.54727E-02  3.28059E-01 -4.91650E-01
    6545.595    -14.084   0.100  5.69224E-02  3.34451E-01 -4.65723E-01
    6545.643    -14.036   0.150  1.18097E-01  3.53117E-01 -3.92841E-01
    6545.709    -13.970   0.200  1.77789E-01  3.71785E-01 -3.22997E-01
    6545.795    -13.884   0.250  2.66143E-01  3.99496E-01 -2.20604E-01
    6545.900    -13.779   0.300  3.49709E-01  4.27207E-01 -1.27387E-01
    6546.024    -13.655   0.350  4.42925E-01  4.56522E-01 -2.21548E-02
    6546.167    -13.513   0.400  5.26316E-01  4.85836E-01  6.53912E-02
    6546.329    -13.351   0.450  6.02333E-01  5.10998E-01  1.45961E-01
    6546.510    -13.170   0.500  6.63517E-01  5.36161E-01  2.01371E-01
    6546.710    -12.970   0.550  7.09444E-01  5.56562E-01  2.38728E-01
    6546.929    -12.751   0.600  7.38171E-01  5.76962E-01  2.48640E-01
    6547.167    -12.512   0.650  7.51438E-01  5.94084E-01  2.39350E-01
    6547.424    -12.255   0.700  7.48473E-01  6.11205E-01  2.05956E-01
    6547.700    -11.979   0.750  7.33255E-01  6.26450E-01  1.57875E-01
    6547.995    -11.684   0.800  7.05719E-01  6.41694E-01  9.32573E-02
    6548.310    -11.369   0.850  6.70238E-01  6.55913E-01  2.05432E-02
    6548.643    -11.036   0.900  6.28151E-01  6.70132E-01 -5.92844E-02
    6548.996    -10.684   0.950  5.82457E-01  6.83775E-01 -1.40816E-01
    6549.367    -10.312   1.000  5.36458E-01  6.97419E-01 -2.20224E-01
    6549.758     -9.922   1.050  4.91208E-01  7.10688E-01 -2.95537E-01
    6550.167     -9.512   1.100  4.51509E-01  7.23956E-01 -3.61144E-01
    6550.596     -9.083   1.150  4.16762E-01  7.36893E-01 -4.17733E-01
    6551.043     -8.636   1.200  3.92101E-01  7.49830E-01 -4.59625E-01
    6551.510     -8.169   1.250  3.76156E-01  7.62377E-01 -4.88745E-01
    6551.996     -7.683   1.300  3.72979E-01  7.74924E-01 -5.01081E-01
    6552.501     -7.178   1.350  3.81118E-01  7.87010E-01 -4.98739E-01
    6553.025     -6.655   1.400  4.02853E-01  7.99096E-01 -4.79992E-01
    6553.568     -6.112   1.450  4.37219E-01  8.10600E-01 -4.46204E-01
    6554.130     -5.550   1.500  4.84245E-01  8.22103E-01 -3.98387E-01
    6554.711     -4.969   1.550  5.43377E-01  8.32911E-01 -3.37166E-01
    6555.311     -4.369   1.600  6.12607E-01  8.43718E-01 -2.65831E-01
    6555.930     -3.749   1.650  6.91187E-01  8.53711E-01 -1.84838E-01
    6556.568     -3.111   1.700  7.75310E-01  8.63703E-01 -9.94117E-02
    6557.225     -2.454   1.750  8.62997E-01  8.72784E-01 -1.08972E-02
    6557.901     -1.778   1.800  9.48942E-01  8.81865E-01  7.39481E-02
    6558.597     -1.082   1.850  1.02986E+00  8.89947E-01  1.52900E-01
    6559.311     -0.368   1.900  1.09986E+00  8.98029E-01  2.18673E-01
    6560.045      0.365   1.950  1.15488E+00  9.05008E-01  2.68740E-01
    6560.797      1.118   2.000  1.19060E+00  9.11987E-01  2.97482E-01
    6561.569      1.889   2.050  1.20359E+00  9.17356E-01  3.04000E-01
    6562.359      2.680   2.100  1.19408E+00  9.22726E-01  2.86670E-01
    6563.169      3.490   2.150  1.16459E+00  9.28096E-01  2.48531E-01
    6563.997      4.318   2.200  1.11998E+00  9.33465E-01  1.94987E-01
    6564.845      5.166   2.250  1.06362E+00  9.36450E-01  1.32610E-01
    6565.712      6.033   2.300  1.00516E+00  9.39434E-01  6.83639E-02
    6566.598      6.918   2.350  9.52757E-01  9.42418E-01  1.07260E-02
    6567.503      7.823   2.400  9.13420E-01  9.45403E-01 -3.30972E-02
    6568.427      8.747   2.450  8.87979E-01  9.45451E-01 -5.95302E-02
    6569.369      9.690   2.500  8.84824E-01  9.45498E-01 -6.29080E-02
    6570.332     10.652   2.550  9.01354E-01  9.45546E-01 -4.58623E-02
    6571.313     11.633   2.600  9.31529E-01  9.45594E-01 -1.46102E-02
    6572.313     12.633   2.650  9.71385E-01  9.48842E-01  2.33697E-02
    6573.332     13.653   2.700  1.00735E+00  9.52090E-01  5.71678E-02
    6574.370     14.691   2.750  1.03379E+00  9.55338E-01  8.09919E-02
    6575.427     15.748   2.800  1.04848E+00  9.58586E-01  9.26200E-02
    6576.504     16.824   2.850  1.05755E+00  9.62329E-01  9.77486E-02
    6577.599     17.920   2.900  1.05883E+00  9.66072E-01  9.48761E-02
    6578.713     19.034   2.950  1.05391E+00  9.69815E-01  8.57092E-02
    6579.847     20.168   3.000  1.04498E+00  9.73559E-01  7.25325E-02
    6580.999     21.320   3.050  1.03339E+00  9.75454E-01  5.87136E-02
    6582.171     22.492   3.100  1.02102E+00  9.77350E-01  4.41691E-02
    6583.362     23.682   3.150  1.00921E+00  9.79246E-01  3.02430E-02
    6584.571     24.892   3.200  9.98699E-01  9.81141E-01  1.76852E-02
    6585.800     26.121   3.250  9.89032E-01  9.82094E-01  6.98034E-03
    6587.048     27.369   3.300  9.80073E-01  9.83048E-01 -2.98925E-03
    6588.315     28.635   3.350  9.71263E-01  9.84001E-01 -1.27866E-02
    6589.601     29.921   3.400  9.62033E-01  9.84954E-01 -2.29820E-02
    6590.905     31.226   3.450  9.51424E-01  9.85133E-01 -3.37771E-02
    6592.229     32.550   3.500  9.39695E-01  9.85313E-01 -4.56806E-02
    6593.572     33.893   3.550  9.27149E-01  9.85493E-01 -5.83845E-02
    6594.934     35.255   3.600  9.14719E-01  9.85672E-01 -7.09563E-02
    6596.316     36.636   3.650  9.03372E-01  9.85485E-01 -8.21087E-02
    6597.716     38.037   3.700  8.94556E-01  9.85297E-01 -9.07276E-02
    6599.135     39.456   3.750  8.89419E-01  9.85109E-01 -9.56676E-02
    6600.573     40.894   3.800  8.88885E-01  9.84921E-01 -9.60045E-02
    6602.031     42.351   3.850  8.93409E-01  9.84563E-01 -9.11266E-02
    6603.507     43.828   3.900  9.02890E-01  9.84205E-01 -8.12930E-02
    6605.002     45.323   3.950  9.16759E-01  9.83847E-01 -6.70719E-02
    6606.517     46.838   4.000  9.34071E-01  9.83489E-01 -4.94067E-02
    6608.050     48.371   4.050  9.53654E-01  9.83146E-01 -2.94855E-02
    6609.603     49.924   4.100  9.74054E-01  9.82803E-01 -8.74671E-03
    6611.175     51.495   4.150  9.93914E-01  9.82459E-01  1.14521E-02
    6612.765     53.086   4.200  1.01197E+00  9.82116E-01  2.98503E-02
    6614.375     54.696   4.250  1.02728E+00  9.81941E-01  4.53341E-02
    6616.004     56.324   4.300  1.03868E+00  9.81765E-01  5.69022E-02
    6617.652     57.972   4.350  1.04547E+00  9.81590E-01  6.38650E-02
    6619.318     59.639   4.400  1.04729E+00  9.81414E-01  6.58558E-02
    6621.004     61.325   4.450  1.04384E+00  9.81288E-01  6.25246E-02
    6622.709     63.030   4.500  1.03579E+00  9.81161E-01  5.46023E-02
    6624.433     64.754   4.550  1.02417E+00  9.81035E-01  4.31050E-02
    6626.176     66.497   4.600  1.01038E+00  9.80908E-01  2.94492E-02
    6627.938     68.259   4.650  9.96099E-01  9.80877E-01  1.52090E-02
    6629.720     70.040   4.700  9.83209E-01  9.80845E-01  2.36171E-03
    6631.520     71.841   4.750  9.73210E-01  9.80814E-01 -7.59639E-03
    6633.339     73.660   4.800  9.67067E-01  9.80783E-01 -1.37022E-02
    6635.177     75.498   4.850  9.65442E-01  9.80814E-01 -1.53564E-02
    6637.035     77.356   4.900  9.67533E-01  9.80846E-01 -1.32993E-02
    6638.911     79.232   4.950  9.72124E-01  9.80877E-01 -8.74431E-03
    6640.807     81.127   5.000  9.77656E-01  9.80909E-01 -3.24981E-03
    6642.721     83.042   5.050  9.82761E-01  9.80944E-01  1.81581E-03
    6644.655     84.976   5.100  9.85932E-01  9.80978E-01  4.95032E-03
    6646.607     86.928   5.150  9.86686E-01  9.81013E-01  5.67062E-03
    6648.579     88.900   5.200  9.85353E-01  9.81047E-01  4.30384E-03
    6650.570     90.891   5.250  9.82553E-01  9.80891E-01  1.66213E-03
    6652.580     92.900   5.300  9.80039E-01  9.80735E-01 -6.96574E-04
    6654.608     94.929   5.350  9.79251E-01  9.80580E-01 -1.32993E-03
    6656.656     96.977   5.400  9.81136E-01  9.80424E-01  7.13233E-04
    6658.723     99.044   5.450  9.85567E-01  9.80135E-01  5.44184E-03
    6660.809    101.130   5.500  9.91972E-01  9.79846E-01  1.21549E-02
    6662.914    103.235   5.550  9.98681E-01  9.79558E-01  1.91818E-02
    6665.038    105.359   5.600  1.00360E+00  9.79269E-01  2.44164E-02
    6667.181    107.502   5.650  1.00439E+00  9.78742E-01  2.57658E-02
    6669.343    109.664   5.700  1.00008E+00  9.78215E-01  2.19883E-02
    6671.525    111.845   5.750  9.90495E-01  9.77688E-01  1.28898E-02
    6673.725    114.046   5.800  9.76724E-01  9.77161E-01 -4.40231E-04
    6675.944    116.265   5.850  9.60589E-01  9.76318E-01 -1.58649E-02
    6678.183    118.503   5.900  9.45447E-01  9.75476E-01 -3.03238E-02
    6680.440    120.761   5.950  9.34199E-01  9.74633E-01 -4.08809E-02
    6682.717    123.037   6.000  9.29059E-01  9.73791E-01 -4.52797E-02
    6685.012    125.333   6.050  9.30831E-01  9.72680E-01 -4.24288E-02
    6687.327    127.647   6.100  9.39195E-01  9.71570E-01 -3.28739E-02
    6689.660    129.981   6.150  9.52193E-01  9.70459E-01 -1.85775E-02
    6692.013    132.334   6.200  9.66926E-01  9.69348E-01 -2.46790E-03
    6694.385    134.705   6.250  9.80222E-01  9.68238E-01  1.22268E-02
    6696.775    137.096   6.300  9.89346E-01  9.67127E-01  2.27042E-02
    6699.185    139.506   6.350  9.92590E-01  9.66016E-01  2.71978E-02
    6701.614    141.935   6.400  9.89613E-01  9.64905E-01  2.53276E-02
    6704.062    144.383   6.450  9.81439E-01  9.63795E-01  1.81154E-02
    6706.529    146.850   6.500  9.70145E-01  9.62684E-01  7.67251E-03
    6709.015    149.336   6.550  9.58244E-01  9.61356E-01 -3.20597E-03
    6711.520    151.841   6.600  9.48445E-01  9.60028E-01 -1.19539E-02
    6714.044    154.365   6.650  9.42465E-01  9.58700E-01 -1.67849E-02
    6716.587    156.908   6.700  9.40962E-01  9.57371E-01 -1.69958E-02
    6719.149    159.470   6.750  9.43497E-01  9.56043E-01 -1.30176E-02
    6721.731    162.052   6.800  9.48763E-01  9.54715E-01 -6.18644E-03
    6724.331    164.652   6.850  9.55003E-01  9.53387E-01  1.68302E-03
    6726.950    167.271   6.900  9.60489E-01  9.52059E-01  8.79462E-03
    6729.589    169.910   6.950  9.63936E-01  9.50730E-01  1.38020E-02
    6732.246    172.567   7.000  9.64749E-01  9.49402E-01  1.60684E-02
    6734.923    175.244   7.050  9.63242E-01  9.48228E-01  1.57443E-02
    6737.618    177.939   7.100  9.59883E-01  9.47055E-01  1.34748E-02
    6740.333    180.654   7.150  9.55599E-01  9.45881E-01  1.02240E-02
    6743.067    183.387   7.200  9.51237E-01  9.44708E-01  6.88068E-03
    6745.819    186.140   7.250  9.47325E-01  9.43534E-01  4.00178E-03
    6748.591    188.912   7.300  9.43973E-01  9.42360E-01  1.70506E-03
    6751.382    191.703   7.350  9.40933E-01  9.41187E-01 -2.68461E-04
    6754.192    194.513   7.400  9.37789E-01  9.40013E-01 -2.35878E-03
    6757.021    197.341   7.450  9.34196E-01  9.38839E-01 -4.93348E-03
    6759.869    200.189   7.500  9.30084E-01  9.37666E-01 -8.06789E-03
    6762.736    203.056   7.550  9.25903E-01  9.36741E-01 -1.15470E-02
    6765.622    205.943   7.600  9.22151E-01  9.35817E-01 -1.45760E-02
    6768.527    208.848   7.650  9.19670E-01  9.34892E-01 -1.62567E-02
    6771.451    211.772   7.700  9.19202E-01  9.33968E-01 -1.57878E-02
    6774.394    214.715   7.750  9.21140E-01  9.33043E-01 -1.27420E-02
    6777.357    217.677   7.800  9.25349E-01  9.32119E-01 -7.25517E-03
    6780.338    220.659   7.850  9.31131E-01  9.31194E-01 -6.72639E-05
    6783.338    223.659   7.900  9.37349E-01  9.30269E-01  7.60620E-03
    6786.358    226.678   7.950  9.42677E-01  9.29345E-01  1.43410E-02
    6789.396    229.717   8.000  9.45913E-01  9.28420E-01  1.88393E-02
    6792.454    232.774   8.050  9.46424E-01  9.27518E-01  2.03804E-02
    6795.530    235.851   8.100  9.43806E-01  9.26615E-01  1.85488E-02
    6798.626    238.947   8.150  9.38470E-01  9.25712E-01  1.37781E-02
    6801.740    242.061   8.200  9.31364E-01  9.24809E-01  7.08566E-03
    6804.874    245.195   8.250  9.23734E-01  9.23906E-01 -1.86031E-04
    6808.027    248.348   8.300  9.16820E-01  9.23003E-01 -6.69563E-03
    6811.199    251.519   8.350  9.11575E-01  9.22101E-01 -1.14085E-02
    6814.390    254.710   8.400  9.08475E-01  9.21198E-01 -1.38027E-02
    6817.599    257.920   8.450  9.07469E-01  9.20295E-01 -1.39268E-02
    6820.828    261.149   8.500  9.08070E-01  9.19392E-01 -1.23054E-02
    6824.076    264.397   8.550  9.09326E-01  9.18375E-01 -9.84580E-03
    6827.344    267.664   8.600  9.10757E-01  9.17358E-01 -7.19003E-03
    6830.630    270.950   8.650  9.11837E-01  9.16341E-01 -4.91145E-03
    6833.935    274.256   8.700  9.12351E-01  9.15325E-01 -3.24607E-03
    6837.259    277.580   8.750  9.12406E-01  9.14308E-01 -2.07883E-03
    6840.602    280.923   8.800  9.12334E-01  9.13291E-01 -1.04682E-03
    6843.965    284.285   8.850  9.12530E-01  9.12274E-01  2.80538E-04
    6847.346    287.667   8.900  9.13269E-01  9.11257E-01  2.20633E-03
    6850.746    291.067   8.950  9.14577E-01  9.10240E-01  4.76006E-03
    6854.166    294.487   9.000  9.16183E-01  9.09223E-01  7.64773E-03
    6857.604    297.925   9.050  9.17462E-01  9.08002E-01  1.04081E-02
    6861.062    301.383   9.100  9.17938E-01  9.06781E-01  1.22903E-02
    6864.538    304.859   9.150  9.17074E-01  9.05560E-01  1.26999E-02
    6868.034    308.355   9.200  9.14589E-01  9.04339E-01  1.13194E-02
    6871.549    311.870   9.250  9.10559E-01  9.03118E-01  8.22780E-03
    6875.083    315.403   9.300  9.05430E-01  9.01897E-01  3.91165E-03
    6878.635    318.956   9.350  8.99920E-01  9.00676E-01 -8.37839E-04
    6882.207    322.528   9.400  8.94847E-01  8.99455E-01 -5.11359E-03
    6885.798    326.119   9.450  8.90931E-01  8.98233E-01 -8.11578E-03
    6889.408    329.729   9.500  8.88612E-01  8.97012E-01 -9.34739E-03
    6893.037    333.358   9.550  8.87869E-01  8.95749E-01 -8.78021E-03
    6896.685    337.006   9.600  8.88491E-01  8.94487E-01 -6.68855E-03
    6900.352    340.673   9.650  8.89892E-01  8.93224E-01 -3.72213E-03
    6904.038    344.359   9.700  8.91351E-01  8.91961E-01 -6.82678E-04
    6907.744    348.064   9.750  8.92203E-01  8.90698E-01  1.68568E-03
    6911.468    351.789   9.800  8.92003E-01  8.89435E-01  2.88027E-03
    6915.211    355.532   9.850  8.90621E-01  8.88172E-01  2.75005E-03
    6918.974    359.294   9.900  8.88249E-01  8.86909E-01  1.50598E-03
    6922.755    363.076   9.950  8.85322E-01  8.85647E-01 -3.65108E-04
    6926.556    366.876  10.000  8.82385E-01  8.84384E-01 -2.25416E-03
    6930.375    370.696  10.050  8.79943E-01  8.83176E-01 -3.64927E-03
    6934.214    374.534  10.100  8.78303E-01  8.81968E-01 -4.14274E-03
    6938.071    378.392  10.150  8.77558E-01  8.80760E-01 -3.62360E-03
    6941.948    382.269  10.200  8.77558E-01  8.79552E-01 -2.25987E-03
    6945.844    386.164  10.250  8.77966E-01  8.78344E-01 -4.28122E-04
    6949.758    390.079  10.300  8.78376E-01  8.77136E-01  1.40939E-03
    6953.692    394.013  10.350  8.78424E-01  8.75928E-01  2.84102E-03
    6957.645    397.966  10.400  8.77892E-01  8.74719E-01  3.61500E-03
    6961.617    401.938  10.450  8.76748E-01  8.73511E-01  3.69196E-03
    6965.608    405.929  10.500  8.75130E-01  8.72303E-01  3.22948E-03
    6969.618    409.939  10.550  8.73288E-01  8.71095E-01  2.50843E-03
    6973.647    413.968  10.600  8.71483E-01  8.69887E-01  1.82806E-03
    6977.695    418.016  10.650  8.69904E-01  8.68679E-01  1.40434E-03
    6981.762    422.083  10.700  8.68606E-01  8.67471E-01  1.30337E-03
    6985.848    426.169  10.750  8.67506E-01  8.66263E-01  1.42922E-03
    6989.954    430.274  10.800  8.66417E-01  8.65055E-01  1.56751E-03
    6994.078    434.399  10.850  8.65121E-01  8.63847E-01  1.46864E-03
    6998.221    438.542  10.900  8.63456E-01  8.62639E-01  9.42695E-04
    7002.384    442.704  10.950  8.61375E-01  8.61431E-01 -6.49905E-05
    7006.565    446.886  11.000  8.58978E-01  8.60223E-01 -1.44168E-03
    7010.766    451.086  11.050  8.56320E-01  8.58903E-01 -2.99509E-03
    7014.985    455.306  11.100  8.53826E-01  8.57583E-01 -4.36269E-03
    7019.224    459.545  11.150  8.51795E-01  8.56263E-01 -5.19715E-03
    7023.481    463.802  11.200  8.50440E-01  8.54944E-01 -5.24599E-03
    7027.758    468.079  11.250  8.49830E-01  8.53624E-01 -4.42554E-03
    7032.054    472.375  11.300  8.49865E-01  8.52304E-01 -2.85014E-03
    7036.369    476.690  11.350  8.50293E-01  8.50984E-01 -8.08252E-04
    7040.703    481.023  11.400  8.50780E-01  8.49664E-01  1.30767E-03
    7045.056    485.376  11.450  8.50983E-01  8.48344E-01  3.09759E-03
    7049.427    489.748  11.500  8.50639E-01  8.47024E-01  4.24978E-03
    7053.818    494.139  11.550  8.49619E-01  8.45705E-01  4.61041E-03
    7058.229    498.549  11.600  8.47953E-01  8.44385E-01  4.20907E-03
    7062.658    502.978  11.650  8.45804E-01  8.43065E-01  3.23579E-03
    7067.106    507.427  11.700  8.43417E-01  8.41745E-01  1.97858E-03
    7071.573    511.894  11.750  8.41050E-01  8.40425E-01  7.41195E-04
    7076.059    516.380  11.800  8.38907E-01  8.39105E-01 -2.34980E-04
    7080.565    520.885  11.850  8.37093E-01  8.37785E-01 -8.23652E-04
    7085.089    525.410  11.900  8.35602E-01  8.36466E-01 -1.02857E-03
    7089.632    529.953  11.950  8.34341E-01  8.35146E-01 -9.59922E-04
    7094.195    534.516  12.000  8.33171E-01  8.33826E-01 -7.82834E-04
    7098.776    539.097  12.050  8.31802E-01  8.32364E-01 -6.73032E-04
    7103.377    543.698  12.100  8.30306E-01  8.30902E-01 -7.15103E-04
    7107.996    548.317  12.150  8.28670E-01  8.29441E-01 -9.25223E-04
    7112.635    552.956  12.200  8.26954E-01  8.27979E-01 -1.23334E-03
    7117.293    557.614  12.250  8.25264E-01  8.26517E-01 -1.51082E-03
    7121.970    562.290  12.300  8.23716E-01  8.25055E-01 -1.61712E-03
    7126.665    566.986  12.350  8.22395E-01  8.23594E-01 -1.45008E-03
    7131.380    571.701  12.400  8.21320E-01  8.22132E-01 -9.83872E-04
    7136.114    576.435  12.450  8.20437E-01  8.20670E-01 -2.82720E-04
    7140.867    581.188  12.500  8.19631E-01  8.19209E-01  5.13607E-04
    7145.639    585.960  12.550  8.18755E-01  8.17747E-01  1.22787E-03
    7150.430    590.751  12.600  8.17674E-01  8.16285E-01  1.69528E-03
    7155.240    595.561  12.650  8.16304E-01  8.14823E-01  1.81027E-03
    7160.069    600.390  12.700  8.14632E-01  8.13362E-01  1.55617E-03
    7164.918    605.238  12.750  8.12722E-01  8.11900E-01  1.00949E-03
    7169.785    610.106  12.800  8.10697E-01  8.10438E-01  3.17954E-04
    7174.671    614.992  12.850  8.08700E-01  8.08977E-01 -3.40777E-04
    7179.577    619.897  12.900  8.06861E-01  8.07515E-01 -8.07343E-04
    7184.501    624.822  12.950  8.05259E-01  8.06053E-01 -9.82065E-04
    7189.444    629.765  13.000  8.03907E-01  8.04591E-01 -8.48096E-04
    7194.407    634.728  13.050  8.02794E-01  8.03179E-01 -4.77584E-04
    7199.388    639.709  13.100  8.01791E-01  8.01767E-01  3.02081E-05
    7204.389    644.710  13.150  8.00779E-01  8.00355E-01  5.28159E-04
    7209.409    649.729  13.200  7.99648E-01  7.98942E-01  8.79462E-04
    7214.447    654.768  13.250  7.98325E-01  7.97530E-01  9.93438E-04
    7219.505    659.826  13.300  7.96794E-01  7.96118E-01  8.46790E-04
    7224.582    664.903  13.350  7.95093E-01  7.94706E-01  4.85336E-04
    7229.678    669.999  13.400  7.93299E-01  7.93294E-01  7.00542E-06
    7234.793    675.114  13.450  7.91510E-01  7.91881E-01 -4.67890E-04
    7239.927    680.247  13.500  7.89811E-01  7.90469E-01 -8.29965E-04
    7245.080    685.400  13.550  7.88259E-01  7.89057E-01 -1.00815E-03
    7250.252    690.573  13.600  7.86867E-01  7.87645E-01 -9.84085E-04
    7255.443    695.764  13.650  7.85609E-01  7.86232E-01 -7.90718E-04
    7260.653    700.974  13.700  7.84429E-01  7.84820E-01 -4.97058E-04
    7265.882    706.203  13.750  7.83263E-01  7.83408E-01 -1.84852E-04
    7271.130    711.451  13.800  7.82055E-01  7.81996E-01  7.52655E-05
    7276.398    716.719  13.850  7.80772E-01  7.80584E-01  2.41176E-04
    7281.684    722.005  13.900  7.79410E-01  7.79171E-01  3.05903E-04
    7286.990    727.310  13.950  7.77988E-01  7.77759E-01  2.92804E-04
    7292.314    732.635  14.000  7.76536E-01  7.76347E-01  2.42239E-04
    7297.657    737.978  14.050  7.75013E-01  7.74854E-01  2.04035E-04
    7303.020    743.341  14.100  7.73514E-01  7.73362E-01  1.96469E-04
    7308.402    748.722  14.150  7.72044E-01  7.71869E-01  2.25696E-04
    7313.802    754.123  14.200  7.70590E-01  7.70376E-01  2.76905E-04
    7319.222    759.543  14.250  7.69131E-01  7.68884E-01  3.21188E-04
    7324.661    764.982  14.300  7.67643E-01  7.67391E-01  3.27159E-04
    7330.119    770.439  14.350  7.66108E-01  7.65899E-01  2.73166E-04
    7335.595    775.916  14.400  7.64525E-01  7.64406E-01  1.55974E-04
    7341.091    781.412  14.450  7.62908E-01  7.62913E-01 -6.88160E-06
    7346.606    786.927  14.500  7.61282E-01  7.61421E-01 -1.81690E-04
    7352.140    792.461  14.550  7.59678E-01  7.59928E-01 -3.28476E-04
    7357.693    798.014  14.600  7.58121E-01  7.58435E-01 -4.12917E-04
    7363.265    803.586  14.650  7.56627E-01  7.56943E-01 -4.16448E-04
    7368.857    809.177  14.700  7.55192E-01  7.55450E-01 -3.41427E-04
    7374.467    814.788  14.750  7.53799E-01  7.53958E-01 -2.09919E-04
    7380.096    820.417  14.800  7.52422E-01  7.52465E-01 -5.67068E-05
    7385.744    826.065  14.850  7.51033E-01  7.50972E-01  8.10976E-05
    7391.412    831.732  14.900  7.49611E-01  7.49480E-01  1.74487E-04
    7397.098    837.419  14.950  7.48144E-01  7.47987E-01  2.09873E-04
    7402.804    843.124  15.000  7.46637E-01  7.46494E-01  1.91241E-04
