# # Once                                                         FEFF 9.6.4  
# # POT  SCF 100  5.0000   0, core-hole, AFOLP (folp(0)= 1.150)
# # Abs   Z=57 Rmt= 1.826 Rnm= 1.826 K  shell
# # Pot 1 Z=57 Rmt= 1.837 Rnm= 1.837
# # Pot 2 Z=14 Rmt= 1.346 Rnm= 1.398
# # Pot 3 Z=26 Rmt= 1.365 Rnm= 1.417
# # Gam_ch=1.706E+01 H-L exch Vi= 0.000E+00 Vr= 0.000E+00
# # Mu=-1.654E+01 kf=2.102E+00 Vint=-2.557E+01 Rs_int= 1.725
# # PATH  Rmax= 8.000,  Keep_limit= 0.00, Heap_limit 0.00  Pwcrit= 2.50%
#  S02=1.000  Temp=   0.00  Debye_temp=   0.00  Global_sig2= 0.00000
#  Energy zero shift, vr, vi    0.00000E+00   0.00000E+00
#  Curved wave amplitude ratio filter   4.000%
#     file         sig2 tot  cw amp ratio   deg  nlegs   reff  inp sig2
#           1       0.00000    100.00      6.00     2   3.2913
#           2       0.00000     48.75      3.00     2   3.3148
#           3       0.00000     48.08      3.00     2   3.3275
#           4       0.00000     47.88      3.00     2   3.3314
#           5       0.00000     35.71      3.00     2   3.3553
#           6       0.00000     46.34      3.00     2   3.3620
#           7       0.00000     43.85      3.00     2   3.4140
#           9       0.00000     10.50      3.00     2   4.9470
#          11       0.00000     10.26      3.00     2   4.9741
#          12       0.00000      5.76      3.00     2   5.0555
#          13       0.00000      9.34      3.00     2   5.0899
#          14       0.00000      9.27      3.00     2   5.0984
#          15       0.00000      9.10      3.00     2   5.1222
#          16       0.00000      8.98      3.00     2   5.1383
#          17       0.00000      8.80      3.00     2   5.1634
#          18       0.00000      8.75      3.00     2   5.1703
#          19       0.00000      8.47      3.00     2   5.2110
#          20       0.00000      9.93      3.00     2   5.6973
#          21       0.00000      9.72      3.00     2   5.7305
#          22       0.00000      5.35      3.00     2   5.8099
#          23       0.00000     17.31      6.00     3   5.8168
#          24       0.00000     13.78      3.00     4   5.8236
#          25       0.00000      5.17      3.00     2   5.8571
#          26       0.00000      5.16      3.00     2   5.8600
#          27       0.00000     18.08      6.00     3   5.8614
#          28       0.00000     16.97      6.00     3   5.8626
#          29       0.00000     16.05      3.00     4   5.8628
#          30       0.00000     13.81      3.00     4   5.8681
#          31       0.00000      4.98      3.00     2   5.9084
#          32       0.00000     16.85      6.00     3   5.9119
#          33       0.00000      4.96      3.00     2   5.9133
#          34       0.00000     16.70      6.00     3   5.9138
#          35       0.00000     14.05      3.00     4   5.9144
#          36       0.00000     14.28      3.00     4   5.9153
#          37       0.00000      4.95      3.00     2   5.9170
#          39       0.00000      9.00      6.00     3   5.9225
#          40       0.00000     16.04      6.00     3   5.9228
#          41       0.00000      7.57      3.00     4   5.9256
#          42       0.00000      4.91      3.00     2   5.9276
#          43       0.00000     12.89      3.00     4   5.9287
#          44       0.00000     16.70      6.00     3   5.9304
#          45       0.00000     14.27      3.00     4   5.9332
#    42/  45 paths used
#  xsedge+50, used to normalize mu           5.2465E-05
#  -----------------------------------------------------------------------
#  omega    e    k    mu    mu0     chi     @#
   38980.515    -16.537   0.000  3.54024E-01  3.70628E-01 -3.01052E-02
   38980.525    -16.527   0.050  3.54455E-01  3.71193E-01 -3.03314E-02
   38980.553    -16.499   0.100  3.54886E-01  3.71759E-01 -3.05573E-02
   38980.601    -16.451   0.150  3.56115E-01  3.73392E-01 -3.12330E-02
   38980.668    -16.384   0.200  3.57346E-01  3.75025E-01 -3.19050E-02
   38980.753    -16.299   0.250  3.59371E-01  3.77718E-01 -3.30116E-02
   38980.858    -16.194   0.300  3.61399E-01  3.80411E-01 -3.41059E-02
   38980.982    -16.070   0.350  3.64246E-01  3.84176E-01 -3.56031E-02
   38981.125    -15.927   0.400  3.67103E-01  3.87941E-01 -3.70695E-02
   38981.287    -15.765   0.450  3.70810E-01  3.92788E-01 -3.88803E-02
   38981.468    -15.584   0.500  3.74544E-01  3.97635E-01 -4.06251E-02
   38981.668    -15.384   0.550  3.79181E-01  4.03574E-01 -4.26160E-02
   38981.887    -15.165   0.600  3.83874E-01  4.09512E-01 -4.44816E-02
   38982.125    -14.927   0.650  3.89525E-01  4.16520E-01 -4.64425E-02
   38982.382    -14.670   0.700  3.95282E-01  4.23528E-01 -4.81876E-02
   38982.658    -14.394   0.750  4.02091E-01  4.31587E-01 -4.98163E-02
   38982.954    -14.098   0.800  4.09083E-01  4.39646E-01 -5.11060E-02
   38983.268    -13.784   0.850  4.17229E-01  4.48702E-01 -5.20117E-02
   38983.601    -13.451   0.900  4.25660E-01  4.57757E-01 -5.24323E-02
   38983.954    -13.098   0.950  4.35359E-01  4.67731E-01 -5.21715E-02
   38984.325    -12.727   1.000  4.45457E-01  4.77705E-01 -5.12825E-02
   38984.716    -12.336   1.050  4.56931E-01  4.88499E-01 -4.94371E-02
   38985.125    -11.927   1.100  4.68910E-01  4.99293E-01 -4.68693E-02
   38985.554    -11.498   1.150  4.82332E-01  5.10799E-01 -4.31661E-02
   38986.002    -11.050   1.200  4.96314E-01  5.22305E-01 -3.87528E-02
   38986.468    -10.584   1.250  5.11711E-01  5.34404E-01 -3.31985E-02
   38986.954    -10.098   1.300  5.27628E-01  5.46502E-01 -2.71037E-02
   38987.459     -9.593   1.350  5.44798E-01  5.59078E-01 -2.00869E-02
   38987.983     -9.069   1.400  5.62317E-01  5.71655E-01 -1.28724E-02
   38988.526     -8.526   1.450  5.80765E-01  5.84599E-01 -5.16948E-03
   38989.088     -7.964   1.500  5.99251E-01  5.97543E-01  2.25340E-03
   38989.669     -7.383   1.550  6.18204E-01  6.10758E-01  9.60036E-03
   38990.269     -6.783   1.600  6.36794E-01  6.23974E-01  1.61610E-02
   38990.888     -6.164   1.650  6.55284E-01  6.37346E-01  2.20902E-02
   38991.526     -5.526   1.700  6.73006E-01  6.50719E-01  2.68279E-02
   38992.183     -4.869   1.750  6.90143E-01  6.64191E-01  3.05429E-02
   38992.860     -4.193   1.800  7.06215E-01  6.77663E-01  3.28718E-02
   38993.555     -3.497   1.850  7.20986E-01  6.90767E-01  3.40897E-02
   38994.269     -2.783   1.900  7.34538E-01  7.03872E-01  3.39125E-02
   38995.003     -2.049   1.950  7.42424E-01  7.13050E-01  3.14071E-02
   38995.755     -1.297   2.000  7.49165E-01  7.22229E-01  2.78775E-02
   38996.527     -0.525   2.050  7.54484E-01  7.30634E-01  2.40177E-02
   38997.317      0.265   2.100  7.59195E-01  7.39039E-01  1.97643E-02
   38998.127      1.075   2.150  7.63527E-01  7.47444E-01  1.53670E-02
   38998.956      1.903   2.200  7.67691E-01  7.55849E-01  1.10324E-02
   38999.803      2.751   2.250  7.71793E-01  7.64544E-01  6.62447E-03
   39000.670      3.618   2.300  7.76034E-01  7.73240E-01  2.50543E-03
   39001.556      4.504   2.350  7.80581E-01  7.81935E-01 -1.19154E-03
   39002.461      5.409   2.400  7.85596E-01  7.90630E-01 -4.35182E-03
   39003.385      6.333   2.450  7.92379E-01  8.00727E-01 -7.15350E-03
   39004.328      7.276   2.500  7.99941E-01  8.10823E-01 -9.24489E-03
   39005.290      8.238   2.550  8.08467E-01  8.20919E-01 -1.04883E-02
   39006.271      9.219   2.600  8.18068E-01  8.31015E-01 -1.08139E-02
   39007.271     10.219   2.650  8.27437E-01  8.40509E-01 -1.09216E-02
   39008.290     11.238   2.700  8.37744E-01  8.50002E-01 -1.02458E-02
   39009.328     12.276   2.750  8.48758E-01  8.59496E-01 -8.97798E-03
   39010.386     13.333   2.800  8.60197E-01  8.68989E-01 -7.35395E-03
   39011.462     14.410   2.850  8.69359E-01  8.75225E-01 -4.94267E-03
   39012.557     15.505   2.900  8.78698E-01  8.81461E-01 -2.34514E-03
   39013.672     16.620   2.950  8.87394E-01  8.87697E-01 -2.59599E-04
   39014.805     17.753   3.000  8.95126E-01  8.93933E-01  1.02750E-03
   39015.958     18.906   3.050  9.01033E-01  8.97546E-01  3.03598E-03
   39017.129     20.077   3.100  9.05999E-01  9.01159E-01  4.26042E-03
   39018.320     21.268   3.150  9.09804E-01  9.04772E-01  4.47890E-03
   39019.529     22.477   3.200  9.12477E-01  9.08385E-01  3.68342E-03
   39020.758     23.706   3.250  9.12430E-01  9.09528E-01  2.64507E-03
   39022.006     24.954   3.300  9.11605E-01  9.10671E-01  8.61678E-04
   39023.273     26.221   3.350  9.10268E-01  9.11813E-01 -1.44443E-03
   39024.559     27.507   3.400  9.08770E-01  9.12956E-01 -3.96161E-03
   39025.864     28.811   3.450  9.05820E-01  9.12589E-01 -6.48541E-03
   39027.188     30.135   3.500  9.03310E-01  9.12222E-01 -8.64609E-03
   39028.531     31.478   3.550  9.01541E-01  9.11855E-01 -1.01347E-02
   39029.893     32.841   3.600  9.00718E-01  9.11488E-01 -1.07190E-02
   39031.274     34.222   3.650  9.00041E-01  9.10322E-01 -1.03425E-02
   39032.674     35.622   3.700  9.00420E-01  9.09156E-01 -8.88375E-03
   39034.093     37.041   3.750  9.01765E-01  9.07990E-01 -6.39977E-03
   39035.531     38.479   3.800  9.03899E-01  9.06823E-01 -3.04052E-03
   39036.989     39.937   3.850  9.06707E-01  9.05680E-01  1.07671E-03
   39038.465     41.413   3.900  9.09823E-01  9.04536E-01  5.58886E-03
   39039.961     42.908   3.950  9.12931E-01  9.03392E-01  1.01684E-02
   39041.475     44.423   4.000  9.15711E-01  9.02248E-01  1.44727E-02
   39043.009     45.956   4.050  9.18477E-01  9.01687E-01  1.81424E-02
   39044.561     47.509   4.100  9.20280E-01  9.01126E-01  2.08048E-02
   39046.133     49.081   4.150  9.20880E-01  9.00566E-01  2.21808E-02
   39047.723     50.671   4.200  9.20106E-01  9.00005E-01  2.20644E-02
   39049.333     52.281   4.250  9.18568E-01  9.00247E-01  2.01463E-02
   39050.962     53.910   4.300  9.15563E-01  9.00488E-01  1.66065E-02
   39052.610     55.558   4.350  9.11253E-01  9.00730E-01  1.16138E-02
   39054.277     57.224   4.400  9.05909E-01  9.00971E-01  5.45961E-03
   39055.962     58.910   4.450  9.00674E-01  9.02071E-01 -1.54281E-03
   39057.667     60.615   4.500  8.95233E-01  9.03170E-01 -8.75511E-03
   39059.391     62.339   4.550  8.90052E-01  9.04269E-01 -1.56661E-02
   39061.135     64.082   4.600  8.85573E-01  9.05368E-01 -2.17879E-02
   39062.897     65.845   4.650  8.82838E-01  9.07085E-01 -2.65981E-02
   39064.678     67.626   4.700  8.81585E-01  9.08802E-01 -2.97544E-02
   39066.478     69.426   4.750  8.82043E-01  9.10520E-01 -3.10258E-02
   39068.297     71.245   4.800  8.84358E-01  9.12237E-01 -3.02724E-02
   39070.136     73.083   4.850  8.88915E-01  9.14200E-01 -2.73324E-02
   39071.993     74.941   4.900  8.95390E-01  9.16163E-01 -2.23555E-02
   39073.869     76.817   4.950  9.03676E-01  9.18126E-01 -1.54815E-02
   39075.765     78.713   5.000  9.13554E-01  9.20089E-01 -6.97107E-03
   39077.679     80.627   5.050  9.24573E-01  9.21913E-01  2.82474E-03
   39079.613     82.561   5.100  9.36231E-01  9.23738E-01  1.32133E-02
   39081.566     84.513   5.150  9.47776E-01  9.25562E-01  2.33954E-02
   39083.537     86.485   5.200  9.58300E-01  9.27386E-01  3.24196E-02
   39085.528     88.476   5.250  9.66376E-01  9.28804E-01  3.92855E-02
   39087.538     90.486   5.300  9.71436E-01  9.30222E-01  4.29674E-02
   39089.567     92.514   5.350  9.72767E-01  9.31640E-01  4.27501E-02
   39091.614     94.562   5.400  9.70037E-01  9.33058E-01  3.83265E-02
   39093.681     96.629   5.450  9.62201E-01  9.33424E-01  2.98281E-02
   39095.767     98.715   5.500  9.51229E-01  9.33789E-01  1.80782E-02
   39097.872    100.820   5.550  9.38355E-01  9.34154E-01  4.35489E-03
   39099.996    102.944   5.600  9.25114E-01  9.34519E-01 -9.74911E-03
   39102.139    105.087   5.650  9.12691E-01  9.34467E-01 -2.25736E-02
   39104.302    107.250   5.700  9.02950E-01  9.34415E-01 -3.26149E-02
   39106.483    109.431   5.750  8.96833E-01  9.34363E-01 -3.88988E-02
   39108.683    111.631   5.800  8.94684E-01  9.34311E-01 -4.10704E-02
   39110.902    113.850   5.850  8.96306E-01  9.34243E-01 -3.93122E-02
   39113.141    116.089   5.900  9.00838E-01  9.34174E-01 -3.45392E-02
   39115.398    118.346   5.950  9.07217E-01  9.34106E-01 -2.78543E-02
   39117.675    120.623   6.000  9.14381E-01  9.34037E-01 -2.03589E-02
   39119.970    122.918   6.050  9.21152E-01  9.33468E-01 -1.27832E-02
   39122.285    125.233   6.100  9.27380E-01  9.32899E-01 -5.74059E-03
   39124.618    127.566   6.150  9.33094E-01  9.32330E-01  7.96199E-04
   39126.971    129.919   6.200  9.38635E-01  9.31761E-01  7.18101E-03
   39129.343    132.291   6.250  9.44420E-01  9.31192E-01  1.38487E-02
   39131.734    134.681   6.300  9.50671E-01  9.30623E-01  2.10342E-02
   39134.143    137.091   6.350  9.57201E-01  9.30054E-01  2.85443E-02
   39136.572    139.520   6.400  9.63324E-01  9.29485E-01  3.56574E-02
   39139.020    141.968   6.450  9.67925E-01  9.28916E-01  4.11946E-02
   39141.487    144.435   6.500  9.69694E-01  9.28347E-01  4.37579E-02
   39143.973    146.921   6.550  9.68007E-01  9.28497E-01  4.18244E-02
   39146.478    149.426   6.600  9.61597E-01  9.28647E-01  3.48887E-02
   39149.002    151.950   6.650  9.50598E-01  9.28797E-01  2.30893E-02
   39151.545    154.493   6.700  9.36037E-01  9.28947E-01  7.51089E-03
   39154.108    157.056   6.750  9.19726E-01  9.29097E-01 -9.92986E-03
   39156.689    159.637   6.800  9.03953E-01  9.29248E-01 -2.68086E-02
   39159.289    162.237   6.850  8.91044E-01  9.29398E-01 -4.06584E-02
   39161.909    164.856   6.900  8.82897E-01  9.29548E-01 -4.94664E-02
   39164.547    167.495   6.950  8.80593E-01  9.29698E-01 -5.20810E-02
   39167.204    170.152   7.000  8.84197E-01  9.29848E-01 -4.84298E-02
   39169.881    172.829   7.050  8.93248E-01  9.30308E-01 -3.92744E-02
   39172.577    175.524   7.100  9.05589E-01  9.30768E-01 -2.66561E-02
   39175.291    178.239   7.150  9.19132E-01  9.31228E-01 -1.27924E-02
   39178.025    180.973   7.200  9.31918E-01  9.31688E-01  2.42842E-04
   39180.778    183.725   7.250  9.42509E-01  9.32148E-01  1.09353E-02
   39183.549    186.497   7.300  9.50218E-01  9.32608E-01  1.85664E-02
   39186.340    189.288   7.350  9.55115E-01  9.33067E-01  2.32205E-02
   39189.150    192.098   7.400  9.57837E-01  9.33527E-01  2.55775E-02
   39191.979    194.927   7.450  9.59262E-01  9.33987E-01  2.65655E-02
   39194.827    197.775   7.500  9.60144E-01  9.34447E-01  2.69814E-02
   39197.694    200.642   7.550  9.60375E-01  9.34468E-01  2.71925E-02
   39200.580    203.528   7.600  9.60205E-01  9.34488E-01  2.69829E-02
   39203.485    206.433   7.650  9.59001E-01  9.34508E-01  2.56888E-02
   39206.409    209.357   7.700  9.55943E-01  9.34529E-01  2.24519E-02
   39209.352    212.300   7.750  9.50367E-01  9.34549E-01  1.65787E-02
   39212.315    215.263   7.800  9.42087E-01  9.34569E-01  7.87666E-03
   39215.296    218.244   7.850  9.31591E-01  9.34590E-01 -3.14065E-03
   39218.296    221.244   7.900  9.20045E-01  9.34610E-01 -1.52487E-02
   39221.316    224.264   7.950  9.09099E-01  9.34630E-01 -2.67191E-02
   39224.354    227.302   8.000  9.00537E-01  9.34651E-01 -3.56878E-02
   39227.412    230.360   8.050  8.95487E-01  9.34228E-01 -4.05667E-02
   39230.488    233.436   8.100  8.95197E-01  9.33804E-01 -4.04651E-02
   39233.584    236.532   8.150  8.99642E-01  9.33381E-01 -3.53958E-02
   39236.699    239.646   8.200  9.07945E-01  9.32958E-01 -2.62655E-02
   39239.832    242.780   8.250  9.18592E-01  9.32535E-01 -1.46551E-02
   39242.985    245.933   8.300  9.29787E-01  9.32112E-01 -2.44553E-03
   39246.157    249.105   8.350  9.39861E-01  9.31689E-01  8.60651E-03
   39249.348    252.296   8.400  9.47611E-01  9.31265E-01  1.72285E-02
   39252.558    255.506   8.450  9.52487E-01  9.30842E-01  2.28362E-02
   39255.787    258.734   8.500  9.54600E-01  9.30419E-01  2.55362E-02
   39259.035    261.982   8.550  9.54694E-01  9.30153E-01  2.59392E-02
   39262.302    265.250   8.600  9.53391E-01  9.29888E-01  2.48646E-02
   39265.588    268.536   8.650  9.51357E-01  9.29622E-01  2.30144E-02
   39268.893    271.841   8.700  9.48930E-01  9.29356E-01  2.07452E-02
   39272.217    275.165   8.750  9.46051E-01  9.29091E-01  1.79917E-02
   39275.560    278.508   8.800  9.42355E-01  9.28825E-01  1.43655E-02
   39278.923    281.871   8.850  9.37393E-01  9.28560E-01  9.38735E-03
   39282.304    285.252   8.900  9.30903E-01  9.28294E-01  2.77582E-03
   39285.705    288.652   8.950  9.23040E-01  9.28028E-01 -5.31042E-03
   39289.124    292.072   9.000  9.14473E-01  9.27763E-01 -1.41619E-02
   39292.562    295.510   9.050  9.06571E-01  9.27771E-01 -2.25969E-02
   39296.020    298.968   9.100  9.00460E-01  9.27779E-01 -2.91262E-02
   39299.497    302.445   9.150  8.97373E-01  9.27787E-01 -3.24343E-02
   39302.992    305.940   9.200  8.98086E-01  9.27795E-01 -3.16895E-02
   39306.507    309.455   9.250  9.02685E-01  9.27804E-01 -2.67992E-02
   39310.041    312.989   9.300  9.10491E-01  9.27812E-01 -1.84838E-02
   39313.594    316.541   9.350  9.20193E-01  9.27820E-01 -8.14121E-03
   39317.165    320.113   9.400  9.30139E-01  9.27828E-01  2.46654E-03
   39320.756    323.704   9.450  9.38719E-01  9.27837E-01  1.16216E-02
   39324.366    327.314   9.500  9.44736E-01  9.27845E-01  1.80424E-02
   39327.995    330.943   9.550  9.47534E-01  9.27717E-01  2.11712E-02
   39331.643    334.591   9.600  9.47421E-01  9.27589E-01  2.11907E-02
   39335.310    338.258   9.650  9.45200E-01  9.27460E-01  1.89562E-02
   39338.997    341.945   9.700  9.41976E-01  9.27332E-01  1.56510E-02
   39342.702    345.650   9.750  9.38808E-01  9.27204E-01  1.24027E-02
   39346.426    349.374   9.800  9.36378E-01  9.27076E-01  9.94364E-03
   39350.169    353.117   9.850  9.34820E-01  9.26948E-01  8.41628E-03
   39353.932    356.880   9.900  9.33721E-01  9.26820E-01  7.38004E-03
   39357.713    360.661   9.950  9.32315E-01  9.26692E-01  6.01388E-03
   39361.514    364.462  10.000  9.29790E-01  9.26564E-01  3.45070E-03
   39365.333    368.281  10.050  9.25409E-01  9.26269E-01 -9.20082E-04
   39369.172    372.120  10.100  9.19410E-01  9.25973E-01 -7.02789E-03
   39373.029    375.977  10.150  9.12495E-01  9.25678E-01 -1.41236E-02
   39376.906    379.854  10.200  9.05895E-01  9.25383E-01 -2.08883E-02
   39380.802    383.750  10.250  9.01074E-01  9.25088E-01 -2.57526E-02
   39384.716    387.664  10.300  8.99330E-01  9.24793E-01 -2.73211E-02
   39388.650    391.598  10.350  9.01414E-01  9.24498E-01 -2.47813E-02
   39392.603    395.551  10.400  9.07277E-01  9.24202E-01 -1.81800E-02
   39396.575    399.523  10.450  9.16017E-01  9.23907E-01 -8.47943E-03
   39400.566    403.514  10.500  9.26055E-01  9.23612E-01  2.62710E-03
   39404.576    407.524  10.550  9.35492E-01  9.23317E-01  1.30985E-02
   39408.605    411.553  10.600  9.42556E-01  9.23022E-01  2.10269E-02
   39412.653    415.601  10.650  9.46022E-01  9.22726E-01  2.50886E-02
   39416.720    419.668  10.700  9.45489E-01  9.22431E-01  2.48449E-02
   39420.807    423.754  10.750  9.41440E-01  9.22136E-01  2.08118E-02
   39424.912    427.860  10.800  9.35085E-01  9.21841E-01  1.42858E-02
   39429.036    431.984  10.850  9.28008E-01  9.21546E-01  6.97431E-03
   39433.179    436.127  10.900  9.21748E-01  9.21251E-01  5.36610E-04
   39437.342    440.290  10.950  9.17402E-01  9.20955E-01 -3.83882E-03
   39441.523    444.471  11.000  9.15382E-01  9.20660E-01 -5.70579E-03
   39445.724    448.672  11.050  9.15533E-01  9.20538E-01 -5.41050E-03
   39449.943    452.891  11.100  9.16772E-01  9.20415E-01 -3.93918E-03
   39454.182    457.130  11.150  9.17947E-01  9.20293E-01 -2.53606E-03
   39458.440    461.388  11.200  9.18049E-01  9.20171E-01 -2.29330E-03
   39462.716    465.664  11.250  9.16540E-01  9.20048E-01 -3.79356E-03
   39467.012    469.960  11.300  9.13530E-01  9.19926E-01 -6.91577E-03
   39471.327    474.275  11.350  9.09762E-01  9.19803E-01 -1.08586E-02
   39475.661    478.609  11.400  9.06390E-01  9.19681E-01 -1.43727E-02
   39480.014    482.962  11.450  9.04641E-01  9.19558E-01 -1.61328E-02
   39484.386    487.334  11.500  9.05436E-01  9.19436E-01 -1.51409E-02
   39488.777    491.725  11.550  9.09101E-01  9.19314E-01 -1.10455E-02
   39493.187    496.135  11.600  9.15230E-01  9.19191E-01 -4.28443E-03
   39497.616    500.564  11.650  9.22757E-01  9.19069E-01  3.98934E-03
   39502.064    505.012  11.700  9.30203E-01  9.18946E-01  1.21776E-02
   39506.531    509.479  11.750  9.36044E-01  9.18824E-01  1.86291E-02
   39511.017    513.965  11.800  9.39080E-01  9.18701E-01  2.20470E-02
   39515.523    518.471  11.850  9.38729E-01  9.18579E-01  2.18015E-02
   39520.047    522.995  11.900  9.35155E-01  9.18456E-01  1.80673E-02
   39524.591    527.538  11.950  9.29197E-01  9.18334E-01  1.17547E-02
   39529.153    532.101  12.000  9.22147E-01  9.18212E-01  4.25880E-03
   39533.734    536.682  12.050  9.15194E-01  9.17906E-01 -2.93625E-03
   39538.335    541.283  12.100  9.09734E-01  9.17601E-01 -8.51949E-03
   39542.955    545.903  12.150  9.06476E-01  9.17296E-01 -1.17215E-02
   39547.593    550.541  12.200  9.05524E-01  9.16990E-01 -1.24273E-02
   39552.251    555.199  12.250  9.06428E-01  9.16685E-01 -1.11201E-02
   39556.928    559.876  12.300  9.08385E-01  9.16380E-01 -8.67122E-03
   39561.624    564.571  12.350  9.10501E-01  9.16074E-01 -6.04709E-03
   39566.338    569.286  12.400  9.12065E-01  9.15769E-01 -4.02017E-03
   39571.072    574.020  12.450  9.12731E-01  9.15464E-01 -2.96742E-03
   39575.825    578.773  12.500  9.12574E-01  9.15158E-01 -2.80683E-03
   39580.597    583.545  12.550  9.12018E-01  9.14853E-01 -3.08036E-03
   39585.388    588.336  12.600  9.11651E-01  9.14548E-01 -3.14858E-03
   39590.198    593.146  12.650  9.12007E-01  9.14242E-01 -2.43119E-03
   39595.028    597.975  12.700  9.13369E-01  9.13937E-01 -6.17817E-04
   39599.876    602.824  12.750  9.15666E-01  9.13632E-01  2.21370E-03
   39604.743    607.691  12.800  9.18473E-01  9.13326E-01  5.60395E-03
   39609.629    612.577  12.850  9.21134E-01  9.13021E-01  8.83726E-03
   39614.535    617.483  12.900  9.22943E-01  9.12716E-01  1.11446E-02
   39619.459    622.407  12.950  9.23347E-01  9.12410E-01  1.19215E-02
   39624.403    627.350  13.000  9.22098E-01  9.12105E-01  1.08972E-02
   39629.365    632.313  13.050  9.19360E-01  9.11843E-01  8.19876E-03
   39634.347    637.295  13.100  9.15538E-01  9.11581E-01  4.31785E-03
   39639.347    642.295  13.150  9.11314E-01  9.11319E-01 -4.67910E-06
   39644.367    647.315  13.200  9.07401E-01  9.11057E-01 -3.99015E-03
   39649.406    652.353  13.250  9.04371E-01  9.10794E-01 -7.01364E-03
   39654.463    657.411  13.300  9.02532E-01  9.10532E-01 -8.73708E-03
   39659.540    662.488  13.350  9.01894E-01  9.10270E-01 -9.15031E-03
   39664.636    667.584  13.400  9.02214E-01  9.10008E-01 -8.51640E-03
   39669.751    672.699  13.450  9.03116E-01  9.09746E-01 -7.24624E-03
   39674.885    677.833  13.500  9.04226E-01  9.09484E-01 -5.74781E-03
   39680.038    682.986  13.550  9.05289E-01  9.09222E-01 -4.29954E-03
   39685.210    688.158  13.600  9.06228E-01  9.08959E-01 -2.98694E-03
   39690.401    693.349  13.650  9.07127E-01  9.08697E-01 -1.71820E-03
   39695.611    698.559  13.700  9.08154E-01  9.08435E-01 -3.08080E-04
   39700.840    703.788  13.750  9.09455E-01  9.08173E-01  1.40324E-03
   39706.089    709.037  13.800  9.11053E-01  9.07911E-01  3.44044E-03
   39711.356    714.304  13.850  9.12793E-01  9.07649E-01  5.63293E-03
   39716.642    719.590  13.900  9.14350E-01  9.07387E-01  7.62770E-03
   39721.948    724.896  13.950  9.15316E-01  9.07124E-01  8.97437E-03
   39727.272    730.220  14.000  9.15310E-01  9.06862E-01  9.25713E-03
   39732.616    735.564  14.050  9.14048E-01  9.06532E-01  8.23954E-03
   39737.978    740.926  14.100  9.11600E-01  9.06202E-01  5.92061E-03
   39743.360    746.308  14.150  9.08264E-01  9.05872E-01  2.62494E-03
   39748.760    751.708  14.200  9.04560E-01  9.05542E-01 -1.07736E-03
   39754.180    757.128  14.250  9.01112E-01  9.05212E-01 -4.50178E-03
   39759.619    762.567  14.300  8.98493E-01  9.04882E-01 -7.01810E-03
   39765.077    768.025  14.350  8.97082E-01  9.04551E-01 -8.20872E-03
   39770.554    773.501  14.400  8.96972E-01  9.04221E-01 -7.97080E-03
   39776.049    778.997  14.450  8.97952E-01  9.03891E-01 -6.53268E-03
   39781.564    784.512  14.500  8.99581E-01  9.03561E-01 -4.37974E-03
   39787.098    790.046  14.550  9.01313E-01  9.03231E-01 -2.11140E-03
   39792.651    795.599  14.600  9.02654E-01  9.02901E-01 -2.71185E-04
   39798.224    801.171  14.650  9.03298E-01  9.02571E-01  8.00968E-04
   39803.815    806.763  14.700  9.03194E-01  9.02240E-01  1.05153E-03
   39809.425    812.373  14.750  9.02553E-01  9.01910E-01  7.08312E-04
   39815.054    818.002  14.800  9.01753E-01  9.01580E-01  1.90548E-04
   39820.702    823.650  14.850  9.01216E-01  9.01250E-01 -3.78953E-05
   39826.370    829.318  14.900  9.01257E-01  9.00920E-01  3.72459E-04
   39832.056    835.004  14.950  9.01978E-01  9.00590E-01  1.53337E-03
   39837.762    840.710  15.000  9.03218E-01  9.00260E-01  3.26851E-03
   39843.486    846.434  15.050  9.04608E-01  8.99934E-01  5.16567E-03
   39849.230    852.178  15.100  9.05615E-01  8.99609E-01  6.64117E-03
   39854.992    857.940  15.150  9.05754E-01  8.99284E-01  7.15753E-03
   39860.774    863.722  15.200  9.04713E-01  8.98958E-01  6.36846E-03
   39866.575    869.523  15.250  9.02457E-01  8.98633E-01  4.23322E-03
   39872.394    875.342  15.300  8.99255E-01  8.98308E-01  1.04954E-03
   39878.233    881.181  15.350  8.95631E-01  8.97982E-01 -2.60499E-03
   39884.091    887.039  15.400  8.92236E-01  8.97657E-01 -6.00798E-03
   39889.968    892.916  15.450  8.89695E-01  8.97332E-01 -8.46722E-03
   39895.864    898.812  15.500  8.88452E-01  8.97007E-01 -9.48860E-03
   39901.779    904.727  15.550  8.88667E-01  8.96681E-01 -8.89287E-03
   39907.713    910.661  15.600  8.90183E-01  8.96356E-01 -6.85151E-03
   39913.666    916.614  15.650  8.92577E-01  8.96031E-01 -3.83478E-03
   39919.638    922.586  15.700  8.95266E-01  8.95705E-01 -4.88394E-04
   39925.629    928.577  15.750  8.97653E-01  8.95380E-01  2.52644E-03
   39931.640    934.588  15.800  8.99271E-01  8.95055E-01  4.68675E-03
   39937.669    940.617  15.850  8.99869E-01  8.94729E-01  5.71627E-03
   39943.717    946.665  15.900  8.99459E-01  8.94404E-01  5.62396E-03
   39949.785    952.733  15.950  8.98273E-01  8.94079E-01  4.66769E-03
   39955.871    958.819  16.000  8.96680E-01  8.93753E-01  3.25856E-03
   39961.977    964.925  16.050  8.95048E-01  8.93389E-01  1.84802E-03
   39968.101    971.049  16.100  8.93713E-01  8.93024E-01  7.68619E-04
   39974.245    977.193  16.150  8.92833E-01  8.92659E-01  1.93872E-04
   39980.407    983.355  16.200  8.92385E-01  8.92294E-01  1.01178E-04
   39986.589    989.537  16.250  8.92203E-01  8.91929E-01  3.05489E-04
   39992.790    995.738  16.300  8.92045E-01  8.91564E-01  5.36062E-04
   39999.010   1001.958  16.350  8.91675E-01  8.91200E-01  5.31024E-04
   40005.249   1008.196  16.400  8.90944E-01  8.90835E-01  1.21674E-04
   40011.506   1014.454  16.450  8.89829E-01  8.90470E-01 -7.16314E-04
   40017.783   1020.731  16.500  8.88445E-01  8.90105E-01 -1.85651E-03
   40024.079   1027.027  16.550  8.87007E-01  8.89740E-01 -3.05857E-03
   40030.394   1033.342  16.600  8.85771E-01  8.89375E-01 -4.03498E-03
   40036.729   1039.676  16.650  8.84968E-01  8.89010E-01 -4.52755E-03
   40043.082   1046.030  16.700  8.84743E-01  8.88646E-01 -4.37266E-03
   40049.454   1052.402  16.750  8.85123E-01  8.88281E-01 -3.53944E-03
   40055.845   1058.793  16.800  8.86014E-01  8.87916E-01 -2.13362E-03
   40062.255   1065.203  16.850  8.87222E-01  8.87551E-01 -3.69745E-04
   40068.685   1071.633  16.900  8.88503E-01  8.87186E-01  1.47819E-03
   40075.133   1078.081  16.950  8.89611E-01  8.86821E-01  3.13335E-03
   40081.601   1084.549  17.000  8.90343E-01  8.86457E-01  4.36621E-03
   40088.087   1091.035  17.050  8.90573E-01  8.86095E-01  5.03399E-03
   40094.593   1097.541  17.100  8.90247E-01  8.85733E-01  5.07564E-03
   40101.117   1104.065  17.150  8.89395E-01  8.85372E-01  4.52602E-03
   40107.661   1110.609  17.200  8.88111E-01  8.85010E-01  3.48958E-03
   40114.224   1117.172  17.250  8.86528E-01  8.84649E-01  2.11610E-03
   40120.805   1123.753  17.300  8.84800E-01  8.84287E-01  5.77238E-04
   40127.406   1130.354  17.350  8.83080E-01  8.83926E-01 -9.52850E-04
   40134.026   1136.974  17.400  8.81513E-01  8.83564E-01 -2.31254E-03
   40140.665   1143.613  17.450  8.80220E-01  8.83203E-01 -3.36496E-03
   40147.323   1150.271  17.500  8.79289E-01  8.82841E-01 -4.00914E-03
   40154.000   1156.948  17.550  8.78768E-01  8.82480E-01 -4.19040E-03
   40160.696   1163.644  17.600  8.78658E-01  8.82118E-01 -3.90848E-03
   40167.411   1170.359  17.650  8.78907E-01  8.81756E-01 -3.22042E-03
   40174.145   1177.093  17.700  8.79418E-01  8.81395E-01 -2.23507E-03
   40180.898   1183.846  17.750  8.80063E-01  8.81033E-01 -1.09774E-03
   40187.671   1190.619  17.800  8.80702E-01  8.80672E-01  3.37393E-05
   40194.462   1197.410  17.850  8.81209E-01  8.80310E-01  1.01710E-03
   40201.272   1204.220  17.900  8.81495E-01  8.79949E-01  1.75137E-03
   40208.102   1211.050  17.950  8.81523E-01  8.79587E-01  2.19336E-03
   40214.950   1217.898  18.000  8.81308E-01  8.79226E-01  2.36009E-03
   40221.818   1224.765  18.050  8.80863E-01  8.78820E-01  2.31706E-03
   40228.704   1231.652  18.100  8.80308E-01  8.78415E-01  2.14796E-03
   40235.610   1238.558  18.150  8.79714E-01  8.78010E-01  1.93494E-03
   40242.534   1245.482  18.200  8.79126E-01  8.77605E-01  1.72859E-03
   40249.478   1252.426  18.250  8.78548E-01  8.77199E-01  1.53313E-03
   40256.441   1259.389  18.300  8.77944E-01  8.76794E-01  1.30795E-03
   40263.423   1266.371  18.350  8.77255E-01  8.76389E-01  9.85734E-04
   40270.423   1273.371  18.400  8.76424E-01  8.75984E-01  5.01721E-04
   40277.443   1280.391  18.450  8.75425E-01  8.75578E-01 -1.74855E-04
   40284.482   1287.430  18.500  8.74280E-01  8.75173E-01 -1.01743E-03
   40291.540   1294.488  18.550  8.73070E-01  8.74768E-01 -1.93498E-03
   40298.617   1301.565  18.600  8.71921E-01  8.74363E-01 -2.78456E-03
   40305.713   1308.661  18.650  8.70976E-01  8.73957E-01 -3.40130E-03
   40312.829   1315.776  18.700  8.70365E-01  8.73552E-01 -3.63804E-03
   40319.963   1322.911  18.750  8.70167E-01  8.73147E-01 -3.40389E-03
   40327.116   1330.064  18.800  8.70387E-01  8.72742E-01 -2.69099E-03
   40334.288   1337.236  18.850  8.70953E-01  8.72336E-01 -1.58181E-03
   40341.480   1344.428  18.900  8.71726E-01  8.71931E-01 -2.34841E-04
   40348.690   1351.638  18.950  8.72529E-01  8.71526E-01  1.14755E-03
   40355.920   1358.867  19.000  8.73182E-01  8.71121E-01  2.36063E-03
   40363.168   1366.116  19.050  8.73538E-01  8.70706E-01  3.24439E-03
   40370.436   1373.383  19.100  8.73510E-01  8.70291E-01  3.68941E-03
   40377.722   1380.670  19.150  8.73077E-01  8.69876E-01  3.67043E-03
   40385.028   1387.976  19.200  8.72281E-01  8.69462E-01  3.23557E-03
   40392.352   1395.300  19.250  8.71212E-01  8.69047E-01  2.48605E-03
   40399.696   1402.644  19.300  8.69980E-01  8.68632E-01  1.54839E-03
   40407.059   1410.007  19.350  8.68693E-01  8.68217E-01  5.47426E-04
   40414.441   1417.389  19.400  8.67443E-01  8.67802E-01 -4.13023E-04
   40421.842   1424.790  19.450  8.66294E-01  8.67388E-01 -1.25830E-03
   40429.262   1432.210  19.500  8.65287E-01  8.66973E-01 -1.94073E-03
   40436.701   1439.649  19.550  8.64448E-01  8.66558E-01 -2.43113E-03
   40444.159   1447.107  19.600  8.63793E-01  8.66143E-01 -2.70972E-03
   40451.636   1454.584  19.650  8.63334E-01  8.65729E-01 -2.76132E-03
   40459.132   1462.080  19.700  8.63080E-01  8.65314E-01 -2.57720E-03
   40466.647   1469.595  19.750  8.63026E-01  8.64899E-01 -2.16256E-03
   40474.181   1477.129  19.800  8.63146E-01  8.64484E-01 -1.54569E-03
   40481.735   1484.683  19.850  8.63392E-01  8.64070E-01 -7.83696E-04
   40489.307   1492.255  19.900  8.63689E-01  8.63655E-01  3.96110E-05
   40496.898   1499.846  19.950  8.63953E-01  8.63240E-01  8.25048E-04
   40504.509   1507.457  20.000  8.64101E-01  8.62825E-01  1.47673E-03
