# # Once                                                         FEFF 9.6.4  
# # POT  SCF 100  5.0000   0, core-hole, AFOLP (folp(0)= 1.150)
# # Abs   Z=26 Rmt= 1.362 Rnm= 1.411 K  shell
# # Pot 1 Z=57 Rmt= 1.835 Rnm= 1.835
# # Pot 2 Z=14 Rmt= 1.348 Rnm= 1.399
# # Pot 3 Z=26 Rmt= 1.356 Rnm= 1.407
# # Gam_ch=1.309E+00 H-L exch Vi= 0.000E+00 Vr= 0.000E+00
# # Mu=-1.668E+01 kf=2.119E+00 Vint=-2.585E+01 Rs_int= 1.711
# # PATH  Rmax= 8.000,  Keep_limit= 0.00, Heap_limit 0.00  Pwcrit= 2.50%
#  S02=1.000  Temp=   0.00  Debye_temp=   0.00  Global_sig2= 0.00000
#  Energy zero shift, vr, vi    0.00000E+00   0.00000E+00
#  Curved wave amplitude ratio filter   4.000%
#     file         sig2 tot  cw amp ratio   deg  nlegs   reff  inp sig2
#           1       0.00000    100.00      1.00     2   2.4258
#           2       0.00000    103.20      1.00     2   2.4312
#           3       0.00000     97.11      1.00     2   2.4621
#           4       0.00000     95.50      1.00     2   2.4829
#           5       0.00000     95.00      1.00     2   2.4894
#           6       0.00000     89.69      1.00     2   2.5619
#           7       0.00000     87.70      1.00     2   2.5905
#           8       0.00000    172.20      2.00     2   2.6139
#           9       0.00000     79.51      1.00     2   2.7174
#          10       0.00000     81.79      1.00     2   3.2805
#          11       0.00000     52.60      1.00     2   3.2890
#          12       0.00000     80.09      1.00     2   3.3148
#          13       0.00000      7.29      2.00     3   3.7025
#          14       0.00000      9.41      2.00     3   3.7180
#          15       0.00000      9.54      2.00     3   3.7427
#          16       0.00000      9.16      2.00     3   3.7509
#          17       0.00000      9.76      2.00     3   3.7509
#          18       0.00000      9.44      2.00     3   3.7598
#          19       0.00000      9.45      2.00     3   3.7626
#          20       0.00000     17.69      4.00     3   3.7899
#          21       0.00000      9.27      2.00     3   3.8139
#          22       0.00000      9.39      2.00     3   3.8205
#          23       0.00000      9.09      2.00     3   3.8337
#          24       0.00000      7.94      2.00     3   3.8492
#          25       0.00000     35.37      1.00     2   3.9057
#          26       0.00000      9.99      2.00     3   4.0677
#          27       0.00000      7.57      2.00     3   4.0892
#          28       0.00000     31.37      1.00     2   4.1063
#          29       0.00000     30.69      1.00     2   4.1439
#          30       0.00000     30.40      1.00     2   4.1601
#          31       0.00000     30.19      1.00     2   4.1720
#          32       0.00000     30.03      1.00     2   4.1811
#          33       0.00000     29.82      1.00     2   4.1931
#          34       0.00000     29.63      1.00     2   4.2039
#          35       0.00000     29.25      1.00     2   4.2264
#          36       0.00000     21.87      1.00     2   4.2295
#          37       0.00000     29.14      1.00     2   4.2326
#          38       0.00000     29.04      1.00     2   4.2387
#          39       0.00000     28.72      1.00     2   4.2580
#          40       0.00000     28.63      1.00     2   4.2633
#          41       0.00000     13.95      2.00     3   4.3729
#          42       0.00000      9.83      2.00     3   4.3874
#          43       0.00000     25.92      1.00     2   4.4386
#          44       0.00000     18.45      1.00     2   4.4792
#          45       0.00000     25.28      1.00     2   4.4830
#          46       0.00000     25.18      1.00     2   4.4907
#          47       0.00000     25.01      1.00     2   4.5028
#          48       0.00000      9.64      2.00     3   4.5365
#          49       0.00000      9.36      2.00     3   4.5707
#          50       0.00000     24.03      1.00     2   4.5751
#          51       0.00000     13.84      2.00     3   4.5751
#          52       0.00000     10.14      2.00     3   4.5749
#          53       0.00000      8.99      2.00     3   4.5772
#          54       0.00000     15.66      2.00     3   4.5777
#          55       0.00000     23.97      1.00     2   4.5798
#          56       0.00000      9.26      2.00     3   4.5815
#          57       0.00000      6.40      2.00     3   4.5835
#          58       0.00000     10.15      2.00     3   4.5839
#          59       0.00000      8.90      2.00     3   4.5936
#          60       0.00000      8.94      2.00     3   4.6035
#          61       0.00000      8.73      2.00     3   4.6046
#          62       0.00000      5.97      2.00     3   4.6110
#          63       0.00000      8.70      2.00     3   4.6187
#          64       0.00000      4.67      2.00     3   4.6203
#          65       0.00000      9.36      2.00     3   4.6234
#          66       0.00000      9.39      2.00     3   4.6260
#          67       0.00000      5.72      2.00     3   4.6276
#          68       0.00000      5.90      2.00     3   4.6362
#          69       0.00000      8.83      2.00     3   4.6362
#          70       0.00000      4.53      2.00     3   4.6373
#          71       0.00000      6.02      2.00     3   4.6373
#          72       0.00000     23.30      2.00     3   4.6523
#          73       0.00000      5.64      2.00     3   4.6543
#          74       0.00000      8.48      2.00     3   4.6543
#          75       0.00000     16.23      1.00     2   4.6750
#          76       0.00000     22.57      2.00     3   4.6952
#          77       0.00000      6.28      2.00     3   4.7127
#          78       0.00000     13.35      2.00     3   4.7142
#          79       0.00000     12.44      2.00     3   4.7244
#          80       0.00000     12.27      2.00     3   4.7284
#          81       0.00000     12.01      2.00     3   4.7541
#          82       0.00000     13.63      2.00     3   4.7582
#          83       0.00000     21.19      1.00     2   4.8073
#          84       0.00000     12.04      2.00     3   4.8091
#          85       0.00000      8.88      2.00     3   4.8104
#          86       0.00000     44.92      2.00     3   4.8201
#          87       0.00000     28.51      1.00     4   4.8328
#          88       0.00000      5.93      1.00     4   4.8516
#          89       0.00000      8.57      2.00     3   4.8601
#          90       0.00000      6.45      2.00     3   4.8600
#          91       0.00000      4.21      1.00     4   4.8624
#          92       0.00000      5.70      1.00     4   4.8661
#          93       0.00000     14.70      2.00     3   4.8805
#          95       0.00000      5.53      1.00     4   4.9073
#          96       0.00000     10.52      2.00     4   4.9141
#          98       0.00000      5.57      1.00     4   4.9242
#          99       0.00000     13.74      1.00     2   4.9404
#         100       0.00000     28.62      2.00     3   4.9614
#         101       0.00000      5.37      1.00     4   4.9658
#         102       0.00000     13.42      1.00     2   4.9785
#         103       0.00000      5.31      1.00     4   4.9789
#         104       0.00000     16.24      1.00     4   4.9825
#         105       0.00000     18.42      2.00     3   4.9850
#         106       0.00000     19.26      1.00     2   4.9885
#         107       0.00000     48.61      2.00     3   4.9887
#         108       0.00000     39.11      1.00     4   4.9888
#         110       0.00000     27.19      2.00     3   5.0020
#         111       0.00000     18.97      1.00     2   5.0179
#         112       0.00000     11.65      2.00     4   5.0240
#         113       0.00000     14.98      1.00     4   5.0254
#         114       0.00000     18.88      1.00     2   5.0273
#         115       0.00000     18.86      1.00     2   5.0288
#         116       0.00000     50.07      2.00     3   5.0363
#         118       0.00000     32.49      1.00     4   5.0547
#         119       0.00000     29.85      2.00     3   5.0600
#         120       0.00000     17.55      2.00     3   5.0653
#         121       0.00000     26.51      2.00     3   5.0653
#         122       0.00000     18.43      1.00     2   5.0739
#         123       0.00000     12.61      1.00     4   5.0912
#         124       0.00000      5.80      4.00     4   5.0968
#         125       0.00000     30.70      2.00     3   5.0994
#         126       0.00000     16.92      2.00     3   5.1022
#         127       0.00000     11.15      2.00     4   5.1034
#         128       0.00000     10.01      1.00     4   5.1034
#         129       0.00000      4.71      1.00     4   5.1238
#         130       0.00000     14.48      1.00     4   5.1250
#         131       0.00000     10.33      2.00     4   5.1432
#         132       0.00000     28.21      1.00     2   5.1730
#         133       0.00000      4.50      1.00     4   5.1811
#         134       0.00000     27.68      1.00     2   5.2110
#         135       0.00000      8.66      2.00     4   5.2279
#         136       0.00000     16.85      1.00     2   5.2494
#         137       0.00000     16.70      1.00     2   5.2678
#         138       0.00000     16.44      1.00     2   5.2996
#         139       0.00000      4.72      2.00     3   5.3238
#         140       0.00000      4.71      2.00     3   5.3723
#         141       0.00000     15.74      1.00     2   5.3864
#         142       0.00000      5.44      2.00     3   5.4334
#         144       0.00000      5.69      2.00     3   5.4469
#         145       0.00000      4.91      2.00     3   5.4733
#         146       0.00000      8.65      2.00     3   5.4867
#         147       0.00000      8.21      2.00     3   5.5435
#         149       0.00000      5.99      2.00     3   5.5576
#         150       0.00000      7.64      2.00     3   5.5655
#         151       0.00000      6.11      2.00     3   5.5662
#         152       0.00000      4.82      2.00     3   5.5699
#         153       0.00000      7.85      2.00     3   5.5699
#         154       0.00000      4.67      2.00     3   5.5763
#         156       0.00000      4.64      2.00     3   5.6013
#         157       0.00000      5.40      2.00     3   5.6013
#         158       0.00000     13.97      1.00     2   5.6304
#         159       0.00000      9.94      2.00     3   5.6874
#         160       0.00000     13.55      1.00     2   5.6943
#         161       0.00000     13.53      1.00     2   5.6981
#         162       0.00000     27.00      2.00     2   5.7023
#         163       0.00000      9.83      2.00     3   5.7126
#         164       0.00000      4.58      2.00     3   5.7283
#         166       0.00000     12.96      1.00     2   5.7880
#         168       0.00000     12.84      1.00     2   5.8076
#         169       0.00000     12.78      1.00     2   5.8176
#         170       0.00000     18.18      2.00     3   5.8639
#         171       0.00000     12.36      2.00     4   5.8710
#         172       0.00000     20.15      1.00     2   5.8835
#         173       0.00000     42.03      2.00     3   5.8848
#         174       0.00000     27.61      1.00     4   5.8861
#         175       0.00000     12.36      1.00     2   5.8888
#         176       0.00000      8.29      2.00     3   5.8977
#         177       0.00000     19.85      1.00     2   5.9170
#         178       0.00000      8.65      2.00     3   5.9200
#         179       0.00000     12.17      1.00     2   5.9222
#         180       0.00000     17.66      2.00     3   5.9228
#         181       0.00000     38.50      2.00     3   5.9228
#         182       0.00000     12.06      2.00     4   5.9287
#         183       0.00000     23.06      1.00     4   5.9287
#         184       0.00000     12.12      1.00     2   5.9317
#         185       0.00000      6.77      2.00     3   5.9821
#         186       0.00000      7.52      1.00     2   5.9966
#         187       0.00000      7.51      1.00     2   5.9990
#         188       0.00000     11.71      1.00     2   6.0051
#         190       0.00000     11.55      1.00     2   6.0359
#         191       0.00000     11.50      1.00     2   6.0439
#         193       0.00000     11.48      1.00     2   6.0479
#         194       0.00000      7.31      1.00     2   6.0505
#         195       0.00000      4.20      2.00     3   6.0655
#         196       0.00000      7.24      1.00     2   6.0688
#         197       0.00000      7.67      2.00     3   6.1348
#         198       0.00000     11.01      1.00     2   6.1399
#         199       0.00000      8.56      2.00     3   6.1495
#         202       0.00000      5.64      2.00     3   6.1589
#         203       0.00000      4.62      2.00     3   6.1629
#         204       0.00000     16.73      4.00     3   6.1660
#         205       0.00000     10.85      1.00     2   6.1718
#         206       0.00000      8.14      2.00     3   6.1730
#         207       0.00000     10.83      1.00     2   6.1761
#         208       0.00000      9.07      2.00     3   6.1953
#         209       0.00000     10.70      1.00     2   6.2024
#         210       0.00000      4.92      2.00     3   6.2021
#         211       0.00000      9.23      2.00     3   6.2119
#         212       0.00000      5.30      2.00     3   6.2116
#         214       0.00000     10.62      1.00     2   6.2206
#         216       0.00000      9.86      2.00     3   6.2401
#         217       0.00000     10.40      1.00     2   6.2671
#         218       0.00000      4.28      2.00     3   6.2712
#         219       0.00000     10.34      1.00     2   6.2797
#         221       0.00000      9.38      2.00     3   6.2851
#         222       0.00000      9.54      2.00     3   6.2870
#         223       0.00000     10.27      1.00     2   6.2948
#         224       0.00000     10.21      1.00     2   6.3072
#         228       0.00000      5.50      2.00     3   6.3264
#         230       0.00000      6.74      2.00     3   6.3319
#         231       0.00000      6.36      2.00     3   6.3333
#         232       0.00000      4.32      2.00     3   6.3330
#         234       0.00000      6.28      2.00     3   6.3551
#         235       0.00000      4.10      2.00     3   6.3780
#         236       0.00000      9.88      1.00     2   6.3823
#         237       0.00000     19.69      2.00     2   6.3896
#         238       0.00000      9.83      1.00     2   6.3925
#         239       0.00000      5.86      2.00     3   6.3934
#         240       0.00000      5.25      2.00     3   6.3934
#         241       0.00000      4.28      2.00     3   6.3952
#         242       0.00000      9.81      1.00     2   6.3974
#         244       0.00000      9.75      1.00     2   6.4111
#         245       0.00000      5.11      2.00     3   6.4122
#         246       0.00000      5.90      2.00     3   6.4167
#         247       0.00000      4.57      2.00     3   6.4220
#         249       0.00000      4.01      2.00     3   6.4400
#         250       0.00000      4.14      2.00     3   6.4402
#         251       0.00000      9.61      1.00     2   6.4434
#         252       0.00000     15.96      2.00     3   6.4431
#         253       0.00000      4.71      2.00     3   6.4432
#         254       0.00000      6.53      2.00     3   6.4449
#         255       0.00000      4.58      2.00     3   6.4454
#         256       0.00000     18.01      2.00     3   6.4463
#         257       0.00000      9.59      1.00     2   6.4499
#         258       0.00000      4.49      2.00     3   6.4494
#         259       0.00000      5.87      2.00     3   6.4501
#         262       0.00000      4.73      2.00     3   6.4534
#         263       0.00000      5.58      2.00     3   6.4653
#         267       0.00000      6.25      2.00     3   6.4907
#         268       0.00000      9.41      1.00     2   6.4914
#         269       0.00000      9.41      1.00     2   6.4916
#         270       0.00000      9.41      1.00     2   6.4929
#         271       0.00000      9.40      1.00     2   6.4935
#         272       0.00000      8.60      1.00     4   6.4952
#         273       0.00000     10.89      2.00     3   6.5010
#         274       0.00000      9.35      1.00     2   6.5064
#         276       0.00000     17.97      2.00     3   6.5079
#         278       0.00000      4.80      2.00     3   6.5119
#         279       0.00000      9.32      1.00     2   6.5141
#         282       0.00000      4.31      2.00     3   6.5269
#         283       0.00000      4.71      2.00     3   6.5278
#         284       0.00000      4.65      2.00     3   6.5278
#         285       0.00000      4.63      2.00     3   6.5301
#         286       0.00000      4.59      2.00     3   6.5301
#         287       0.00000     13.37      2.00     3   6.5323
#         288       0.00000      9.71      2.00     3   6.5425
#         289       0.00000      4.13      2.00     3   6.5490
#         291       0.00000     23.93      2.00     3   6.5527
#         292       0.00000      5.40      2.00     3   6.5537
#         293       0.00000      4.42      2.00     3   6.5575
#         294       0.00000      5.57      1.00     4   6.5583
#         295       0.00000      9.14      1.00     2   6.5589
#         297       0.00000      9.12      1.00     2   6.5646
#         298       0.00000      9.10      1.00     2   6.5689
#         300       0.00000      4.18      2.00     4   6.5751
#         301       0.00000     17.45      2.00     3   6.5849
#         302       0.00000      7.87      2.00     3   6.5858
#         303       0.00000      4.26      2.00     3   6.5862
#         304       0.00000     15.03      2.00     3   6.5861
#         305       0.00000      5.43      2.00     3   6.5889
#         306       0.00000     15.76      1.00     4   6.5914
#         307       0.00000      7.95      1.00     4   6.5914
#         308       0.00000     10.30      1.00     4   6.6047
#         309       0.00000      4.85      2.00     3   6.6066
#         310       0.00000      5.15      2.00     4   6.6069
#         311       0.00000     23.27      2.00     3   6.6075
#         312       0.00000      8.93      1.00     2   6.6122
#         313       0.00000      6.86      2.00     3   6.6227
#         314       0.00000      8.89      1.00     2   6.6236
#         316       0.00000     13.60      2.00     3   6.6329
#         317       0.00000      7.72      2.00     3   6.6375
#         318       0.00000      8.80      1.00     2   6.6457
#         319       0.00000     15.27      1.00     4   6.6462
#         320       0.00000      5.45      2.00     3   6.6490
#         321       0.00000     13.32      2.00     3   6.6534
#         322       0.00000      6.12      1.00     4   6.6536
#         323       0.00000      5.19      2.00     4   6.6552
#         324       0.00000      5.38      1.00     2   6.6564
#         326       0.00000      8.75      1.00     2   6.6605
#         327       0.00000      5.36      1.00     2   6.6667
#         328       0.00000     17.00      2.00     3   6.6757
#         329       0.00000     10.11      1.00     4   6.6768
#         330       0.00000      5.57      1.00     4   6.6833
#         331       0.00000      7.26      2.00     3   6.6984
#         332       0.00000      8.26      2.00     3   6.6989
#         333       0.00000     11.42      2.00     3   6.6995
#         334       0.00000      4.56      2.00     3   6.7018
#         335       0.00000      6.88      2.00     3   6.7047
#         336       0.00000      8.06      1.00     4   6.7057
#         337       0.00000      8.57      1.00     2   6.7078
#         340       0.00000      4.60      2.00     4   6.7220
#         342       0.00000      7.63      1.00     4   6.7288
#         343       0.00000     14.00      2.00     3   6.7305
#   303/ 339 paths used
#  xsedge+50, used to normalize mu           3.1976E-04
#  -----------------------------------------------------------------------
#  omega    e    k    mu    mu0     chi     @#
    7120.416    -16.670   0.050  2.47366E-01  3.12395E-01 -1.18618E-01
    7120.444    -16.641   0.100  2.56212E-01  3.17857E-01 -1.12246E-01
    7120.492    -16.593   0.150  2.81975E-01  3.34071E-01 -9.43617E-02
    7120.558    -16.527   0.200  3.07551E-01  3.50285E-01 -7.70008E-02
    7120.644    -16.441   0.250  3.45603E-01  3.74963E-01 -5.24536E-02
    7120.749    -16.336   0.300  3.82595E-01  3.99642E-01 -3.01972E-02
    7120.873    -16.212   0.350  4.22374E-01  4.27037E-01 -8.16539E-03
    7121.016    -16.069   0.400  4.59239E-01  4.54432E-01  8.32327E-03
    7121.178    -15.908   0.450  4.88913E-01  4.79355E-01  1.63160E-02
    7121.358    -15.727   0.500  5.13397E-01  5.04278E-01  1.53503E-02
    7121.559    -15.527   0.550  5.25570E-01  5.25497E-01  1.19601E-04
    7121.778    -15.307   0.600  5.31025E-01  5.46717E-01 -2.55783E-02
    7122.016    -15.069   0.650  5.23109E-01  5.65212E-01 -6.74186E-02
    7122.273    -14.812   0.700  5.08744E-01  5.83707E-01 -1.17953E-01
    7122.549    -14.536   0.750  4.80722E-01  6.00598E-01 -1.85091E-01
    7122.844    -14.241   0.800  4.49046E-01  6.17488E-01 -2.55302E-01
    7123.159    -13.926   0.850  4.09369E-01  6.33498E-01 -3.33158E-01
    7123.492    -13.593   0.900  3.76392E-01  6.49508E-01 -3.98301E-01
    7123.845    -13.241   0.950  3.61137E-01  6.64981E-01 -4.34532E-01
    7124.216    -12.869   1.000  3.56315E-01  6.80455E-01 -4.54751E-01
    7124.606    -12.479   1.050  3.57950E-01  6.95499E-01 -4.64544E-01
    7125.016    -12.069   1.100  3.68328E-01  7.10544E-01 -4.62165E-01
    7125.445    -11.640   1.150  3.86660E-01  7.25137E-01 -4.48728E-01
    7125.892    -11.193   1.200  4.13225E-01  7.39730E-01 -4.25059E-01
    7126.359    -10.726   1.250  4.47339E-01  7.53742E-01 -3.91955E-01
    7126.845    -10.240   1.300  4.86847E-01  7.67754E-01 -3.53201E-01
    7127.350     -9.735   1.350  5.29686E-01  7.81060E-01 -3.10970E-01
    7127.874     -9.211   1.400  5.75073E-01  7.94367E-01 -2.66975E-01
    7128.416     -8.669   1.450  6.21003E-01  8.06799E-01 -2.22864E-01
    7128.978     -8.107   1.500  6.68921E-01  8.19230E-01 -1.77681E-01
    7129.559     -7.526   1.550  7.17820E-01  8.30652E-01 -1.31625E-01
    7130.160     -6.925   1.600  7.69215E-01  8.42074E-01 -8.38900E-02
    7130.779     -6.306   1.650  8.22044E-01  8.52363E-01 -3.45085E-02
    7131.417     -5.668   1.700  8.75329E-01  8.62653E-01  1.42627E-02
    7132.074     -5.011   1.750  9.26681E-01  8.71722E-01  6.12333E-02
    7132.750     -4.335   1.800  9.72450E-01  8.80791E-01  1.01132E-01
    7133.446     -3.639   1.850  1.00899E+00  8.88588E-01  1.31765E-01
    7134.160     -2.925   1.900  1.03516E+00  8.96385E-01  1.50661E-01
    7134.893     -2.192   1.950  1.04828E+00  9.02817E-01  1.56896E-01
    7135.646     -1.439   2.000  1.04967E+00  9.09249E-01  1.50487E-01
    7136.417     -0.668   2.050  1.04017E+00  9.13793E-01  1.34890E-01
    7137.208      0.123   2.100  1.02276E+00  9.18337E-01  1.11001E-01
    7138.018      0.933   2.150  1.00160E+00  9.22881E-01  8.33430E-02
    7138.846      1.761   2.200  9.80749E-01  9.27424E-01  5.62282E-02
    7139.694      2.609   2.250  9.59219E-01  9.28646E-01  3.22372E-02
    7140.561      3.476   2.300  9.43014E-01  9.29867E-01  1.38624E-02
    7141.447      4.362   2.350  9.33046E-01  9.31089E-01  2.06450E-03
    7142.351      5.266   2.400  9.28692E-01  9.32310E-01 -3.81516E-03
    7143.275      6.190   2.450  9.29059E-01  9.35629E-01 -6.91512E-03
    7144.218      7.133   2.500  9.31503E-01  9.38947E-01 -7.82269E-03
    7145.180      8.095   2.550  9.36076E-01  9.42266E-01 -6.49328E-03
    7146.161      9.076   2.600  9.43227E-01  9.45584E-01 -2.46902E-03
    7147.162     10.077   2.650  9.51498E-01  9.50480E-01  1.06232E-03
    7148.181     11.096   2.700  9.60560E-01  9.55375E-01  5.38478E-03
    7149.219     12.134   2.750  9.69566E-01  9.60271E-01  9.61521E-03
    7150.276     13.191   2.800  9.77603E-01  9.65167E-01  1.28127E-02
    7151.353     14.268   2.850  9.80675E-01  9.67861E-01  1.31663E-02
    7152.448     15.363   2.900  9.82263E-01  9.70555E-01  1.19966E-02
    7153.562     16.477   2.950  9.82724E-01  9.73249E-01  9.68196E-03
    7154.696     17.611   3.000  9.82774E-01  9.75944E-01  6.96065E-03
    7155.848     18.763   3.050  9.80538E-01  9.77767E-01  2.81808E-03
    7157.020     19.935   3.100  9.79470E-01  9.79591E-01 -1.22362E-04
    7158.211     21.126   3.150  9.80834E-01  9.81414E-01 -5.87340E-04
    7159.420     22.335   3.200  9.85558E-01  9.83237E-01  2.34523E-03
    7160.649     23.564   3.250  9.91311E-01  9.83919E-01  7.45878E-03
    7161.897     24.812   3.300  1.00062E+00  9.84600E-01  1.61375E-02
    7163.164     26.078   3.350  1.01254E+00  9.85282E-01  2.74179E-02
    7164.449     27.364   3.400  1.02530E+00  9.85963E-01  3.94959E-02
    7165.754     28.669   3.450  1.03628E+00  9.86571E-01  4.98654E-02
    7167.078     29.993   3.500  1.04395E+00  9.87179E-01  5.68971E-02
    7168.421     31.336   3.550  1.04618E+00  9.87786E-01  5.84759E-02
    7169.783     32.698   3.600  1.04165E+00  9.88394E-01  5.32796E-02
    7171.165     34.079   3.650  1.02968E+00  9.88430E-01  4.12284E-02
    7172.565     35.480   3.700  1.01177E+00  9.88466E-01  2.32714E-02
    7173.984     36.899   3.750  9.90015E-01  9.88503E-01  1.50885E-03
    7175.422     38.337   3.800  9.67193E-01  9.88539E-01 -2.12768E-02
    7176.879     39.794   3.850  9.46290E-01  9.88921E-01 -4.24598E-02
    7178.356     41.271   3.900  9.29689E-01  9.89303E-01 -5.93302E-02
    7179.851     42.766   3.950  9.19020E-01  9.89685E-01 -7.02745E-02
    7181.366     44.281   4.000  9.14563E-01  9.90067E-01 -7.50296E-02
    7182.899     45.814   4.050  9.15472E-01  9.90344E-01 -7.43436E-02
    7184.452     47.367   4.100  9.20337E-01  9.90621E-01 -6.97335E-02
    7186.023     48.938   4.150  9.27335E-01  9.90898E-01 -6.30160E-02
    7187.614     50.529   4.200  9.34958E-01  9.91176E-01 -5.56901E-02
    7189.224     52.139   4.250  9.42825E-01  9.91528E-01 -4.82114E-02
    7190.853     53.768   4.300  9.50597E-01  9.91881E-01 -4.08378E-02
    7192.500     55.415   4.350  9.58823E-01  9.92234E-01 -3.30267E-02
    7194.167     57.082   4.400  9.68246E-01  9.92587E-01 -2.40438E-02
    7195.853     58.768   4.450  9.79822E-01  9.93072E-01 -1.30810E-02
    7197.558     60.473   4.500  9.92938E-01  9.93558E-01 -6.11789E-04
    7199.282     62.197   4.550  1.00677E+00  9.94043E-01  1.25546E-02
    7201.025     63.940   4.600  1.02004E+00  9.94529E-01  2.51480E-02
    7202.787     65.702   4.650  1.03112E+00  9.94821E-01  3.57648E-02
    7204.569     67.483   4.700  1.03913E+00  9.95112E-01  4.33572E-02
    7206.369     69.284   4.750  1.04391E+00  9.95404E-01  4.77586E-02
    7208.188     71.103   4.800  1.04611E+00  9.95696E-01  4.96220E-02
    7210.026     72.941   4.850  1.04681E+00  9.95883E-01  5.01212E-02
    7211.884     74.799   4.900  1.04776E+00  9.96070E-01  5.08663E-02
    7213.760     76.675   4.950  1.04999E+00  9.96257E-01  5.28808E-02
    7215.656     78.571   5.000  1.05369E+00  9.96444E-01  5.63277E-02
    7217.570     80.485   5.050  1.05772E+00  9.96388E-01  6.03601E-02
    7219.504     82.419   5.100  1.06047E+00  9.96331E-01  6.31373E-02
    7221.456     84.371   5.150  1.05966E+00  9.96275E-01  6.24025E-02
    7223.428     86.343   5.200  1.05321E+00  9.96218E-01  5.61242E-02
    7225.419     88.334   5.250  1.03949E+00  9.95898E-01  4.29519E-02
    7227.428     90.343   5.300  1.01905E+00  9.95577E-01  2.31425E-02
    7229.457     92.372   5.350  9.93448E-01  9.95257E-01 -1.78421E-03
    7231.505     94.420   5.400  9.65369E-01  9.94936E-01 -2.91837E-02
    7233.572     96.487   5.450  9.37889E-01  9.94344E-01 -5.57717E-02
    7235.658     98.573   5.500  9.14530E-01  9.93751E-01 -7.83303E-02
    7237.763    100.678   5.550  8.97813E-01  9.93158E-01 -9.43556E-02
    7239.887    102.802   5.600  8.89191E-01  9.92565E-01 -1.02391E-01
    7242.030    104.945   5.650  8.88894E-01  9.91691E-01 -1.01930E-01
    7244.192    107.107   5.700  8.96174E-01  9.90818E-01 -9.39469E-02
    7246.374    109.289   5.750  9.09541E-01  9.89944E-01 -7.98974E-02
    7248.574    111.489   5.800  9.27184E-01  9.89070E-01 -6.15635E-02
    7250.793    113.708   5.850  9.47242E-01  9.88036E-01 -4.06351E-02
    7253.032    115.946   5.900  9.68015E-01  9.87002E-01 -1.89383E-02
    7255.289    118.204   5.950  9.88068E-01  9.85968E-01  2.09693E-03
    7257.565    120.480   6.000  1.00617E+00  9.84934E-01  2.12327E-02
    7259.861    122.776   6.050  1.02116E+00  9.83774E-01  3.74429E-02
    7262.176    125.090   6.100  1.03202E+00  9.82614E-01  4.95475E-02
    7264.509    127.424   6.150  1.03805E+00  9.81454E-01  5.68482E-02
    7266.862    129.777   6.200  1.03903E+00  9.80293E-01  5.90842E-02
    7269.233    132.148   6.250  1.03530E+00  9.79133E-01  5.65762E-02
    7271.624    134.539   6.300  1.02781E+00  9.77973E-01  5.02736E-02
    7274.034    136.949   6.350  1.01804E+00  9.76813E-01  4.16518E-02
    7276.463    139.378   6.400  1.00773E+00  9.75652E-01  3.24559E-02
    7278.911    141.826   6.450  9.98516E-01  9.74492E-01  2.43412E-02
    7281.378    144.293   6.500  9.91565E-01  9.73332E-01  1.85010E-02
    7283.864    146.779   6.550  9.87098E-01  9.72271E-01  1.50657E-02
    7286.369    149.284   6.600  9.84949E-01  9.71210E-01  1.39792E-02
    7288.893    151.808   6.650  9.84139E-01  9.70149E-01  1.42541E-02
    7291.436    154.351   6.700  9.83267E-01  9.69088E-01  1.44664E-02
    7293.998    156.913   6.750  9.80906E-01  9.68028E-01  1.31584E-02
    7296.580    159.495   6.800  9.76017E-01  9.66967E-01  9.26000E-03
    7299.180    162.095   6.850  9.68258E-01  9.65906E-01  2.41033E-03
    7301.799    164.714   6.900  9.58103E-01  9.64845E-01 -6.91711E-03
    7304.438    167.353   6.950  9.46729E-01  9.63784E-01 -1.75235E-02
    7307.095    170.010   7.000  9.35704E-01  9.62723E-01 -2.77999E-02
    7309.772    172.687   7.050  9.26788E-01  9.61855E-01 -3.61271E-02
    7312.467    175.382   7.100  9.20788E-01  9.60987E-01 -4.14676E-02
    7315.182    178.097   7.150  9.18136E-01  9.60119E-01 -4.33630E-02
    7317.916    180.831   7.200  9.18584E-01  9.59251E-01 -4.20580E-02
    7320.668    183.583   7.250  9.21338E-01  9.58382E-01 -3.83621E-02
    7323.440    186.355   7.300  9.25352E-01  9.57514E-01 -3.33489E-02
    7326.231    189.146   7.350  9.29694E-01  9.56646E-01 -2.79832E-02
    7329.041    191.956   7.400  9.33849E-01  9.55778E-01 -2.27974E-02
    7331.870    194.785   7.450  9.37880E-01  9.54910E-01 -1.77276E-02
    7334.718    197.633   7.500  9.42362E-01  9.54042E-01 -1.21736E-02
    7337.585    200.500   7.550  9.48370E-01  9.53176E-01 -5.01593E-03
    7340.471    203.386   7.600  9.56242E-01  9.52311E-01  4.10815E-03
    7343.376    206.291   7.650  9.65990E-01  9.51446E-01  1.52202E-02
    7346.300    209.215   7.700  9.76873E-01  9.50580E-01  2.75513E-02
    7349.243    212.158   7.750  9.87414E-01  9.49715E-01  3.95559E-02
    7352.205    215.120   7.800  9.95675E-01  9.48850E-01  4.91978E-02
    7355.187    218.102   7.850  9.99735E-01  9.47985E-01  5.44458E-02
    7358.187    221.102   7.900  9.98227E-01  9.47119E-01  5.38413E-02
    7361.207    224.121   7.950  9.90775E-01  9.46254E-01  4.69651E-02
    7364.245    227.160   8.000  9.78194E-01  9.45389E-01  3.46530E-02
    7367.302    230.217   8.050  9.62207E-01  9.44395E-01  1.88392E-02
    7370.379    233.294   8.100  9.45617E-01  9.43402E-01  2.34646E-03
    7373.475    236.390   8.150  9.31031E-01  9.42408E-01 -1.20642E-02
    7376.589    239.504   8.200  9.20492E-01  9.41415E-01 -2.22159E-02
    7379.723    242.638   8.250  9.15026E-01  9.40421E-01 -2.69992E-02
    7382.876    245.791   8.300  9.14470E-01  9.39427E-01 -2.65681E-02
    7386.048    248.963   8.350  9.17604E-01  9.38434E-01 -2.22030E-02
    7389.238    252.153   8.400  9.22547E-01  9.37440E-01 -1.58961E-02
    7392.448    255.363   8.450  9.27290E-01  9.36447E-01 -9.78594E-03
    7395.677    258.592   8.500  9.30212E-01  9.35453E-01 -5.60833E-03
    7398.925    261.840   8.550  9.30254E-01  9.34313E-01 -4.34934E-03
    7402.192    265.107   8.600  9.27575E-01  9.33174E-01 -6.00509E-03
    7405.479    268.393   8.650  9.22935E-01  9.32034E-01 -9.77044E-03
    7408.784    271.699   8.700  9.17557E-01  9.30894E-01 -1.43386E-02
    7412.108    275.023   8.750  9.12759E-01  9.29754E-01 -1.82928E-02
    7415.451    278.366   8.800  9.09631E-01  9.28615E-01 -2.04576E-02
    7418.813    281.728   8.850  9.08824E-01  9.27475E-01 -2.01223E-02
    7422.195    285.110   8.900  9.10500E-01  9.26335E-01 -1.71042E-02
    7425.595    288.510   8.950  9.14397E-01  9.25195E-01 -1.16770E-02
    7429.015    291.930   9.000  9.19970E-01  9.24056E-01 -4.42389E-03
    7432.453    295.368   9.050  9.26519E-01  9.22930E-01  3.88981E-03
    7435.911    298.826   9.100  9.33355E-01  9.21805E-01  1.25317E-02
    7439.387    302.302   9.150  9.39742E-01  9.20680E-01  2.07036E-02
    7442.883    305.798   9.200  9.44918E-01  9.19555E-01  2.75774E-02
    7446.398    309.313   9.250  9.48119E-01  9.18430E-01  3.23161E-02
    7449.932    312.846   9.300  9.48645E-01  9.17305E-01  3.41497E-02
    7453.484    316.399   9.350  9.45986E-01  9.16180E-01  3.25129E-02
    7457.056    319.971   9.400  9.39976E-01  9.15055E-01  2.72136E-02
    7460.647    323.562   9.450  9.30922E-01  9.13930E-01  1.85755E-02
    7464.257    327.172   9.500  9.19652E-01  9.12805E-01  7.49343E-03
    7467.886    330.801   9.550  9.07536E-01  9.11732E-01 -4.59634E-03
    7471.534    334.449   9.600  8.95947E-01  9.10659E-01 -1.61330E-02
    7475.201    338.116   9.650  8.86438E-01  9.09586E-01 -2.54105E-02
    7478.887    341.802   9.700  8.80291E-01  9.08513E-01 -3.10132E-02
    7482.593    345.508   9.750  8.78260E-01  9.07440E-01 -3.21001E-02
    7486.317    349.232   9.800  8.80420E-01  9.06367E-01 -2.85738E-02
    7490.060    352.975   9.850  8.86158E-01  9.05294E-01 -2.10952E-02
    7493.823    356.737   9.900  8.94299E-01  9.04221E-01 -1.09486E-02
    7497.604    360.519   9.950  9.03331E-01  9.03148E-01  2.02964E-04
    7501.404    364.319  10.000  9.11667E-01  9.02075E-01  1.06082E-02
    7505.224    368.139  10.050  9.17844E-01  9.00960E-01  1.86942E-02
    7509.062    371.977  10.100  9.20891E-01  8.99845E-01  2.33296E-02
    7512.920    375.835  10.150  9.20287E-01  8.98729E-01  2.39244E-02
    7516.797    379.712  10.200  9.16065E-01  8.97614E-01  2.05012E-02
    7520.692    383.607  10.250  9.08788E-01  8.96499E-01  1.36713E-02
    7524.607    387.522  10.300  8.99467E-01  8.95384E-01  4.54757E-03
    7528.541    391.456  10.350  8.89428E-01  8.94269E-01 -5.39892E-03
    7532.494    395.409  10.400  8.80134E-01  8.93154E-01 -1.45360E-02
    7536.466    399.381  10.450  8.72972E-01  8.92039E-01 -2.13135E-02
    7540.457    403.372  10.500  8.69005E-01  8.90924E-01 -2.45301E-02
    7544.467    407.382  10.550  8.68766E-01  8.89809E-01 -2.35788E-02
    7548.496    411.411  10.600  8.72104E-01  8.88694E-01 -1.86114E-02
    7552.544    415.459  10.650  8.78175E-01  8.87579E-01 -1.05627E-02
    7556.611    419.526  10.700  8.85575E-01  8.86464E-01 -9.98860E-04
    7560.697    423.612  10.750  8.92633E-01  8.85348E-01  8.20166E-03
    7564.803    427.717  10.800  8.97780E-01  8.84233E-01  1.52714E-02
    7568.927    431.842  10.850  8.99933E-01  8.83118E-01  1.89778E-02
    7573.070    435.985  10.900  8.98752E-01  8.82003E-01  1.89268E-02
    7577.233    440.148  10.950  8.94722E-01  8.80888E-01  1.56511E-02
    7581.414    444.329  11.000  8.88991E-01  8.79773E-01  1.04416E-02
    7585.615    448.530  11.050  8.82868E-01  8.78458E-01  5.00273E-03
    7589.834    452.749  11.100  8.77847E-01  8.77143E-01  7.99144E-04
    7594.073    456.988  11.150  8.74760E-01  8.75829E-01 -1.21663E-03
    7598.330    461.245  11.200  8.73704E-01  8.74514E-01 -9.23244E-04
    7602.607    465.522  11.250  8.74046E-01  8.73199E-01  9.66795E-04
    7606.903    469.818  11.300  8.74662E-01  8.71885E-01  3.17424E-03
    7611.218    474.133  11.350  8.74332E-01  8.70570E-01  4.30657E-03
    7615.552    478.466  11.400  8.72178E-01  8.69255E-01  3.35072E-03
    7619.904    482.819  11.450  8.67977E-01  8.67940E-01  4.19379E-05
    7624.276    487.191  11.500  8.62264E-01  8.66626E-01 -5.01590E-03
    7628.667    491.582  11.550  8.56175E-01  8.65311E-01 -1.05218E-02
    7633.077    495.992  11.600  8.51089E-01  8.63996E-01 -1.48877E-02
    7637.507    500.422  11.650  8.48180E-01  8.62681E-01 -1.67523E-02
    7641.955    504.870  11.700  8.48030E-01  8.61367E-01 -1.54294E-02
    7646.422    509.337  11.750  8.50436E-01  8.60052E-01 -1.11418E-02
    7650.908    513.823  11.800  8.54461E-01  8.58737E-01 -4.96261E-03
    7655.413    518.328  11.850  8.58727E-01  8.57422E-01  1.51583E-03
    7659.938    522.853  11.900  8.61843E-01  8.56108E-01  6.67617E-03
    7664.481    527.396  11.950  8.62830E-01  8.54793E-01  9.37004E-03
    7669.044    531.959  12.000  8.61402E-01  8.53478E-01  9.25185E-03
    7673.625    536.540  12.050  8.58023E-01  8.52160E-01  6.85632E-03
    7678.226    541.141  12.100  8.53694E-01  8.50841E-01  3.34113E-03
    7682.845    545.760  12.150  8.49643E-01  8.49523E-01  1.41007E-04
    7687.484    550.399  12.200  8.46896E-01  8.48205E-01 -1.53747E-03
    7692.142    555.057  12.250  8.45947E-01  8.46886E-01 -1.10461E-03
    7696.818    559.733  12.300  8.46621E-01  8.45568E-01  1.24108E-03
    7701.514    564.429  12.350  8.48153E-01  8.44249E-01  4.60741E-03
    7706.229    569.144  12.400  8.49469E-01  8.42931E-01  7.72763E-03
    7710.963    573.878  12.450  8.49545E-01  8.41613E-01  9.39101E-03
    7715.716    578.631  12.500  8.47750E-01  8.40294E-01  8.83974E-03
    7720.488    583.403  12.550  8.44032E-01  8.38976E-01  6.00476E-03
    7725.279    588.194  12.600  8.38929E-01  8.37658E-01  1.51220E-03
    7730.089    593.004  12.650  8.33376E-01  8.36339E-01 -3.52963E-03
    7734.918    597.833  12.700  8.28415E-01  8.35021E-01 -7.88209E-03
    7739.767    602.681  12.750  8.24877E-01  8.33703E-01 -1.05463E-02
    7744.634    607.549  12.800  8.23165E-01  8.32384E-01 -1.10334E-02
    7749.520    612.435  12.850  8.23176E-01  8.31066E-01 -9.45808E-03
    7754.425    617.340  12.900  8.24383E-01  8.29747E-01 -6.44059E-03
    7759.350    622.265  12.950  8.26044E-01  8.28429E-01 -2.86762E-03
    7764.293    627.208  13.000  8.27442E-01  8.27111E-01  3.98592E-04
    7769.256    632.171  13.050  8.28008E-01  8.25739E-01  2.73724E-03
    7774.237    637.152  13.100  8.27666E-01  8.24367E-01  3.98662E-03
    7779.238    642.153  13.150  8.26569E-01  8.22995E-01  4.32660E-03
    7784.258    647.173  13.200  8.25047E-01  8.21623E-01  4.15163E-03
    7789.296    652.211  13.250  8.23435E-01  8.20251E-01  3.86780E-03
    7794.354    657.269  13.300  8.21934E-01  8.18879E-01  3.71687E-03
    7799.431    662.346  13.350  8.20534E-01  8.17507E-01  3.68964E-03
    7804.527    667.442  13.400  8.19045E-01  8.16135E-01  3.55313E-03
    7809.642    672.557  13.450  8.17194E-01  8.14763E-01  2.97310E-03
    7814.776    677.691  13.500  8.14763E-01  8.13391E-01  1.68031E-03
    7819.929    682.844  13.550  8.11706E-01  8.12019E-01 -3.84011E-04
    7825.101    688.016  13.600  8.08209E-01  8.10647E-01 -2.99695E-03
    7830.292    693.207  13.650  8.04661E-01  8.09275E-01 -5.68259E-03
    7835.502    698.417  13.700  8.01555E-01  8.07904E-01 -7.83077E-03
    7840.731    703.646  13.750  7.99356E-01  8.06532E-01 -8.86697E-03
    7845.979    708.894  13.800  7.98358E-01  8.05160E-01 -8.41923E-03
    7851.247    714.162  13.850  7.98601E-01  8.03788E-01 -6.43149E-03
    7856.533    719.448  13.900  7.99847E-01  8.02416E-01 -3.19147E-03
    7861.838    724.753  13.950  8.01632E-01  8.01044E-01  7.32431E-04
    7867.163    730.078  14.000  8.03382E-01  7.99672E-01  4.62433E-03
    7872.506    735.421  14.050  8.04476E-01  7.98221E-01  7.81245E-03
    7877.869    740.784  14.100  8.04545E-01  7.96769E-01  9.72777E-03
    7883.251    746.165  14.150  8.03390E-01  7.95318E-01  1.01181E-02
    7888.651    751.566  14.200  8.01071E-01  7.93867E-01  9.04650E-03
    7894.071    756.986  14.250  7.97860E-01  7.92416E-01  6.84943E-03
    7899.510    762.425  14.300  7.94168E-01  7.90965E-01  4.03830E-03
    7904.967    767.882  14.350  7.90441E-01  7.89513E-01  1.17108E-03
    7910.444    773.359  14.400  7.87054E-01  7.88062E-01 -1.27520E-03
    7915.940    778.855  14.450  7.84243E-01  7.86611E-01 -3.00202E-03
    7921.455    784.370  14.500  7.82061E-01  7.85160E-01 -3.93602E-03
    7926.989    789.904  14.550  7.80396E-01  7.83709E-01 -4.21537E-03
    7932.542    795.457  14.600  7.79024E-01  7.82257E-01 -4.12132E-03
    7938.114    801.029  14.650  7.77694E-01  7.80806E-01 -3.97426E-03
    7943.705    806.620  14.700  7.76210E-01  7.79355E-01 -4.02377E-03
    7949.316    812.231  14.750  7.74500E-01  7.77904E-01 -4.36405E-03
    7954.945    817.860  14.800  7.72638E-01  7.76453E-01 -4.89979E-03
    7960.593    823.508  14.850  7.70826E-01  7.75001E-01 -5.37334E-03
    7966.261    829.176  14.900  7.69326E-01  7.73550E-01 -5.44639E-03
    7971.947    834.862  14.950  7.68373E-01  7.72099E-01 -4.81270E-03
    7977.652    840.567  15.000  7.68091E-01  7.70648E-01 -3.30907E-03
    7983.377    846.292  15.050  7.68429E-01  7.69211E-01 -1.01308E-03
    7989.120    852.035  15.100  7.69188E-01  7.67773E-01  1.83833E-03
    7994.883    857.798  15.150  7.70012E-01  7.66336E-01  4.78528E-03
    8000.665    863.580  15.200  7.70482E-01  7.64899E-01  7.28131E-03
    8006.465    869.380  15.250  7.70220E-01  7.63462E-01  8.83099E-03
    8012.285    875.200  15.300  7.68992E-01  7.62025E-01  9.12214E-03
    8018.124    881.039  15.350  7.66772E-01  7.60587E-01  8.11296E-03
    8023.982    886.897  15.400  7.63750E-01  7.59150E-01  6.04601E-03
    8029.859    892.774  15.450  7.60282E-01  7.57713E-01  3.38286E-03
    8035.755    898.670  15.500  7.56789E-01  7.56276E-01  6.77563E-04
    8041.670    904.585  15.550  7.53649E-01  7.54839E-01 -1.57279E-03
    8047.604    910.519  15.600  7.51095E-01  7.53401E-01 -3.05446E-03
    8053.557    916.472  15.650  7.49175E-01  7.51964E-01 -3.70147E-03
    8059.529    922.444  15.700  7.47759E-01  7.50527E-01 -3.67973E-03
    8065.520    928.435  15.750  7.46613E-01  7.49090E-01 -3.29922E-03
    8071.530    934.445  15.800  7.45490E-01  7.47653E-01 -2.88700E-03
    8077.560    940.475  15.850  7.44222E-01  7.46215E-01 -2.66629E-03
    8083.608    946.523  15.900  7.42775E-01  7.44778E-01 -2.68412E-03
    8089.675    952.590  15.950  7.41247E-01  7.43341E-01 -2.81133E-03
    8095.762    958.677  16.000  7.39813E-01  7.41904E-01 -2.81234E-03
    8101.867    964.782  16.050  7.38602E-01  7.40414E-01 -2.44260E-03
    8107.992    970.907  16.100  7.37710E-01  7.38925E-01 -1.64071E-03
    8114.136    977.051  16.150  7.37097E-01  7.37435E-01 -4.58571E-04
    8120.298    983.213  16.200  7.36603E-01  7.35946E-01  8.91114E-04
    8126.480    989.395  16.250  7.36000E-01  7.34456E-01  2.09813E-03
    8132.681    995.596  16.300  7.35066E-01  7.32967E-01  2.85886E-03
    8138.900   1001.815  16.350  7.33663E-01  7.31478E-01  2.98288E-03
    8145.139   1008.054  16.400  7.31788E-01  7.29988E-01  2.46251E-03
    8151.397   1014.312  16.450  7.29578E-01  7.28499E-01  1.47919E-03
    8157.674   1020.589  16.500  7.27259E-01  7.27009E-01  3.43515E-04
    8163.970   1026.885  16.550  7.25077E-01  7.25520E-01 -6.09450E-04
    8170.285   1033.200  16.600  7.23210E-01  7.24030E-01 -1.13196E-03
    8176.619   1039.534  16.650  7.21715E-01  7.22541E-01 -1.14209E-03
    8182.972   1045.887  16.700  7.20516E-01  7.21051E-01 -7.41028E-04
    8189.345   1052.260  16.750  7.19444E-01  7.19562E-01 -1.63903E-04
    8195.736   1058.651  16.800  7.18300E-01  7.18072E-01  3.16794E-04
    8202.146   1065.061  16.850  7.16941E-01  7.16583E-01  4.98863E-04
    8208.576   1071.491  16.900  7.15329E-01  7.15094E-01  3.29088E-04
    8215.024   1077.939  16.950  7.13550E-01  7.13604E-01 -7.60863E-05
    8221.491   1084.406  17.000  7.11776E-01  7.12115E-01 -4.75446E-04
    8227.978   1090.893  17.050  7.10221E-01  7.10642E-01 -5.91218E-04
    8234.483   1097.398  17.100  7.09017E-01  7.09169E-01 -2.12889E-04
    8241.008   1103.923  17.150  7.08181E-01  7.07695E-01  6.85789E-04
    8247.552   1110.467  17.200  7.07589E-01  7.06222E-01  1.93376E-03
    8254.114   1117.029  17.250  7.07007E-01  7.04749E-01  3.20061E-03
    8260.696   1123.611  17.300  7.06155E-01  7.03276E-01  4.09017E-03
    8267.297   1130.212  17.350  7.04794E-01  7.01803E-01  4.25955E-03
    8273.917   1136.832  17.400  7.02801E-01  7.00330E-01  3.52550E-03
    8280.556   1143.471  17.450  7.00203E-01  6.98857E-01  1.92489E-03
    8287.214   1150.129  17.500  6.97183E-01  6.97384E-01 -2.88487E-04
    8293.891   1156.806  17.550  6.94026E-01  6.95911E-01 -2.70775E-03
    8300.587   1163.502  17.600  6.91051E-01  6.94438E-01 -4.87591E-03
    8307.302   1170.217  17.650  6.88531E-01  6.92965E-01 -6.39633E-03
    8314.036   1176.951  17.700  6.86636E-01  6.91492E-01 -7.01936E-03
    8320.789   1183.704  17.750  6.85406E-01  6.90019E-01 -6.68390E-03
    8327.561   1190.476  17.800  6.84752E-01  6.88546E-01 -5.50861E-03
    8334.353   1197.268  17.850  6.84501E-01  6.87073E-01 -3.74244E-03
    8341.163   1204.078  17.900  6.84438E-01  6.85600E-01 -1.69431E-03
    8347.992   1210.907  17.950  6.84357E-01  6.84127E-01  3.36006E-04
    8354.841   1217.756  18.000  6.84093E-01  6.82654E-01  2.10872E-03
    8361.708   1224.623  18.050  6.83543E-01  6.81177E-01  3.47357E-03
    8368.595   1231.510  18.100  6.82653E-01  6.79699E-01  4.34480E-03
    8375.500   1238.415  18.150  6.81430E-01  6.78222E-01  4.72933E-03
    8382.425   1245.340  18.200  6.79920E-01  6.76745E-01  4.69097E-03
    8389.369   1252.284  18.250  6.78190E-01  6.75268E-01  4.32738E-03
    8396.332   1259.247  18.300  6.76317E-01  6.73791E-01  3.74990E-03
    8403.313   1266.228  18.350  6.74375E-01  6.72314E-01  3.06645E-03
    8410.314   1273.229  18.400  6.72424E-01  6.70836E-01  2.36673E-03
    8417.334   1280.249  18.450  6.70503E-01  6.69359E-01  1.70934E-03
    8424.373   1287.288  18.500  6.68625E-01  6.67882E-01  1.11307E-03
    8431.431   1294.346  18.550  6.66775E-01  6.66405E-01  5.56083E-04
    8438.508   1301.423  18.600  6.64919E-01  6.64928E-01 -1.37355E-05
    8445.604   1308.519  18.650  6.63015E-01  6.63451E-01 -6.57060E-04
    8452.719   1315.634  18.700  6.61038E-01  6.61973E-01 -1.41453E-03
    8459.854   1322.768  18.750  6.58991E-01  6.60496E-01 -2.27991E-03
    8467.007   1329.922  18.800  6.56921E-01  6.59019E-01 -3.18510E-03
    8474.179   1337.094  18.850  6.54910E-01  6.57542E-01 -4.00459E-03
    8481.370   1344.285  18.900  6.53061E-01  6.56065E-01 -4.58106E-03
    8488.581   1351.496  18.950  6.51470E-01  6.54588E-01 -4.76603E-03
    8495.810   1358.725  19.000  6.50197E-01  6.53111E-01 -4.46345E-03
    8503.059   1365.974  19.050  6.49258E-01  6.51644E-01 -3.66425E-03
    8510.326   1373.241  19.100  6.48589E-01  6.50178E-01 -2.44519E-03
    8517.613   1380.528  19.150  6.48085E-01  6.48711E-01 -9.66300E-04
    8524.919   1387.833  19.200  6.47614E-01  6.47245E-01  5.71137E-04
    8532.243   1395.158  19.250  6.47049E-01  6.45778E-01  1.97008E-03
    8539.587   1402.502  19.300  6.46293E-01  6.44312E-01  3.07728E-03
    8546.950   1409.865  19.350  6.45289E-01  6.42845E-01  3.80518E-03
    8554.332   1417.247  19.400  6.44026E-01  6.41379E-01  4.13176E-03
    8561.733   1424.647  19.450  6.42522E-01  6.39912E-01  4.08267E-03
    8569.152   1432.067  19.500  6.40810E-01  6.38446E-01  3.70641E-03
    8576.591   1439.506  19.550  6.38923E-01  6.36980E-01  3.05495E-03
    8584.049   1446.964  19.600  6.36896E-01  6.35513E-01  2.17844E-03
    8591.527   1454.442  19.650  6.34765E-01  6.34047E-01  1.13485E-03
    8599.023   1461.938  19.700  6.32585E-01  6.32580E-01  7.11567E-06
    8606.538   1469.453  19.750  6.30430E-01  6.31114E-01 -1.08460E-03
    8614.072   1476.987  19.800  6.28398E-01  6.29647E-01 -1.98746E-03
    8621.625   1484.540  19.850  6.26586E-01  6.28181E-01 -2.54246E-03
    8629.198   1492.113  19.900  6.25069E-01  6.26714E-01 -2.62830E-03
    8636.789   1499.704  19.950  6.23869E-01  6.25248E-01 -2.20830E-03
    8644.400   1507.315  20.000  6.22933E-01  6.23782E-01 -1.36171E-03
