# # Once                                                         FEFF 9.6.4  
# # POT  SCF 100  7.0000   0, core-hole, AFOLP (folp(0)= 1.150)
# # Abs   Z=60 Rmt= 1.719 Rnm= 1.743 L3 shell
# # Pot 1 Z=60 Rmt= 1.753 Rnm= 1.781
# # Pot 2 Z=26 Rmt= 1.411 Rnm= 1.447
# # Pot 3 Z= 5 Rmt= 1.067 Rnm= 1.161
# # Gam_ch=3.500E+00 H-L exch Vi= 0.000E+00 Vr= 0.000E+00
# # Mu=-1.687E+01 kf=2.003E+00 Vint=-2.552E+01 Rs_int= 1.810
# # PATH  Rmax= 8.000,  Keep_limit= 0.00, Heap_limit 0.00  Pwcrit= 2.50%
#  S02=1.000  Temp=   0.00  Debye_temp=   0.00  Global_sig2= 0.00000
#  Energy zero shift, vr, vi    0.00000E+00   0.00000E+00
#  Curved wave amplitude ratio filter   4.000%
#     file         sig2 tot  cw amp ratio   deg  nlegs   reff  inp sig2
#           1       0.00000    100.00      2.00     2   3.0235
#           2       0.00000    217.90      4.00     2   3.0395
#           3       0.00000    314.30      4.00     2   3.0407
#           4       0.00000     89.59      2.00     2   3.0897
#           5       0.00000    300.60      2.00     2   3.1564
#           6       0.00000    194.80      2.00     2   3.2388
#           7       0.00000    176.30      2.00     2   3.2549
#           8       0.00000    260.70      2.00     2   3.7601
#           9       0.00000     38.87      8.00     3   4.1790
#          10       0.00000     43.17      8.00     3   4.2410
#          11       0.00000     31.85      8.00     3   4.2893
#          12       0.00000     28.89      8.00     3   4.3016
#          13       0.00000     17.01      8.00     3   4.3323
#          14       0.00000     18.81      8.00     3   4.3322
#          15       0.00000     15.13      8.00     3   4.3358
#          16       0.00000     14.70      8.00     3   4.3445
#          17       0.00000     17.77      8.00     3   4.3945
#          18       0.00000     11.75      4.00     3   4.4662
#          19       0.00000     13.74      4.00     3   4.5117
#          20       0.00000     70.40      4.00     2   4.6949
#          21       0.00000     66.48      4.00     2   4.7006
#          22       0.00000    127.50      4.00     2   4.7151
#          23       0.00000     89.92      4.00     2   4.7896
#          24       0.00000     69.10      4.00     2   4.8337
#          25       0.00000    178.40      4.00     2   4.8784
#          26       0.00000     14.42      8.00     3   5.0278
#          27       0.00000    115.30      4.00     2   5.0564
#          28       0.00000     15.08      8.00     3   5.0924
#          29       0.00000     65.51      8.00     3   5.0978
#          30       0.00000     12.97      8.00     3   5.1163
#          31       0.00000     14.25      8.00     3   5.1277
#          32       0.00000     11.84      8.00     3   5.1303
#          33       0.00000     13.03      8.00     3   5.1322
#          34       0.00000     19.99      8.00     3   5.1363
#          35       0.00000     10.00      8.00     3   5.1412
#          36       0.00000     19.00      8.00     3   5.1588
#          37       0.00000     79.91      2.00     2   5.1625
#          38       0.00000     12.98      8.00     3   5.1803
#          39       0.00000     16.32      8.00     3   5.1818
#          40       0.00000     20.40      8.00     3   5.1835
#          41       0.00000     16.84      8.00     3   5.1851
#          42       0.00000     13.88      8.00     3   5.2190
#          43       0.00000     61.30      2.00     2   5.2360
#          44       0.00000     28.82      8.00     3   5.2419
#          45       0.00000     28.85      8.00     3   5.2547
#          46       0.00000     12.05      8.00     3   5.2730
#          47       0.00000     18.05      4.00     4   5.3172
#          48       0.00000     10.70      8.00     3   5.3252
#          49       0.00000     24.44      8.00     3   5.3690
#          50       0.00000     21.92      4.00     3   5.4167
#          51       0.00000      5.81      8.00     3   5.4388
#          52       0.00000     17.17      8.00     3   5.4681
#          53       0.00000     45.39      4.00     2   5.5527
#          54       0.00000    110.40      8.00     3   5.5565
#          55       0.00000     80.22      4.00     4   5.5604
#          56       0.00000      9.64      8.00     3   5.5673
#          57       0.00000     15.64      4.00     3   5.6539
#          58       0.00000      7.76      4.00     3   5.6566
#          59       0.00000     19.01      8.00     3   5.6603
#          60       0.00000     22.87      2.00     2   5.6731
#          61       0.00000     55.40      1.00     2   5.6743
#          62       0.00000     34.54      2.00     2   5.7216
#          63       0.00000     59.35      4.00     2   5.7254
#          64       0.00000    157.00      8.00     3   5.7275
#          65       0.00000    120.30      4.00     4   5.7296
#          66       0.00000     15.32      8.00     3   5.7302
#          67       0.00000     79.10      4.00     3   5.7360
#          68       0.00000     51.54      2.00     4   5.7504
#          69       0.00000      8.58      8.00     3   5.7967
#          70       0.00000     10.93      8.00     3   5.8305
#          71       0.00000     15.70      8.00     3   5.8380
#          72       0.00000     18.65      8.00     3   5.8613
#          73       0.00000     52.00      2.00     2   5.8902
#          74       0.00000      6.65      8.00     3   5.8900
#          75       0.00000    131.50      4.00     3   5.8995
#          76       0.00000     92.26      2.00     4   5.9088
#          77       0.00000     11.67      8.00     3   5.9177
#          78       0.00000     12.28      8.00     3   5.9174
#          79       0.00000      8.13      4.00     3   5.9498
#          80       0.00000      9.23      4.00     3   5.9518
#          81       0.00000      8.85      8.00     3   5.9582
#          82       0.00000     14.62      8.00     3   5.9652
#          83       0.00000      5.28      8.00     3   5.9861
#          84       0.00000      4.16      2.00     3   5.9898
#          85       0.00000     16.30      4.00     3   5.9936
#          86       0.00000      4.23      8.00     3   5.9942
#          87       0.00000     26.85      8.00     3   6.0459
#          90       0.00000     17.38      8.00     4   6.0630
#          92       0.00000      4.66      8.00     4   6.0642
#          93       0.00000     16.68      8.00     3   6.0651
#          94       0.00000     12.61      4.00     3   6.0759
#          95       0.00000     10.30      8.00     3   6.0777
#          96       0.00000      8.48      4.00     4   6.0790
#          97       0.00000      7.03      4.00     4   6.0790
#          98       0.00000     36.55      8.00     4   6.0802
#          99       0.00000      8.75      8.00     4   6.0802
#         100       0.00000      9.47      4.00     4   6.0815
#         101       0.00000     16.89      8.00     3   6.0950
#         102       0.00000      9.54      8.00     3   6.1228
#         103       0.00000      7.29      8.00     4   6.1292
#         104       0.00000      5.08      8.00     4   6.1292
#         105       0.00000      6.05      8.00     4   6.1304
#         107       0.00000     16.96      4.00     3   6.1358
#         108       0.00000     22.66      2.00     2   6.1364
#         109       0.00000     50.25      4.00     3   6.1369
#         110       0.00000     33.90      2.00     4   6.1374
#         111       0.00000      5.33      2.00     3   6.1697
#         112       0.00000      7.21      4.00     3   6.1760
#         113       0.00000     20.91      2.00     2   6.1793
#         114       0.00000     45.52      4.00     3   6.1793
#         115       0.00000     10.56      2.00     4   6.1793
#         117       0.00000     30.36      2.00     4   6.1793
#         118       0.00000     13.52      8.00     4   6.1959
#         119       0.00000      6.99      8.00     4   6.1972
#         120       0.00000      4.02      4.00     4   6.2784
#         121       0.00000     12.69      8.00     4   6.2783
#         122       0.00000      6.11      8.00     4   6.2795
#         123       0.00000     11.55      2.00     2   6.2924
#         124       0.00000      4.22      8.00     4   6.2944
#         125       0.00000      8.54      8.00     4   6.2956
#         126       0.00000      7.36      2.00     4   6.3129
#         127       0.00000     65.39      4.00     2   6.3234
#         128       0.00000     17.48      4.00     3   6.3443
#         129       0.00000      4.39      8.00     4   6.3800
#         130       0.00000      5.10      8.00     4   6.3952
#         131       0.00000     13.94      4.00     4   6.4113
#         132       0.00000      5.40      8.00     3   6.4160
#         133       0.00000      6.77      8.00     4   6.4180
#         134       0.00000      4.04      8.00     4   6.4336
#         135       0.00000     80.70      4.00     2   6.4686
#         136       0.00000      6.85      2.00     4   6.4776
#         137       0.00000      7.61      8.00     4   6.4937
#         138       0.00000      4.20      2.00     4   6.5098
#         139       0.00000     52.17      8.00     3   6.5636
#         140       0.00000      6.74      4.00     3   6.5811
#         141       0.00000      7.75      8.00     3   6.5838
#         142       0.00000      8.06      8.00     3   6.6023
#         143       0.00000     16.11      8.00     3   6.6076
#         144       0.00000     34.78      1.00     2   6.6461
#         145       0.00000     36.09      2.00     2   6.6709
#         146       0.00000     66.54      4.00     3   6.6717
#         147       0.00000     30.15      2.00     4   6.6726
#         148       0.00000     22.70      4.00     2   6.6761
#         149       0.00000     54.07      4.00     2   6.6777
#         150       0.00000     23.07      8.00     3   6.7354
#         151       0.00000     50.98      8.00     3   6.7423
#         152       0.00000     21.00      4.00     2   6.7853
#         154       0.00000      7.49      8.00     4   6.8008
#         155       0.00000     17.46      4.00     4   6.8039
#         156       0.00000     23.06      4.00     2   6.8354
#         157       0.00000      5.09      8.00     3   6.8351
#         158       0.00000     17.54      8.00     3   6.8814
#         159       0.00000     12.47      8.00     3   6.8858
#         160       0.00000      6.21      8.00     3   6.8905
#         161       0.00000      9.27      8.00     4   6.9165
#         162       0.00000     20.60      4.00     2   6.9206
#         163       0.00000      5.30      8.00     3   6.9260
#         164       0.00000      7.42      8.00     3   6.9347
#         165       0.00000      7.41      8.00     3   6.9369
#         166       0.00000     12.86      8.00     3   6.9394
#         167       0.00000     30.63      4.00     2   6.9491
#         168       0.00000      7.06      8.00     3   6.9515
#         169       0.00000     10.80      8.00     3   6.9530
#         170       0.00000      6.02      8.00     3   6.9674
#         171       0.00000      7.40      8.00     3   6.9772
#         172       0.00000     18.21      4.00     3   6.9988
#         173       0.00000     36.36      4.00     4   6.9989
#         174       0.00000     13.90      4.00     4   7.0161
#         175       0.00000      6.61      8.00     3   7.0163
#         176       0.00000     10.48      8.00     3   7.0266
#         177       0.00000     16.23      8.00     3   7.0483
#         178       0.00000     10.74      8.00     3   7.0540
#         179       0.00000     10.28      8.00     4   7.0549
#         180       0.00000     46.84      4.00     2   7.0663
#         181       0.00000     18.38      4.00     3   7.0831
#         182       0.00000      5.33      8.00     3   7.0889
#         183       0.00000     29.89      2.00     2   7.1054
#         184       0.00000    124.70      4.00     3   7.1084
#         185       0.00000      6.12      8.00     3   7.1106
#         186       0.00000      6.60      8.00     3   7.1114
#         187       0.00000    129.70      2.00     4   7.1114
#         188       0.00000      4.44      8.00     3   7.1195
#         189       0.00000     27.40      4.00     2   7.1347
#         190       0.00000      4.19      8.00     3   7.1484
#         191       0.00000      9.69      8.00     3   7.1503
#         192       0.00000     59.38      4.00     2   7.1632
#         193       0.00000     45.28      4.00     2   7.1705
#         195       0.00000      5.51      8.00     3   7.1830
#         196       0.00000     16.73      8.00     3   7.1941
#         197       0.00000      7.01      8.00     3   7.1968
#         198       0.00000     23.30      8.00     3   7.1994
#         199       0.00000     14.96      8.00     3   7.2071
#         200       0.00000      4.87      8.00     3   7.2175
#         201       0.00000     21.70      8.00     3   7.2362
#   194/ 201 paths used
#  xsedge+50, used to normalize mu           7.2854E-04
#  -----------------------------------------------------------------------
#  omega    e    k    mu    mu0     chi     @#
    6210.364    -16.873   0.000  9.52317E-01  1.29001E+00 -1.26705E-01
    6210.374    -16.864   0.050  9.61658E-01  1.29959E+00 -1.25388E-01
    6210.402    -16.835   0.100  9.71202E-01  1.30917E+00 -1.24025E-01
    6210.450    -16.787   0.150  1.00088E+00  1.33835E+00 -1.19798E-01
    6210.517    -16.721   0.200  1.03244E+00  1.36752E+00 -1.15189E-01
    6210.603    -16.635   0.250  1.08742E+00  1.41619E+00 -1.07202E-01
    6210.707    -16.530   0.300  1.14771E+00  1.46486E+00 -9.83523E-02
    6210.831    -16.406   0.350  1.23497E+00  1.53122E+00 -8.60261E-02
    6210.974    -16.264   0.400  1.33125E+00  1.59758E+00 -7.27136E-02
    6211.136    -16.102   0.450  1.45368E+00  1.67630E+00 -5.70263E-02
    6211.317    -15.921   0.500  1.58492E+00  1.75502E+00 -4.10383E-02
    6211.517    -15.721   0.550  1.73069E+00  1.83691E+00 -2.46420E-02
    6211.736    -15.502   0.600  1.87728E+00  1.91881E+00 -9.27654E-03
    6211.974    -15.263   0.650  2.01430E+00  1.99234E+00  4.91998E-03
    6212.231    -15.006   0.700  2.13883E+00  2.06588E+00  1.63894E-02
    6212.508    -14.730   0.750  2.22555E+00  2.11971E+00  2.47810E-02
    6212.803    -14.435   0.800  2.29371E+00  2.17354E+00  2.93753E-02
    6213.117    -14.120   0.850  2.31233E+00  2.19919E+00  2.94514E-02
    6213.450    -13.787   0.900  2.31915E+00  2.22485E+00  2.62548E-02
    6213.803    -13.435   0.950  2.29015E+00  2.21905E+00  2.12371E-02
    6214.174    -13.063   1.000  2.26349E+00  2.21325E+00  1.61857E-02
    6214.565    -12.673   1.050  2.22279E+00  2.17889E+00  1.51766E-02
    6214.974    -12.263   1.100  2.19053E+00  2.14453E+00  1.71591E-02
    6215.403    -11.834   1.150  2.15251E+00  2.08933E+00  2.52176E-02
    6215.851    -11.387   1.200  2.11632E+00  2.03413E+00  3.52734E-02
    6216.317    -10.920   1.250  2.07152E+00  1.96755E+00  4.75368E-02
    6216.803    -10.434   1.300  2.02054E+00  1.90097E+00  5.84925E-02
    6217.308     -9.929   1.350  1.96135E+00  1.83143E+00  6.73688E-02
    6217.832     -9.406   1.400  1.89332E+00  1.76189E+00  7.24992E-02
    6218.375     -8.863   1.450  1.82214E+00  1.69532E+00  7.37229E-02
    6218.937     -8.301   1.500  1.74314E+00  1.62876E+00  7.02815E-02
    6219.518     -7.720   1.550  1.66458E+00  1.56865E+00  6.17493E-02
    6220.118     -7.120   1.600  1.58024E+00  1.50855E+00  4.84538E-02
    6220.737     -6.501   1.650  1.49944E+00  1.45643E+00  3.02611E-02
    6221.375     -5.862   1.700  1.41732E+00  1.40432E+00  9.53675E-03
    6222.032     -5.205   1.750  1.34479E+00  1.36052E+00 -1.19422E-02
    6222.709     -4.529   1.800  1.27817E+00  1.31672E+00 -3.03216E-02
    6223.404     -3.834   1.850  1.22734E+00  1.28090E+00 -4.33292E-02
    6224.118     -3.119   1.900  1.18695E+00  1.24508E+00 -4.84001E-02
    6224.852     -2.386   1.950  1.16514E+00  1.21936E+00 -4.60634E-02
    6225.604     -1.633   2.000  1.15164E+00  1.19364E+00 -3.64235E-02
    6226.376     -0.862   2.050  1.15546E+00  1.17959E+00 -2.12468E-02
    6227.166     -0.071   2.100  1.16063E+00  1.16554E+00 -4.39148E-03
    6227.976      0.738   2.150  1.16254E+00  1.15149E+00  1.00456E-02
    6228.805      1.567   2.200  1.15774E+00  1.13744E+00  1.87497E-02
    6229.652      2.415   2.250  1.14161E+00  1.12061E+00  1.97287E-02
    6230.519      3.282   2.300  1.11709E+00  1.10378E+00  1.27222E-02
    6231.405      4.167   2.350  1.08739E+00  1.08695E+00  4.26258E-04
    6232.310      5.072   2.400  1.05664E+00  1.07012E+00 -1.33659E-02
    6233.234      5.996   2.450  1.02907E+00  1.05256E+00 -2.35533E-02
    6234.177      6.939   2.500  1.00442E+00  1.03499E+00 -3.10246E-02
    6235.139      7.901   2.550  9.83300E-01  1.01743E+00 -3.50420E-02
    6236.120      8.882   2.600  9.66159E-01  9.99866E-01 -3.50269E-02
    6237.120      9.882   2.650  9.60719E-01  9.91490E-01 -3.21083E-02
    6238.139     10.902   2.700  9.57515E-01  9.83113E-01 -2.68218E-02
    6239.177     11.940   2.750  9.55654E-01  9.74736E-01 -2.00779E-02
    6240.235     12.997   2.800  9.54143E-01  9.66360E-01 -1.29075E-02
    6241.311     14.073   2.850  9.57542E-01  9.64759E-01 -7.62206E-03
    6242.406     15.169   2.900  9.59391E-01  9.63159E-01 -3.97809E-03
    6243.521     16.283   2.950  9.59728E-01  9.61558E-01 -1.93200E-03
    6244.654     17.417   3.000  9.58931E-01  9.59958E-01 -1.08356E-03
    6245.807     18.569   3.050  9.59394E-01  9.61175E-01 -1.87186E-03
    6246.978     19.741   3.100  9.57445E-01  9.62391E-01 -5.18079E-03
    6248.169     20.931   3.150  9.55455E-01  9.63608E-01 -8.50860E-03
    6249.379     22.141   3.200  9.55942E-01  9.64825E-01 -9.23778E-03
    6250.607     23.370   3.250  9.60620E-01  9.68426E-01 -8.07937E-03
    6251.855     24.618   3.300  9.67749E-01  9.72028E-01 -4.40702E-03
    6253.122     25.884   3.350  9.77376E-01  9.75630E-01  1.79038E-03
    6254.408     27.170   3.400  9.89042E-01  9.79231E-01  1.00098E-02
    6255.713     28.475   3.450  1.00215E+00  9.82888E-01  1.95603E-02
    6257.037     29.799   3.500  1.01494E+00  9.86545E-01  2.86991E-02
    6258.380     31.142   3.550  1.02627E+00  9.90203E-01  3.62896E-02
    6259.742     32.504   3.600  1.03519E+00  9.93860E-01  4.13880E-02
    6261.123     33.885   3.650  1.04005E+00  9.96961E-01  4.30068E-02
    6262.523     35.285   3.700  1.04131E+00  1.00006E+00  4.10365E-02
    6263.942     36.705   3.750  1.03925E+00  1.00316E+00  3.57832E-02
    6265.381     38.143   3.800  1.03444E+00  1.00627E+00  2.78468E-02
    6266.838     39.600   3.850  1.02543E+00  1.00771E+00  1.74975E-02
    6268.314     41.077   3.900  1.01537E+00  1.00914E+00  6.14100E-03
    6269.810     42.572   3.950  1.00511E+00  1.01058E+00 -5.39381E-03
    6271.324     44.087   4.000  9.95402E-01  1.01202E+00 -1.63573E-02
    6272.858     45.620   4.050  9.85318E-01  1.01182E+00 -2.60999E-02
    6274.410     47.173   4.100  9.77349E-01  1.01161E+00 -3.37737E-02
    6275.982     48.744   4.150  9.72064E-01  1.01140E+00 -3.88136E-02
    6277.573     50.335   4.200  9.69832E-01  1.01119E+00 -4.08466E-02
    6279.182     51.945   4.250  9.69407E-01  1.00959E+00 -3.97787E-02
    6280.811     53.573   4.300  9.71715E-01  1.00798E+00 -3.59921E-02
    6282.459     55.221   4.350  9.75961E-01  1.00637E+00 -3.02582E-02
    6284.126     56.888   4.400  9.81106E-01  1.00476E+00 -2.35987E-02
    6285.812     58.574   4.450  9.85497E-01  1.00243E+00 -1.69484E-02
    6287.517     60.279   4.500  9.89063E-01  1.00010E+00 -1.10836E-02
    6289.241     62.003   4.550  9.91597E-01  9.97773E-01 -6.22003E-03
    6290.984     63.746   4.600  9.93455E-01  9.95443E-01 -2.00777E-03
    6292.746     65.508   4.650  9.95428E-01  9.93038E-01  2.42216E-03
    6294.527     67.289   4.700  9.98441E-01  9.90634E-01  7.93613E-03
    6296.327     69.090   4.750  1.00307E+00  9.88230E-01  1.51317E-02
    6298.146     70.909   4.800  1.00926E+00  9.85825E-01  2.39690E-02
    6299.985     72.747   4.850  1.01671E+00  9.83855E-01  3.36705E-02
    6301.842     74.605   4.900  1.02334E+00  9.81885E-01  4.25755E-02
    6303.719     76.481   4.950  1.02735E+00  9.79915E-01  4.88234E-02
    6305.614     78.376   5.000  1.02719E+00  9.77945E-01  5.07854E-02
    6307.529     80.291   5.050  1.02258E+00  9.76670E-01  4.74028E-02
    6309.462     82.224   5.100  1.01307E+00  9.75394E-01  3.89432E-02
    6311.415     84.177   5.150  9.99801E-01  9.74119E-01  2.65773E-02
    6313.386     86.149   5.200  9.84549E-01  9.72843E-01  1.21271E-02
    6315.377     88.139   5.250  9.69844E-01  9.72308E-01 -2.55298E-03
    6317.387     90.149   5.300  9.56538E-01  9.71773E-01 -1.57818E-02
    6319.416     92.178   5.350  9.45325E-01  9.71238E-01 -2.68405E-02
    6321.464     94.226   5.400  9.36159E-01  9.70703E-01 -3.57783E-02
    6323.530     96.293   5.450  9.29160E-01  9.70707E-01 -4.29978E-02
    6325.616     98.379   5.500  9.23416E-01  9.70710E-01 -4.89066E-02
    6327.721    100.484   5.550  9.19129E-01  9.70714E-01 -5.33016E-02
    6329.845    102.608   5.600  9.17230E-01  9.70718E-01 -5.52240E-02
    6331.989    104.751   5.650  9.19593E-01  9.71053E-01 -5.30675E-02
    6334.151    106.913   5.700  9.27189E-01  9.71389E-01 -4.55257E-02
    6336.332    109.094   5.750  9.40624E-01  9.71725E-01 -3.19954E-02
    6338.532    111.295   5.800  9.59186E-01  9.72061E-01 -1.32298E-02
    6340.752    113.514   5.850  9.80416E-01  9.71961E-01  8.68316E-03
    6342.990    115.752   5.900  1.00121E+00  9.71861E-01  3.01286E-02
    6345.247    118.010   5.950  1.01807E+00  9.71761E-01  4.75029E-02
    6347.524    120.286   6.000  1.02822E+00  9.71662E-01  5.79880E-02
    6349.819    122.582   6.050  1.03017E+00  9.71429E-01  6.01872E-02
    6352.134    124.896   6.100  1.02476E+00  9.71197E-01  5.48475E-02
    6354.468    127.230   6.150  1.01419E+00  9.70965E-01  4.42340E-02
    6356.820    129.583   6.200  1.00138E+00  9.70733E-01  3.13460E-02
    6359.192    131.954   6.250  9.89008E-01  9.70500E-01  1.89161E-02
    6361.583    134.345   6.300  9.78702E-01  9.70268E-01  8.61467E-03
    6363.992    136.755   6.350  9.70760E-01  9.70036E-01  7.39351E-04
    6366.421    139.184   6.400  9.64387E-01  9.69804E-01 -5.52554E-03
    6368.869    141.632   6.450  9.58361E-01  9.69571E-01 -1.14294E-02
    6371.336    144.099   6.500  9.51806E-01  9.69339E-01 -1.78645E-02
    6373.822    146.585   6.550  9.43396E-01  9.67748E-01 -2.48537E-02
    6376.327    149.090   6.600  9.35653E-01  9.66157E-01 -3.11847E-02
    6378.851    151.614   6.650  9.30184E-01  9.64566E-01 -3.52086E-02
    6381.395    154.157   6.700  9.28404E-01  9.62976E-01 -3.54614E-02
    6383.957    156.719   6.750  9.30847E-01  9.61385E-01 -3.13773E-02
    6386.538    159.300   6.800  9.36819E-01  9.59794E-01 -2.36466E-02
    6389.138    161.901   6.850  9.44572E-01  9.58203E-01 -1.40533E-02
    6391.758    164.520   6.900  9.51915E-01  9.56612E-01 -4.85097E-03
    6394.396    167.159   6.950  9.57021E-01  9.55021E-01  2.06921E-03
    6397.054    169.816   7.000  9.59098E-01  9.53430E-01  5.87354E-03
    6399.730    172.493   7.050  9.58998E-01  9.52112E-01  7.14640E-03
    6402.426    175.188   7.100  9.57795E-01  9.50795E-01  7.27791E-03
    6405.140    177.903   7.150  9.57310E-01  9.49477E-01  8.15626E-03
    6407.874    180.636   7.200  9.58861E-01  9.48159E-01  1.11616E-02
    6410.627    183.389   7.250  9.62639E-01  9.46842E-01  1.65039E-02
    6413.398    186.161   7.300  9.67537E-01  9.45524E-01  2.30349E-02
    6416.189    188.952   7.350  9.71507E-01  9.44206E-01  2.86145E-02
    6418.999    191.762   7.400  9.72315E-01  9.42889E-01  3.08930E-02
    6421.828    194.590   7.450  9.68399E-01  9.41571E-01  2.82120E-02
    6424.676    197.438   7.500  9.59507E-01  9.40253E-01  2.02805E-02
    6427.543    200.305   7.550  9.47095E-01  9.39293E-01  8.22643E-03
    6430.429    203.191   7.600  9.33419E-01  9.38333E-01 -5.18812E-03
    6433.334    206.097   7.650  9.21337E-01  9.37374E-01 -1.69478E-02
    6436.258    209.021   7.700  9.13204E-01  9.36414E-01 -2.45570E-02
    6439.202    211.964   7.750  9.10183E-01  9.35454E-01 -2.67677E-02
    6442.164    214.926   7.800  9.11986E-01  9.34494E-01 -2.38679E-02
    6445.145    217.908   7.850  9.17082E-01  9.33534E-01 -1.74657E-02
    6448.146    220.908   7.900  9.23276E-01  9.32574E-01 -9.88175E-03
    6451.165    223.927   7.950  9.28433E-01  9.31615E-01 -3.38562E-03
    6454.203    226.966   8.000  9.31090E-01  9.30655E-01  4.63458E-04
    6457.261    230.023   8.050  9.30700E-01  9.29628E-01  1.14297E-03
    6460.337    233.100   8.100  9.27904E-01  9.28601E-01 -7.44716E-04
    6463.433    236.195   8.150  9.23985E-01  9.27575E-01 -3.83580E-03
    6466.548    239.310   8.200  9.20404E-01  9.26548E-01 -6.57315E-03
    6469.681    242.444   8.250  9.18328E-01  9.25521E-01 -7.70410E-03
    6472.834    245.597   8.300  9.18347E-01  9.24495E-01 -6.59099E-03
    6476.006    248.768   8.350  9.20413E-01  9.23468E-01 -3.27912E-03
    6479.197    251.959   8.400  9.23966E-01  9.22441E-01  1.63866E-03
    6482.407    255.169   8.450  9.28168E-01  9.21414E-01  7.26457E-03
    6485.636    258.398   8.500  9.32128E-01  9.20388E-01  1.26429E-02
    6488.884    261.646   8.550  9.34664E-01  9.18967E-01  1.69308E-02
    6492.151    264.913   8.600  9.35619E-01  9.17546E-01  1.95235E-02
    6495.437    268.199   8.650  9.34712E-01  9.16125E-01  2.01101E-02
    6498.742    271.505   8.700  9.31890E-01  9.14705E-01  1.86228E-02
    6502.066    274.829   8.750  9.27283E-01  9.13284E-01  1.51938E-02
    6505.410    278.172   8.800  9.21179E-01  9.11863E-01  1.01266E-02
    6508.772    281.534   8.850  9.14008E-01  9.10442E-01  3.88194E-03
    6512.153    284.916   8.900  9.06326E-01  9.09022E-01 -2.93917E-03
    6515.554    288.316   8.950  8.98778E-01  9.07601E-01 -9.63612E-03
    6518.973    291.736   9.000  8.92028E-01  9.06180E-01 -1.54815E-02
    6522.412    295.174   9.050  8.86489E-01  9.04602E-01 -1.98530E-02
    6525.869    298.632   9.100  8.82755E-01  9.03024E-01 -2.22602E-02
    6529.346    302.108   9.150  8.81103E-01  9.01446E-01 -2.23849E-02
    6532.841    305.604   9.200  8.81577E-01  8.99867E-01 -2.01665E-02
    6536.356    309.119   9.250  8.83967E-01  8.98289E-01 -1.58221E-02
    6539.890    312.652   9.300  8.87827E-01  8.96711E-01 -9.83400E-03
    6543.443    316.205   9.350  8.92516E-01  8.95133E-01 -2.90290E-03
    6547.015    319.777   9.400  8.97271E-01  8.93555E-01  4.12976E-03
    6550.605    323.368   9.450  9.01305E-01  8.91976E-01  1.03880E-02
    6554.215    326.978   9.500  9.03920E-01  8.90398E-01  1.50874E-02
    6557.844    330.607   9.550  9.04790E-01  8.89016E-01  1.76329E-02
    6561.493    334.255   9.600  9.03562E-01  8.87634E-01  1.78373E-02
    6565.160    337.922   9.650  9.00418E-01  8.86252E-01  1.58936E-02
    6568.846    341.608   9.700  8.95859E-01  8.84871E-01  1.23523E-02
    6572.551    345.313   9.750  8.90583E-01  8.83489E-01  7.98959E-03
    6576.275    349.038   9.800  8.85313E-01  8.82107E-01  3.61726E-03
    6580.019    352.781   9.850  8.80625E-01  8.80725E-01 -1.12877E-04
    6583.781    356.543   9.900  8.76829E-01  8.79343E-01 -2.84662E-03
    6587.562    360.325   9.950  8.73940E-01  8.77961E-01 -4.56271E-03
    6591.363    364.125  10.000  8.71744E-01  8.76579E-01 -5.49670E-03
    6595.182    367.945  10.050  8.69917E-01  8.75166E-01 -5.97833E-03
    6599.021    371.783  10.100  8.68247E-01  8.73754E-01 -6.28287E-03
    6602.878    375.641  10.150  8.66651E-01  8.72342E-01 -6.50307E-03
    6606.755    379.518  10.200  8.65218E-01  8.70929E-01 -6.53731E-03
    6610.651    383.413  10.250  8.64143E-01  8.69517E-01 -6.16246E-03
    6614.566    387.328  10.300  8.63603E-01  8.68104E-01 -5.17085E-03
    6618.499    391.262  10.350  8.63641E-01  8.66692E-01 -3.51104E-03
    6622.452    395.215  10.400  8.64092E-01  8.65279E-01 -1.36879E-03
    6626.424    399.187  10.450  8.64605E-01  8.63867E-01  8.52703E-04
    6630.415    403.178  10.500  8.64747E-01  8.62454E-01  2.65172E-03
    6634.425    407.188  10.550  8.64150E-01  8.61042E-01  3.60200E-03
    6638.454    411.217  10.600  8.62654E-01  8.59629E-01  3.51159E-03
    6642.502    415.265  10.650  8.60367E-01  8.58217E-01  2.50007E-03
    6646.569    419.332  10.700  8.57629E-01  8.56805E-01  9.60213E-04
    6650.656    423.418  10.750  8.54893E-01  8.55392E-01 -5.81951E-04
    6654.761    427.523  10.800  8.52567E-01  8.53980E-01 -1.65167E-03
    6658.885    431.648  10.850  8.50878E-01  8.52567E-01 -1.97876E-03
    6663.029    435.791  10.900  8.49827E-01  8.51155E-01 -1.55825E-03
    6667.191    439.953  10.950  8.49233E-01  8.49742E-01 -5.98753E-04
    6671.372    444.135  11.000  8.48848E-01  8.48330E-01  6.10211E-04
    6675.573    448.335  11.050  8.48399E-01  8.46812E-01  1.87176E-03
    6679.793    452.555  11.100  8.47867E-01  8.45295E-01  3.03922E-03
    6684.031    456.794  11.150  8.47287E-01  8.43777E-01  4.15533E-03
    6688.289    461.051  11.200  8.46718E-01  8.42260E-01  5.28746E-03
    6692.566    465.328  11.250  8.46116E-01  8.40742E-01  6.38593E-03
    6696.861    469.624  11.300  8.45261E-01  8.39225E-01  7.18594E-03
    6701.176    473.938  11.350  8.43761E-01  8.37707E-01  7.22019E-03
    6705.510    478.272  11.400  8.41181E-01  8.36190E-01  5.96346E-03
    6709.863    482.625  11.450  8.37235E-01  8.34672E-01  3.06832E-03
    6714.235    486.997  11.500  8.31987E-01  8.33155E-01 -1.40008E-03
    6718.626    491.388  11.550  8.25945E-01  8.31637E-01 -6.83861E-03
    6723.036    495.798  11.600  8.20011E-01  8.30120E-01 -1.21681E-02
    6727.465    500.227  11.650  8.15258E-01  8.28602E-01 -1.60931E-02
    6731.913    504.676  11.700  8.12611E-01  8.27085E-01 -1.74879E-02
    6736.380    509.143  11.750  8.12532E-01  8.25567E-01 -1.57789E-02
    6740.867    513.629  11.800  8.14832E-01  8.24049E-01 -1.11789E-02
    6745.372    518.134  11.850  8.18686E-01  8.22532E-01 -4.67302E-03
    6749.896    522.659  11.900  8.22867E-01  8.21014E-01  2.25526E-03
    6754.440    527.202  11.950  8.26118E-01  8.19497E-01  8.07494E-03
    6759.002    531.765  12.000  8.27537E-01  8.17979E-01  1.16785E-02
    6763.584    536.346  12.050  8.26887E-01  8.16483E-01  1.27349E-02
    6768.184    540.947  12.100  8.24474E-01  8.14987E-01  1.16339E-02
    6772.804    545.566  12.150  8.21148E-01  8.13491E-01  9.40623E-03
    6777.442    550.205  12.200  8.17868E-01  8.11994E-01  7.22885E-03
    6782.100    554.863  12.250  8.15322E-01  8.10498E-01  5.94737E-03
    6786.777    559.539  12.300  8.13657E-01  8.09002E-01  5.74982E-03
    6791.473    564.235  12.350  8.12451E-01  8.07505E-01  6.11888E-03
    6796.188    568.950  12.400  8.10914E-01  8.06009E-01  6.07912E-03
    6800.921    573.684  12.450  8.08249E-01  8.04513E-01  4.63913E-03
    6805.674    578.437  12.500  8.04023E-01  8.03017E-01  1.25190E-03
    6810.446    583.209  12.550  7.98399E-01  8.01520E-01 -3.88994E-03
    6815.237    588.000  12.600  7.92140E-01  8.00024E-01 -9.84190E-03
    6820.048    592.810  12.650  7.86385E-01  7.98528E-01 -1.51855E-02
    6824.877    597.639  12.700  7.82271E-01  7.97031E-01 -1.84927E-02
    6829.725    602.487  12.750  7.80555E-01  7.95535E-01 -1.88025E-02
    6834.592    607.355  12.800  7.81365E-01  7.94039E-01 -1.59365E-02
    6839.478    612.241  12.850  7.84174E-01  7.92543E-01 -1.05422E-02
    6844.384    617.146  12.900  7.87988E-01  7.91046E-01 -3.85936E-03
    6849.308    622.071  12.950  7.91682E-01  7.89550E-01  2.69521E-03
    6854.252    627.014  13.000  7.94342E-01  7.88054E-01  7.96404E-03
    6859.214    631.977  13.050  7.95393E-01  7.86457E-01  1.13401E-02
    6864.196    636.958  13.100  7.94984E-01  7.84861E-01  1.28727E-02
    6869.196    641.959  13.150  7.93527E-01  7.83265E-01  1.30763E-02
    6874.216    646.978  13.200  7.91524E-01  7.81668E-01  1.25836E-02
    6879.255    652.017  13.250  7.89297E-01  7.80072E-01  1.18024E-02
    6884.312    657.075  13.300  7.86843E-01  7.78476E-01  1.07256E-02
    6889.389    662.152  13.350  7.83865E-01  7.76879E-01  8.97318E-03
    6894.485    667.248  13.400  7.79980E-01  7.75283E-01  6.04543E-03
    6899.600    672.362  13.450  7.74984E-01  7.73687E-01  1.67275E-03
    6904.734    677.496  13.500  7.69074E-01  7.72090E-01 -3.89854E-03
    6909.887    682.649  13.550  7.62909E-01  7.70494E-01 -9.82215E-03
    6915.059    687.821  13.600  7.57471E-01  7.68898E-01 -1.48274E-02
    6920.250    693.013  13.650  7.53762E-01  7.67301E-01 -1.76050E-02
    6925.460    698.223  13.700  7.52455E-01  7.65705E-01 -1.72642E-02
    6930.690    703.452  13.750  7.53626E-01  7.64109E-01 -1.36868E-02
    6935.938    708.700  13.800  7.56676E-01  7.62512E-01 -7.63585E-03
    6941.205    713.967  13.850  7.60485E-01  7.60916E-01 -5.65174E-04
    6946.491    719.254  13.900  7.63742E-01  7.59320E-01  5.81044E-03
    6951.797    724.559  13.950  7.65348E-01  7.57723E-01  1.00381E-02
    6957.121    729.884  14.000  7.64738E-01  7.56127E-01  1.13595E-02
    6962.465    735.227  14.050  7.62049E-01  7.54546E-01  9.91781E-03
    6967.827    740.590  14.100  7.57946E-01  7.52966E-01  6.59734E-03
    6973.209    745.971  14.150  7.53447E-01  7.51385E-01  2.73741E-03
    6978.610    751.372  14.200  7.49535E-01  7.49804E-01 -3.58707E-04
    6984.029    756.792  14.250  7.46836E-01  7.48223E-01 -1.84959E-03
    6989.468    762.230  14.300  7.45451E-01  7.46643E-01 -1.59158E-03
    6994.926    767.688  14.350  7.44976E-01  7.45062E-01 -1.14958E-04
    7000.403    773.165  14.400  7.44700E-01  7.43481E-01  1.63531E-03
    7005.899    778.661  14.450  7.43901E-01  7.41901E-01  2.68941E-03
    7011.414    784.176  14.500  7.42122E-01  7.40320E-01  2.42755E-03
    7016.948    789.710  14.550  7.39336E-01  7.38739E-01  8.06498E-04
    7022.501    795.263  14.600  7.35948E-01  7.37158E-01 -1.63754E-03
    7028.073    800.835  14.650  7.32625E-01  7.35578E-01 -4.00281E-03
    7033.664    806.426  14.700  7.30046E-01  7.33997E-01 -5.36856E-03
    7039.274    812.036  14.750  7.28637E-01  7.32416E-01 -5.14535E-03
    7044.903    817.666  14.800  7.28416E-01  7.30835E-01 -3.30196E-03
    7050.552    823.314  14.850  7.28970E-01  7.29255E-01 -3.89351E-04
    7056.219    828.981  14.900  7.29603E-01  7.27674E-01  2.64396E-03
    7061.905    834.668  14.950  7.29571E-01  7.26093E-01  4.77640E-03
    7067.611    840.373  15.000  7.28335E-01  7.24513E-01  5.26173E-03
    7073.335    846.098  15.050  7.25699E-01  7.22881E-01  3.88722E-03
    7079.079    851.841  15.100  7.21991E-01  7.21249E-01  1.02552E-03
    7084.841    857.604  15.150  7.17826E-01  7.19618E-01 -2.48235E-03
    7090.623    863.386  15.200  7.13972E-01  7.17986E-01 -5.57582E-03
    7096.424    869.186  15.250  7.11110E-01  7.16355E-01 -7.30028E-03
    7102.244    875.006  15.300  7.09636E-01  7.14723E-01 -7.09694E-03
    7108.082    880.845  15.350  7.09538E-01  7.13091E-01 -4.96850E-03
    7113.940    886.703  15.400  7.10410E-01  7.11460E-01 -1.47198E-03
    7119.817    892.580  15.450  7.11577E-01  7.09828E-01  2.45608E-03
    7125.713    898.475  15.500  7.12305E-01  7.08197E-01  5.78510E-03
    7131.628    904.390  15.550  7.12019E-01  7.06565E-01  7.69659E-03
    7137.562    910.325  15.600  7.10459E-01  7.04934E-01  7.81565E-03
    7143.515    916.278  15.650  7.07744E-01  7.03302E-01  6.29762E-03
    7149.487    922.250  15.700  7.04307E-01  7.01670E-01  3.74658E-03
    7155.479    928.241  15.750  7.00739E-01  7.00039E-01  9.96848E-04
    7161.489    934.251  15.800  6.97590E-01  6.98407E-01 -1.16738E-03
    7167.518    940.281  15.850  6.95196E-01  6.96776E-01 -2.26030E-03
    7173.566    946.329  15.900  6.93590E-01  6.95144E-01 -2.22959E-03
    7179.634    952.396  15.950  6.92513E-01  6.93512E-01 -1.43728E-03
    7185.720    958.483  16.000  6.91535E-01  6.91881E-01 -4.99023E-04
    7191.826    964.588  16.050  6.90235E-01  6.90266E-01 -4.41811E-05
    7197.950    970.713  16.100  6.88329E-01  6.88651E-01 -4.65237E-04
    7204.094    976.856  16.150  6.85787E-01  6.87036E-01 -1.81190E-03
    7210.257    983.019  16.200  6.82844E-01  6.85421E-01 -3.74867E-03
    7216.438    989.201  16.250  6.79919E-01  6.83806E-01 -5.66831E-03
    7222.639    995.401  16.300  6.77473E-01  6.82191E-01 -6.89595E-03
    7228.859   1001.621  16.350  6.75860E-01  6.80576E-01 -6.90950E-03
    7235.098   1007.860  16.400  6.75215E-01  6.78961E-01 -5.50070E-03
    7241.356   1014.118  16.450  6.75425E-01  6.77346E-01 -2.82760E-03
    7247.633   1020.395  16.500  6.76170E-01  6.75731E-01  6.47954E-04
    7253.929   1026.691  16.550  6.77024E-01  6.74116E-01  4.30269E-03
    7260.244   1033.006  16.600  6.77569E-01  6.72501E-01  7.51535E-03
    7266.578   1039.340  16.650  6.77475E-01  6.70886E-01  9.79428E-03
    7272.931   1045.693  16.700  6.76544E-01  6.69270E-01  1.08372E-02
    7279.303   1052.065  16.750  6.74703E-01  6.67655E-01  1.05263E-02
    7285.694   1058.457  16.800  6.71977E-01  6.66040E-01  8.88865E-03
    7292.105   1064.867  16.850  6.68465E-01  6.64425E-01  6.06248E-03
    7298.534   1071.296  16.900  6.64335E-01  6.62810E-01  2.29364E-03
    7304.982   1077.745  16.950  6.59843E-01  6.61195E-01 -2.04028E-03
    7311.450   1084.212  17.000  6.55342E-01  6.59580E-01 -6.40874E-03
    7317.936   1090.699  17.050  6.51262E-01  6.57977E-01 -1.01782E-02
    7324.442   1097.204  17.100  6.48062E-01  6.56374E-01 -1.26294E-02
    7330.966   1103.729  17.150  6.46116E-01  6.54771E-01 -1.31833E-02
    7337.510   1110.273  17.200  6.45589E-01  6.53169E-01 -1.15721E-02
    7344.073   1116.835  17.250  6.46352E-01  6.51566E-01 -7.97959E-03
    7350.655   1123.417  17.300  6.47964E-01  6.49963E-01 -3.06591E-03
    7357.255   1130.018  17.350  6.49762E-01  6.48360E-01  2.15625E-03
    7363.875   1136.638  17.400  6.51021E-01  6.46757E-01  6.57544E-03
    7370.514   1143.277  17.450  6.51165E-01  6.45154E-01  9.29158E-03
    7377.172   1149.934  17.500  6.49925E-01  6.43551E-01  9.87845E-03
    7383.849   1156.611  17.550  6.47421E-01  6.41948E-01  8.50260E-03
    7390.545   1163.307  17.600  6.44101E-01  6.40345E-01  5.84966E-03
    7397.260   1170.023  17.650  6.40586E-01  6.38742E-01  2.87855E-03
    7403.994   1176.757  17.700  6.37451E-01  6.37139E-01  4.88889E-04
    7410.748   1183.510  17.750  6.35040E-01  6.35536E-01 -7.77719E-04
    7417.520   1190.282  17.800  6.33365E-01  6.33933E-01 -8.93631E-04
    7424.311   1197.073  17.850  6.32138E-01  6.32330E-01 -3.02689E-04
    7431.121   1203.884  17.900  6.30917E-01  6.30727E-01  2.99856E-04
    7437.951   1210.713  17.950  6.29298E-01  6.29124E-01  2.75816E-04
    7444.799   1217.562  18.000  6.27092E-01  6.27521E-01 -6.81791E-04
    7451.667   1224.429  18.050  6.24398E-01  6.25918E-01 -2.42244E-03
    7458.553   1231.316  18.100  6.21570E-01  6.24314E-01 -4.38395E-03
    7465.459   1238.221  18.150  6.19074E-01  6.22711E-01 -5.82572E-03
    7472.384   1245.146  18.200  6.17295E-01  6.21108E-01 -6.12324E-03
    7479.327   1252.090  18.250  6.16386E-01  6.19504E-01 -5.02018E-03
    7486.290   1259.052  18.300  6.16206E-01  6.17901E-01 -2.73583E-03
    7493.272   1266.034  18.350  6.16366E-01  6.16297E-01  1.11781E-04
    7500.273   1273.035  18.400  6.16378E-01  6.14694E-01  2.73310E-03
    7507.293   1280.055  18.450  6.15826E-01  6.13090E-01  4.45181E-03
    7514.331   1287.094  18.500  6.14512E-01  6.11487E-01  4.93482E-03
    7521.389   1294.152  18.550  6.12500E-01  6.09883E-01  4.28082E-03
    7528.467   1301.229  18.600  6.10073E-01  6.08280E-01  2.94032E-03
    7535.563   1308.325  18.650  6.07594E-01  6.06677E-01  1.50840E-03
    7542.678   1315.440  18.700  6.05364E-01  6.05073E-01  4.80069E-04
    7549.812   1322.574  18.750  6.03511E-01  6.03470E-01  6.82046E-05
    7556.965   1329.728  18.800  6.01959E-01  6.01866E-01  1.53729E-04
    7564.137   1336.900  18.850  6.00491E-01  6.00263E-01  3.79563E-04
    7571.329   1344.091  18.900  5.98864E-01  5.98659E-01  3.40600E-04
    7578.539   1351.302  18.950  5.96927E-01  5.97056E-01 -2.15384E-04
    7585.769   1358.531  19.000  5.94700E-01  5.95453E-01 -1.26136E-03
    7593.017   1365.780  19.050  5.92409E-01  5.93891E-01 -2.48994E-03
    7600.285   1373.047  19.100  5.90287E-01  5.92329E-01 -3.43955E-03
    7607.571   1380.334  19.150  5.88591E-01  5.90767E-01 -3.67559E-03
    7614.877   1387.639  19.200  5.87451E-01  5.89205E-01 -2.97181E-03
    7622.202   1394.964  19.250  5.86814E-01  5.87643E-01 -1.40936E-03
    7629.545   1402.308  19.300  5.86457E-01  5.86081E-01  6.39777E-04
    7636.908   1409.671  19.350  5.86062E-01  5.84519E-01  2.63411E-03
    7644.290   1417.052  19.400  5.85316E-01  5.82958E-01  4.03862E-03
    7651.691   1424.453  19.450  5.84010E-01  5.81396E-01  4.48914E-03
    7659.111   1431.873  19.500  5.82092E-01  5.79834E-01  3.88925E-03
    7666.550   1439.312  19.550  5.79670E-01  5.78272E-01  2.41476E-03
    7674.008   1446.770  19.600  5.76962E-01  5.76710E-01  4.36736E-04
    7681.485   1454.247  19.650  5.74228E-01  5.75148E-01 -1.59837E-03
    7688.981   1461.744  19.700  5.71700E-01  5.73586E-01 -3.28544E-03
    7696.496   1469.259  19.750  5.69540E-01  5.72024E-01 -4.33899E-03
    7704.031   1476.793  19.800  5.67824E-01  5.70463E-01 -4.62068E-03
    7711.584   1484.346  19.850  5.66551E-01  5.68901E-01 -4.12602E-03
    7719.156   1491.919  19.900  5.65662E-01  5.67339E-01 -2.95286E-03
    7726.748   1499.510  19.950  5.65056E-01  5.65777E-01 -1.27267E-03
    7734.358   1507.120  20.000  5.64603E-01  5.64215E-01  6.86092E-04
