# # Once                                                         FEFF 9.6.4  
# # POT  SCF 100  7.0000   0, core-hole, AFOLP (folp(0)= 1.150)
# # Abs   Z=60 Rmt= 1.754 Rnm= 1.775 L3 shell
# # Pot 1 Z=60 Rmt= 1.759 Rnm= 1.781
# # Pot 2 Z=26 Rmt= 1.349 Rnm= 1.400
# # Pot 3 Z= 5 Rmt= 1.086 Rnm= 1.161
# # Gam_ch=3.500E+00 H-L exch Vi= 0.000E+00 Vr= 0.000E+00
# # Mu=-1.703E+01 kf=2.109E+00 Vint=-2.642E+01 Rs_int= 1.720
# # PATH  Rmax= 8.000,  Keep_limit= 0.00, Heap_limit 0.00  Pwcrit= 2.50%
#  S02=1.000  Temp=   0.00  Debye_temp=   0.00  Global_sig2= 0.00000
#  Energy zero shift, vr, vi    0.00000E+00   0.00000E+00
#  Curved wave amplitude ratio filter   4.000%
#     file         sig2 tot  cw amp ratio   deg  nlegs   reff  inp sig2
#           1       0.00000    100.00      1.00     2   2.8385
#           2       0.00000    181.80      2.00     2   3.0438
#           3       0.00000    281.20      2.00     2   3.0438
#           4       0.00000    146.30      2.00     2   3.1139
#           5       0.00000    360.40      2.00     2   3.2560
#           6       0.00000    344.30      2.00     2   3.2560
#           7       0.00000    154.40      2.00     2   3.2674
#           8       0.00000    204.30      2.00     2   3.2674
#           9       0.00000    249.30      1.00     2   3.3513
#          10       0.00000    196.20      1.00     2   3.3513
#          11       0.00000     71.13      1.00     2   3.5189
#          12       0.00000    249.50      1.00     2   3.7601
#          13       0.00000    185.20      1.00     2   3.7601
#          14       0.00000     15.67      4.00     3   3.9804
#          15       0.00000     18.43      4.00     3   3.9804
#          16       0.00000     28.80      4.00     3   4.3262
#          17       0.00000     17.82      4.00     3   4.3716
#          18       0.00000     10.48      4.00     3   4.3716
#          19       0.00000     18.01      4.00     3   4.4233
#          20       0.00000     10.94      4.00     3   4.4233
#          21       0.00000     10.15      4.00     3   4.4467
#          22       0.00000     18.65      4.00     3   4.4467
#          23       0.00000     18.01      4.00     3   4.4754
#          24       0.00000     11.80      4.00     3   4.4769
#          25       0.00000      9.24      4.00     3   4.4769
#          26       0.00000     11.08      4.00     3   4.5031
#          27       0.00000     18.86      4.00     3   4.5031
#          28       0.00000     19.12      4.00     3   4.5060
#          29       0.00000     17.22      4.00     3   4.5060
#          30       0.00000     17.56      4.00     3   4.5407
#          31       0.00000     18.50      4.00     3   4.5407
#          32       0.00000      4.96      2.00     3   4.5849
#          33       0.00000      7.37      2.00     3   4.5849
#          34       0.00000     61.31      2.00     2   4.6130
#          35       0.00000     44.56      4.00     3   4.7691
#          36       0.00000     53.77      2.00     2   4.7871
#          37       0.00000     65.70      2.00     2   4.8006
#          38       0.00000     81.85      2.00     2   4.8006
#          39       0.00000    143.90      2.00     2   4.9095
#          40       0.00000    106.10      2.00     2   4.9095
#          41       0.00000     11.47      4.00     3   4.9101
#          42       0.00000     13.80      2.00     4   4.9252
#          43       0.00000     61.58      2.00     2   4.9584
#          44       0.00000     95.89      2.00     2   4.9584
#          45       0.00000     47.17      2.00     2   4.9789
#          46       0.00000     64.44      2.00     2   4.9931
#          47       0.00000     67.93      2.00     2   4.9931
#          48       0.00000      9.23      4.00     3   5.0269
#          49       0.00000     10.24      4.00     3   5.0269
#          50       0.00000     10.63      4.00     3   5.0278
#          51       0.00000      7.17      4.00     3   5.0278
#          52       0.00000     46.63      2.00     2   5.0540
#          53       0.00000     11.21      4.00     3   5.0657
#          54       0.00000     11.11      4.00     3   5.0657
#          55       0.00000      5.03      2.00     3   5.1005
#          56       0.00000      5.39      2.00     3   5.1005
#          57       0.00000    155.50      2.00     2   5.1275
#          58       0.00000    149.50      2.00     2   5.1275
#          59       0.00000      8.22      4.00     3   5.1309
#          60       0.00000      8.68      4.00     3   5.1309
#          61       0.00000     12.16      4.00     3   5.1412
#          62       0.00000      7.65      4.00     3   5.1412
#          63       0.00000     14.48      4.00     3   5.1707
#          64       0.00000     16.49      4.00     3   5.1707
#          65       0.00000     10.60      4.00     3   5.1964
#          66       0.00000     10.95      4.00     3   5.1964
#          67       0.00000    114.40      2.00     2   5.2126
#          68       0.00000     92.80      2.00     2   5.2126
#          69       0.00000     23.06      4.00     3   5.2258
#          70       0.00000     28.52      4.00     3   5.2258
#          71       0.00000     65.98      1.00     2   5.2360
#          72       0.00000     38.58      1.00     2   5.2360
#          73       0.00000     11.93      4.00     3   5.2580
#          74       0.00000      9.65      4.00     3   5.2580
#          75       0.00000     10.75      4.00     3   5.2887
#          76       0.00000     13.02      4.00     3   5.2887
#          77       0.00000     15.52      4.00     3   5.2979
#          78       0.00000     19.98      4.00     3   5.2979
#          79       0.00000      9.34      4.00     3   5.3230
#          80       0.00000     19.86      4.00     3   5.3430
#          81       0.00000     16.09      4.00     3   5.3430
#          82       0.00000     20.71      4.00     3   5.3674
#          83       0.00000     16.14      4.00     3   5.3674
#          84       0.00000      9.21      4.00     3   5.3709
#          85       0.00000      9.54      4.00     3   5.3709
#          86       0.00000     11.79      4.00     3   5.3730
#          87       0.00000     12.31      4.00     3   5.3730
#          88       0.00000     10.91      4.00     3   5.4112
#          89       0.00000     11.73      4.00     3   5.4112
#          90       0.00000     11.53      4.00     3   5.4159
#          91       0.00000     10.02      4.00     3   5.4159
#          92       0.00000      8.93      4.00     3   5.4226
#          93       0.00000     30.42      4.00     3   5.4409
#          94       0.00000     29.43      4.00     3   5.4409
#          95       0.00000      8.49      4.00     3   5.4732
#          96       0.00000      8.00      4.00     3   5.4732
#          97       0.00000     22.58      4.00     3   5.5187
#          98       0.00000     21.27      4.00     3   5.5187
#          99       0.00000     17.61      2.00     3   5.5196
#         100       0.00000     15.70      2.00     3   5.5196
#         101       0.00000     20.88      4.00     3   5.5351
#         102       0.00000     23.59      4.00     3   5.5351
#         104       0.00000      4.15      2.00     4   5.5421
#         105       0.00000      4.58      4.00     3   5.5781
#         106       0.00000      4.94      4.00     3   5.5781
#         107       0.00000      7.01      4.00     3   5.6051
#         108       0.00000     12.99      4.00     3   5.6125
#         109       0.00000     15.00      4.00     3   5.6125
#         110       0.00000      7.64      4.00     3   5.6374
#         111       0.00000      5.32      4.00     3   5.6374
#         112       0.00000      5.74      2.00     3   5.6566
#         113       0.00000      5.91      2.00     3   5.6566
#         114       0.00000     13.27      4.00     3   5.6603
#         115       0.00000     17.69      4.00     3   5.6603
#         116       0.00000      5.10      1.00     4   5.6770
#         117       0.00000      8.89      4.00     3   5.7326
#         118       0.00000      7.74      4.00     3   5.7326
#         119       0.00000     34.53      1.00     2   5.7366
#         120       0.00000     20.79      1.00     2   5.7366
#         123       0.00000     75.75      2.00     2   5.7619
#         124       0.00000     70.27      2.00     2   5.7619
#         125       0.00000     34.53      2.00     2   5.7650
#         126       0.00000     51.18      2.00     2   5.7650
#         127       0.00000     85.05      4.00     3   5.7668
#         128       0.00000    136.80      4.00     3   5.7668
#         129       0.00000     61.91      2.00     4   5.7686
#         130       0.00000    105.20      2.00     4   5.7686
#         131       0.00000    179.30      4.00     3   5.7694
#         132       0.00000    193.40      4.00     3   5.7694
#         133       0.00000    138.30      2.00     4   5.7769
#         134       0.00000    129.40      2.00     4   5.7769
#         135       0.00000     33.91      2.00     2   5.8272
#         136       0.00000     43.92      2.00     2   5.8272
#         137       0.00000     84.62      4.00     3   5.8282
#         138       0.00000    115.50      4.00     3   5.8282
#         139       0.00000     62.62      2.00     4   5.8293
#         140       0.00000     88.21      2.00     4   5.8293
#         141       0.00000     12.20      4.00     3   5.8434
#         142       0.00000     15.26      4.00     3   5.8447
#         143       0.00000     11.17      4.00     3   5.8447
#         144       0.00000      8.36      4.00     3   5.8667
#         145       0.00000     11.47      4.00     3   5.8667
#         146       0.00000     12.71      4.00     3   5.8790
#         147       0.00000      8.68      4.00     3   5.8790
#         152       0.00000      7.72      4.00     3   5.9478
#         153       0.00000      8.50      4.00     4   5.9524
#         154       0.00000     10.70      1.00     2   5.9629
#         155       0.00000     21.41      2.00     3   5.9629
#         156       0.00000     10.56      1.00     4   5.9629
#         157       0.00000      8.42      4.00     3   5.9640
#         158       0.00000     10.14      4.00     3   5.9640
#         159       0.00000     21.67      4.00     3   5.9642
#         160       0.00000     21.39      4.00     3   5.9642
#         161       0.00000      4.57      4.00     3   5.9789
#         162       0.00000      5.95      4.00     3   5.9789
#         163       0.00000     20.38      4.00     3   5.9981
#         164       0.00000     17.33      4.00     3   5.9981
#         165       0.00000     18.45      4.00     3   6.0072
#         166       0.00000     14.29      4.00     3   6.0072
#         167       0.00000      5.39      4.00     3   6.0206
#         168       0.00000     16.78      4.00     3   6.0645
#         169       0.00000     12.93      4.00     3   6.0645
#         172       0.00000      7.12      4.00     4   6.0876
#         174       0.00000      5.71      2.00     4   6.0876
#         175       0.00000      8.20      2.00     4   6.0876
#         176       0.00000      4.82      4.00     4   6.1059
#         177       0.00000      4.29      4.00     4   6.1059
#         178       0.00000      7.16      4.00     3   6.1155
#         179       0.00000      6.24      4.00     3   6.1155
#         180       0.00000      8.44      2.00     3   6.1358
#         181       0.00000      9.49      2.00     3   6.1358
#         182       0.00000     34.58      2.00     2   6.1364
#         183       0.00000     76.15      4.00     3   6.1369
#         184       0.00000     49.74      2.00     4   6.1374
#         185       0.00000     24.71      2.00     2   6.1454
#         186       0.00000     32.87      2.00     2   6.1454
#         187       0.00000      7.16      4.00     3   6.1460
#         188       0.00000      7.49      4.00     3   6.1460
#         191       0.00000     23.64      1.00     2   6.1633
#         192       0.00000     23.29      1.00     2   6.1633
#         193       0.00000      8.77      2.00     3   6.1887
#         195       0.00000      4.56      4.00     3   6.2233
#         196       0.00000      9.47      4.00     3   6.2246
#         197       0.00000      7.58      4.00     3   6.2246
#         198       0.00000     13.15      2.00     4   6.2278
#         199       0.00000      4.41      2.00     4   6.2278
#         200       0.00000     11.68      4.00     3   6.2402
#         201       0.00000      9.41      4.00     3   6.2402
#         202       0.00000      9.51      4.00     3   6.2451
#         203       0.00000     11.06      4.00     3   6.2451
#         204       0.00000     24.36      4.00     3   6.2670
#         205       0.00000     18.84      4.00     3   6.2670
#         206       0.00000     12.13      2.00     3   6.2932
#         207       0.00000      7.81      2.00     3   6.2932
#         208       0.00000      4.78      4.00     4   6.2998
#         209       0.00000      4.56      4.00     4   6.2998
#         210       0.00000      4.93      4.00     4   6.2998
#         212       0.00000      7.31      2.00     3   6.3034
#         213       0.00000      9.48      2.00     3   6.3034
#         214       0.00000     30.51      4.00     4   6.3112
#         215       0.00000     25.78      4.00     4   6.3112
#         216       0.00000     14.33      4.00     4   6.3112
#         217       0.00000     10.48      4.00     4   6.3112
#         218       0.00000     12.50      4.00     3   6.3178
#         219       0.00000     12.00      4.00     3   6.3178
#         220       0.00000      4.75      4.00     3   6.3210
#         221       0.00000      5.94      4.00     3   6.3210
#         222       0.00000      4.16      4.00     4   6.3228
#         223       0.00000      5.06      4.00     4   6.3228
#         226       0.00000      7.28      4.00     3   6.3313
#         227       0.00000      7.41      4.00     4   6.3313
#         228       0.00000      9.73      4.00     3   6.3541
#         229       0.00000      8.50      4.00     3   6.3541
#         230       0.00000     25.72      4.00     3   6.3541
#         231       0.00000     30.81      4.00     3   6.3541
#         232       0.00000      8.52      1.00     2   6.3574
#         233       0.00000     10.16      2.00     3   6.3574
#         234       0.00000     34.10      2.00     3   6.3574
#         235       0.00000     21.03      2.00     4   6.3574
#         236       0.00000     34.43      1.00     4   6.3574
#         237       0.00000      9.74      4.00     3   6.3657
#         238       0.00000     14.13      4.00     3   6.3657
#         239       0.00000     13.63      4.00     4   6.3699
#         240       0.00000     10.17      4.00     4   6.3699
#         241       0.00000      4.76      4.00     4   6.3699
#         242       0.00000      4.41      4.00     4   6.3699
#         243       0.00000      5.60      4.00     4   6.3813
#         244       0.00000      9.60      4.00     4   6.3813
#         247       0.00000      7.36      4.00     3   6.3863
#         248       0.00000      4.93      4.00     3   6.3863
#         249       0.00000      5.23      4.00     3   6.3927
#         250       0.00000      5.35      4.00     4   6.3951
#         252       0.00000     66.58      2.00     2   6.4144
#         253       0.00000     45.89      2.00     2   6.4144
#         254       0.00000      6.93      2.00     3   6.4314
#         255       0.00000      5.53      4.00     3   6.4356
#         257       0.00000      5.10      4.00     4   6.4431
#         259       0.00000      7.02      2.00     3   6.4742
#         260       0.00000      6.74      2.00     3   6.4742
#         261       0.00000     16.00      2.00     2   6.4831
#         262       0.00000     16.93      2.00     2   6.4831
#         263       0.00000     36.49      4.00     3   6.5040
#         264       0.00000     74.21      4.00     4   6.5120
#         265       0.00000      8.25      2.00     4   6.5120
#         266       0.00000      7.93      2.00     4   6.5120
#         267       0.00000      4.82      4.00     4   6.5234
#         268       0.00000      7.99      4.00     4   6.5234
#         271       0.00000      4.23      4.00     4   6.5348
#         273       0.00000      5.00      2.00     4   6.5348
#         274       0.00000     75.63      2.00     2   6.5542
#         275       0.00000     64.81      2.00     2   6.5542
#         276       0.00000      5.18      4.00     4   6.5627
#         277       0.00000      4.66      4.00     4   6.5627
#         278       0.00000      9.14      2.00     4   6.5627
#         279       0.00000     10.52      2.00     4   6.5627
#         280       0.00000      9.76      4.00     3   6.5636
#         281       0.00000     12.91      4.00     3   6.5636
#         283       0.00000      4.34      4.00     4   6.5692
#         284       0.00000      4.02      4.00     4   6.5762
#         288       0.00000     17.79      2.00     3   6.5811
#         289       0.00000     17.15      2.00     3   6.5811
#         290       0.00000      4.60      4.00     4   6.5842
#         291       0.00000      4.32      4.00     4   6.5842
#         294       0.00000     58.84      4.00     3   6.6076
#         295       0.00000     43.24      4.00     3   6.6076
#         296       0.00000      7.31      4.00     4   6.6072
#         297       0.00000      5.67      4.00     4   6.6072
#         298       0.00000      5.47      4.00     4   6.6072
#         299       0.00000      4.73      4.00     4   6.6072
#         300       0.00000      7.34      4.00     4   6.6187
#         301       0.00000      5.29      4.00     4   6.6187
#         302       0.00000      6.31      4.00     4   6.6190
#         303       0.00000      5.62      4.00     4   6.6190
#         304       0.00000      4.56      4.00     4   6.6428
#         306       0.00000     19.91      2.00     2   6.6469
#         309       0.00000      8.06      4.00     3   6.6675
#         310       0.00000      8.10      4.00     3   6.6675
#         312       0.00000     54.38      1.00     2   6.7025
#         313       0.00000     43.05      1.00     2   6.7025
#         314       0.00000    142.20      2.00     3   6.7025
#         315       0.00000    111.10      2.00     3   6.7025
#         317       0.00000      5.06      1.00     4   6.7025
#         318       0.00000    101.20      1.00     4   6.7025
#         319       0.00000      4.08      1.00     4   6.7025
#         320       0.00000     78.49      1.00     4   6.7025
#         321       0.00000     65.21      4.00     3   6.7354
#         322       0.00000     55.38      4.00     3   6.7354
#         324       0.00000      4.15      4.00     4   6.7378
#         325       0.00000     12.20      4.00     3   6.7423
#         326       0.00000     10.72      4.00     3   6.7423
#         327       0.00000      5.89      4.00     3   6.7743
#         328       0.00000      6.22      4.00     3   6.7743
#         329       0.00000      5.96      4.00     3   6.7773
#         330       0.00000      6.43      4.00     3   6.7773
#         333       0.00000     22.53      2.00     4   6.8008
#         334       0.00000     17.23      2.00     4   6.8008
#         335       0.00000      5.89      4.00     4   6.8039
#         336       0.00000      7.78      4.00     4   6.8039
#         337       0.00000     39.18      2.00     2   6.8099
#         338       0.00000     29.40      2.00     2   6.8099
#         339       0.00000     17.49      2.00     2   6.8128
#         340       0.00000     22.81      2.00     2   6.8128
#         341       0.00000      4.74      4.00     3   6.8177
#         342       0.00000      4.76      4.00     3   6.8177
#         344       0.00000      7.14      4.00     3   6.8777
#         345       0.00000      4.96      4.00     3   6.8923
#         346       0.00000      4.85      4.00     3   6.8923
#         347       0.00000     23.66      2.00     2   6.9083
#         348       0.00000     26.42      2.00     2   6.9083
#         349       0.00000     23.99      2.00     4   6.9165
#         350       0.00000     19.90      2.00     4   6.9165
#         351       0.00000     14.52      4.00     3   6.9177
#         352       0.00000     17.25      4.00     3   6.9177
#         353       0.00000      6.41      4.00     3   6.9250
#         354       0.00000      7.25      4.00     3   6.9502
#         355       0.00000      9.44      4.00     3   6.9502
#         358       0.00000      7.73      4.00     3   6.9944
#         359       0.00000     10.23      4.00     3   6.9944
#         360       0.00000     14.04      1.00     2   6.9987
#         361       0.00000     11.25      1.00     2   6.9987
#         362       0.00000     54.41      2.00     3   6.9988
#         363       0.00000     43.16      2.00     3   6.9988
#         364       0.00000     53.67      1.00     4   6.9989
#         365       0.00000     42.12      1.00     4   6.9989
#         366       0.00000      7.11      4.00     3   7.0009
#         367       0.00000     16.58      2.00     2   7.0098
#         368       0.00000     22.83      2.00     2   7.0098
#         370       0.00000      6.05      4.00     4   7.0161
#         372       0.00000      4.16      4.00     4   7.0161
#         374       0.00000      4.70      2.00     4   7.0227
#         375       0.00000      5.06      2.00     4   7.0227
#         376       0.00000     11.32      4.00     3   7.0270
#         377       0.00000      9.00      4.00     3   7.0270
#         380       0.00000      6.86      4.00     4   7.0338
#         382       0.00000      4.45      4.00     3   7.0387
#         383       0.00000      6.26      4.00     3   7.0387
#         384       0.00000      6.21      4.00     3   7.0410
#         385       0.00000      6.42      4.00     3   7.0410
#         387       0.00000      4.07      4.00     4   7.0551
#         388       0.00000      7.39      4.00     3   7.0656
#         389       0.00000      9.30      4.00     3   7.0656
#         390       0.00000     43.77      2.00     2   7.0718
#         391       0.00000     29.64      2.00     2   7.0718
#         392       0.00000      6.06      2.00     3   7.0831
#         395       0.00000      8.33      4.00     3   7.0915
#         396       0.00000      9.35      4.00     3   7.0915
#         397       0.00000     35.02      2.00     2   7.1037
#         398       0.00000     24.17      2.00     2   7.1037
#         399       0.00000      4.20      4.00     4   7.1062
#         400       0.00000      4.99      4.00     4   7.1062
#         401       0.00000     17.94      2.00     3   7.1084
#         402       0.00000     22.96      2.00     3   7.1084
#         403       0.00000      9.64      4.00     3   7.1082
#         404       0.00000      7.59      4.00     3   7.1082
#         405       0.00000     35.04      2.00     4   7.1114
#         406       0.00000     45.12      2.00     4   7.1114
#         407       0.00000      5.53      4.00     4   7.1160
#         408       0.00000      5.90      4.00     4   7.1160
#         409       0.00000      6.13      4.00     3   7.1371
#         410       0.00000      6.88      4.00     3   7.1371
#         411       0.00000     47.47      2.00     2   7.1397
#         412       0.00000     45.33      2.00     2   7.1397
#         415       0.00000      5.76      4.00     3   7.1646
#         416       0.00000      7.59      4.00     3   7.1646
#         417       0.00000     21.13      4.00     3   7.1757
#         418       0.00000     14.32      4.00     3   7.1757
#         419       0.00000      4.42      4.00     3   7.1890
#         420       0.00000      4.15      4.00     3   7.1890
#         423       0.00000     48.24      2.00     2   7.2125
#         424       0.00000     40.35      2.00     2   7.2125
#         425       0.00000     27.17      4.00     3   7.2238
#         426       0.00000     26.51      4.00     3   7.2238
#         427       0.00000     12.61      4.00     3   7.2253
#         428       0.00000      9.35      4.00     3   7.2253
#         429       0.00000      5.99      4.00     3   7.2301
#         430       0.00000      5.78      4.00     3   7.2301
#         432       0.00000     11.57      4.00     3   7.2396
#         433       0.00000      8.65      4.00     3   7.2396
#         434       0.00000      7.17      4.00     3   7.2445
#         435       0.00000      5.25      4.00     3   7.2445
#         437       0.00000      5.56      2.00     4   7.2795
#         439       0.00000      4.40      4.00     4   7.2906
#         440       0.00000      4.92      4.00     4   7.2906
#         441       0.00000      7.78      4.00     3   7.2915
#         442       0.00000     11.04      4.00     3   7.2915
#         443       0.00000      4.61      2.00     4   7.3080
#         444       0.00000      4.75      2.00     4   7.3080
#         445       0.00000     29.43      2.00     2   7.3125
#         446       0.00000     18.09      2.00     2   7.3125
#         450       0.00000      4.27      4.00     3   7.3327
#         451       0.00000     12.44      4.00     3   7.3750
#         452       0.00000     10.91      4.00     3   7.3750
#         453       0.00000     14.24      4.00     3   7.3821
#         454       0.00000     11.87      4.00     3   7.3821
#         456       0.00000     18.18      4.00     3   7.3957
#         457       0.00000     11.55      4.00     3   7.3957
#         458       0.00000      8.36      4.00     3   7.3974
#         459       0.00000      5.98      4.00     3   7.3974
#         462       0.00000     11.23      4.00     3   7.4145
#         463       0.00000     11.53      4.00     3   7.4145
#   400/ 437 paths used
#  xsedge+50, used to normalize mu           7.2744E-04
#  -----------------------------------------------------------------------
#  omega    e    k    mu    mu0     chi     @#
    6209.977    -17.024   0.050  9.74187E-01  1.27046E+00 -1.36794E-01
    6210.005    -16.995   0.100  9.89622E-01  1.27998E+00 -1.32708E-01
    6210.053    -16.948   0.150  1.03677E+00  1.30882E+00 -1.20572E-01
    6210.120    -16.881   0.200  1.08570E+00  1.33766E+00 -1.08383E-01
    6210.205    -16.795   0.250  1.16919E+00  1.38607E+00 -8.86986E-02
    6210.310    -16.690   0.300  1.25622E+00  1.43448E+00 -6.94829E-02
    6210.434    -16.567   0.350  1.37767E+00  1.50132E+00 -4.50467E-02
    6210.577    -16.424   0.400  1.50133E+00  1.56817E+00 -2.28528E-02
    6210.739    -16.262   0.450  1.65009E+00  1.64930E+00  2.49198E-04
    6210.920    -16.081   0.500  1.79271E+00  1.73044E+00  1.83218E-02
    6211.120    -15.881   0.550  1.93809E+00  1.81831E+00  3.27478E-02
    6211.339    -15.662   0.600  2.06200E+00  1.90618E+00  3.97806E-02
    6211.577    -15.424   0.650  2.15650E+00  1.99035E+00  4.04728E-02
    6211.834    -15.166   0.700  2.21961E+00  2.07453E+00  3.37936E-02
    6212.110    -14.890   0.750  2.23164E+00  2.14359E+00  2.04535E-02
    6212.405    -14.595   0.800  2.22162E+00  2.21264E+00  2.07856E-03
    6212.720    -14.281   0.850  2.17261E+00  2.25591E+00 -2.00434E-02
    6213.053    -13.947   0.900  2.13773E+00  2.29917E+00 -4.04185E-02
    6213.406    -13.595   0.950  2.10436E+00  2.30958E+00 -5.46716E-02
    6213.777    -13.223   1.000  2.11992E+00  2.31999E+00 -5.69491E-02
    6214.168    -12.833   1.050  2.16264E+00  2.29666E+00 -4.09674E-02
    6214.577    -12.423   1.100  2.24780E+00  2.27333E+00 -8.42621E-03
    6215.006    -11.995   1.150  2.33609E+00  2.22200E+00  4.04855E-02
    6215.453    -11.547   1.200  2.41749E+00  2.17067E+00  9.47071E-02
    6215.920    -11.080   1.250  2.45374E+00  2.10125E+00  1.45059E-01
    6216.406    -10.594   1.300  2.43820E+00  2.03182E+00  1.80300E-01
    6216.911    -10.090   1.350  2.36068E+00  1.95469E+00  1.92325E-01
    6217.435     -9.566   1.400  2.23129E+00  1.87756E+00  1.79744E-01
    6217.978     -9.023   1.450  2.06890E+00  1.80101E+00  1.44544E-01
    6218.540     -8.461   1.500  1.88874E+00  1.72447E+00  9.44772E-02
    6219.121     -7.880   1.550  1.71709E+00  1.65380E+00  3.84095E-02
    6219.721     -7.280   1.600  1.55956E+00  1.58313E+00 -1.51464E-02
    6220.340     -6.661   1.650  1.43334E+00  1.52107E+00 -5.90842E-02
    6220.978     -6.022   1.700  1.33136E+00  1.45901E+00 -9.03302E-02
    6221.635     -5.365   1.750  1.26077E+00  1.40641E+00 -1.07301E-01
    6222.311     -4.689   1.800  1.20736E+00  1.35381E+00 -1.12521E-01
    6223.007     -3.994   1.850  1.17475E+00  1.31071E+00 -1.07976E-01
    6223.721     -3.279   1.900  1.14801E+00  1.26762E+00 -9.82886E-02
    6224.455     -2.546   1.950  1.13380E+00  1.23717E+00 -8.70202E-02
    6225.207     -1.793   2.000  1.12046E+00  1.20673E+00 -7.44385E-02
    6225.979     -1.022   2.050  1.12265E+00  1.18899E+00 -5.84711E-02
    6226.769     -0.231   2.100  1.12513E+00  1.17125E+00 -4.15421E-02
    6227.579      0.578   2.150  1.12682E+00  1.15352E+00 -2.45775E-02
    6228.407      1.407   2.200  1.12623E+00  1.13578E+00 -8.98980E-03
    6229.255      2.255   2.250  1.11924E+00  1.11534E+00  3.74478E-03
    6230.122      3.122   2.300  1.10707E+00  1.09490E+00  1.19118E-02
    6231.008      4.007   2.350  1.09006E+00  1.07446E+00  1.55808E-02
    6231.913      4.912   2.400  1.06969E+00  1.05402E+00  1.59664E-02
    6232.837      5.836   2.450  1.05007E+00  1.03532E+00  1.52430E-02
    6233.780      6.779   2.500  1.03023E+00  1.01662E+00  1.42732E-02
    6234.742      7.741   2.550  1.01101E+00  9.97925E-01  1.39319E-02
    6235.723      8.722   2.600  9.92429E-01  9.79226E-01  1.42686E-02
    6236.723      9.722   2.650  9.80666E-01  9.68908E-01  1.27695E-02
    6237.742     10.741   2.700  9.68669E-01  9.58591E-01  1.10015E-02
    6238.780     11.780   2.750  9.56339E-01  9.48273E-01  8.84952E-03
    6239.837     12.837   2.800  9.43543E-01  9.37956E-01  6.16136E-03
    6240.914     13.913   2.850  9.37672E-01  9.36356E-01  1.44909E-03
    6242.009     15.009   2.900  9.31889E-01  9.34756E-01 -3.14847E-03
    6243.123     16.123   2.950  9.27132E-01  9.33156E-01 -6.60223E-03
    6244.257     17.257   3.000  9.24086E-01  9.31556E-01 -8.17076E-03
    6245.409     18.409   3.050  9.25019E-01  9.34127E-01 -9.90324E-03
    6246.581     19.581   3.100  9.27818E-01  9.36699E-01 -9.59732E-03
    6247.772     20.771   3.150  9.33200E-01  9.39270E-01 -6.52186E-03
    6248.981     21.981   3.200  9.41398E-01  9.41842E-01 -4.73805E-04
    6250.210     23.210   3.250  9.53317E-01  9.47346E-01  6.32690E-03
    6251.458     24.457   3.300  9.66506E-01  9.52850E-01  1.43550E-02
    6252.725     25.724   3.350  9.79792E-01  9.58354E-01  2.23596E-02
    6254.011     27.010   3.400  9.91786E-01  9.63858E-01  2.89031E-02
    6255.315     28.315   3.450  1.00171E+00  9.69885E-01  3.26730E-02
    6256.639     29.639   3.500  1.00806E+00  9.75912E-01  3.27406E-02
    6257.982     30.982   3.550  1.01025E+00  9.81938E-01  2.86064E-02
    6259.344     32.344   3.600  1.00840E+00  9.87965E-01  2.04873E-02
    6260.726     33.725   3.650  1.00251E+00  9.93219E-01  9.26184E-03
    6262.126     35.125   3.700  9.94904E-01  9.98473E-01 -3.53542E-03
    6263.545     36.545   3.750  9.87353E-01  1.00373E+00 -1.61266E-02
    6264.983     37.983   3.800  9.81683E-01  1.00898E+00 -2.67267E-02
    6266.441     39.440   3.850  9.77030E-01  1.01196E+00 -3.41036E-02
    6267.917     40.917   3.900  9.76467E-01  1.01494E+00 -3.74565E-02
    6269.412     42.412   3.950  9.80058E-01  1.01792E+00 -3.67576E-02
    6270.927     43.926   4.000  9.87203E-01  1.02090E+00 -3.26220E-02
    6272.460     45.460   4.050  9.94429E-01  1.02133E+00 -2.60527E-02
    6274.013     47.013   4.100  1.00279E+00  1.02175E+00 -1.83732E-02
    6275.585     48.584   4.150  1.01126E+00  1.02218E+00 -1.05891E-02
    6277.175     50.175   4.200  1.01920E+00  1.02261E+00 -3.30789E-03
    6278.785     51.785   4.250  1.02427E+00  1.02078E+00  3.38964E-03
    6280.414     53.413   4.300  1.02855E+00  1.01896E+00  9.36254E-03
    6282.062     55.061   4.350  1.03218E+00  1.01714E+00  1.47300E-02
    6283.728     56.728   4.400  1.03512E+00  1.01532E+00  1.94631E-02
    6285.414     58.414   4.450  1.03562E+00  1.01222E+00  2.30975E-02
    6287.119     60.119   4.500  1.03461E+00  1.00913E+00  2.52733E-02
    6288.843     61.843   4.550  1.03163E+00  1.00603E+00  2.55107E-02
    6290.586     63.586   4.600  1.02647E+00  1.00294E+00  2.35674E-02
    6292.348     65.348   4.650  1.01893E+00  9.99563E-01  1.94847E-02
    6294.130     67.129   4.700  1.01017E+00  9.96187E-01  1.41347E-02
    6295.930     68.929   4.750  1.00118E+00  9.92811E-01  8.49144E-03
    6297.749     70.749   4.800  9.92876E-01  9.89436E-01  3.50935E-03
    6299.587     72.587   4.850  9.86501E-01  9.86601E-01 -1.02779E-04
    6301.445     74.444   4.900  9.81396E-01  9.83766E-01 -2.43455E-03
    6303.321     76.321   4.950  9.76865E-01  9.80932E-01 -4.19148E-03
    6305.217     78.216   5.000  9.71880E-01  9.78097E-01 -6.42912E-03
    6307.131     80.131   5.050  9.66654E-01  9.76260E-01 -9.95406E-03
    6309.065     82.064   5.100  9.59686E-01  9.74423E-01 -1.53007E-02
    6311.017     84.017   5.150  9.51549E-01  9.72586E-01 -2.18840E-02
    6312.989     85.989   5.200  9.43707E-01  9.70749E-01 -2.81846E-02
    6314.980     87.979   5.250  9.39222E-01  9.70036E-01 -3.21203E-02
    6316.990     89.989   5.300  9.38907E-01  9.69323E-01 -3.17088E-02
    6319.018     92.018   5.350  9.43817E-01  9.68610E-01 -2.58501E-02
    6321.066     94.066   5.400  9.53694E-01  9.67897E-01 -1.48100E-02
    6323.133     96.133   5.450  9.67892E-01  9.68088E-01 -2.03475E-04
    6325.219     98.219   5.500  9.82627E-01  9.68279E-01  1.49272E-02
    6327.324    100.324   5.550  9.94834E-01  9.68470E-01  2.73946E-02
    6329.448    102.448   5.600  1.00201E+00  9.68661E-01  3.46082E-02
    6331.591    104.591   5.650  1.00346E+00  9.69452E-01  3.52263E-02
    6333.753    106.753   5.700  9.98977E-01  9.70243E-01  2.97051E-02
    6335.935    108.934   5.750  9.90469E-01  9.71033E-01  2.00530E-02
    6338.135    111.135   5.800  9.80683E-01  9.71824E-01  9.12209E-03
    6340.354    113.354   5.850  9.71761E-01  9.72121E-01 -3.69639E-04
    6342.593    115.592   5.900  9.66324E-01  9.72417E-01 -6.25931E-03
    6344.850    117.850   5.950  9.64950E-01  9.72713E-01 -7.96622E-03
    6347.127    120.126   6.000  9.66829E-01  9.73010E-01 -6.33492E-03
    6349.422    122.422   6.050  9.70140E-01  9.73216E-01 -3.14843E-03
    6351.737    124.736   6.100  9.72658E-01  9.73422E-01 -7.80867E-04
    6354.070    127.070   6.150  9.72756E-01  9.73628E-01 -8.89865E-04
    6356.423    129.422   6.200  9.69839E-01  9.73835E-01 -4.07197E-03
    6358.795    131.794   6.250  9.64490E-01  9.74041E-01 -9.71979E-03
    6361.185    134.185   6.300  9.58239E-01  9.74247E-01 -1.62677E-02
    6363.595    136.595   6.350  9.53060E-01  9.74453E-01 -2.17094E-02
    6366.024    139.024   6.400  9.50777E-01  9.74660E-01 -2.42005E-02
    6368.472    141.472   6.450  9.52568E-01  9.74866E-01 -2.25627E-02
    6370.939    143.939   6.500  9.58680E-01  9.75072E-01 -1.65635E-02
    6373.425    146.425   6.550  9.66437E-01  9.73133E-01 -6.78051E-03
    6375.930    148.930   6.600  9.76207E-01  9.71193E-01  5.08784E-03
    6378.454    151.454   6.650  9.85979E-01  9.69254E-01  1.70106E-02
    6380.997    153.997   6.700  9.93793E-01  9.67314E-01  2.69889E-02
    6383.560    156.559   6.750  9.98066E-01  9.65375E-01  3.33937E-02
    6386.141    159.140   6.800  9.97807E-01  9.63436E-01  3.51878E-02
    6388.741    161.741   6.850  9.92726E-01  9.61496E-01  3.20417E-02
    6391.360    164.360   6.900  9.83254E-01  9.59557E-01  2.43670E-02
    6393.999    166.998   6.950  9.70500E-01  9.57617E-01  1.32758E-02
    6396.656    169.656   7.000  9.56113E-01  9.55678E-01  4.49138E-04
    6399.333    172.332   7.050  9.42577E-01  9.54111E-01 -1.19364E-02
    6402.028    175.028   7.100  9.31227E-01  9.52544E-01 -2.21058E-02
    6404.743    177.743   7.150  9.23427E-01  9.50977E-01 -2.86282E-02
    6407.477    180.476   7.200  9.19826E-01  9.49410E-01 -3.08051E-02
    6410.229    183.229   7.250  9.20226E-01  9.47843E-01 -2.88160E-02
    6413.001    186.001   7.300  9.23658E-01  9.46276E-01 -2.36489E-02
    6415.792    188.792   7.350  9.28666E-01  9.44709E-01 -1.68084E-02
    6418.602    191.601   7.400  9.33744E-01  9.43142E-01 -9.86732E-03
    6421.431    194.430   7.450  9.37775E-01  9.41575E-01 -3.99743E-03
    6424.279    197.278   7.500  9.40351E-01  9.40008E-01  3.62111E-04
    6427.146    200.145   7.550  9.42521E-01  9.39118E-01  3.59112E-03
    6430.032    203.031   7.600  9.44526E-01  9.38229E-01  6.65369E-03
    6432.937    205.936   7.650  9.47290E-01  9.37339E-01  1.05253E-02
    6435.861    208.861   7.700  9.51288E-01  9.36449E-01  1.57112E-02
    6438.804    211.804   7.750  9.56208E-01  9.35560E-01  2.18863E-02
    6441.767    214.766   7.800  9.60910E-01  9.34670E-01  2.78431E-02
    6444.748    217.747   7.850  9.63707E-01  9.33780E-01  3.17884E-02
    6447.748    220.748   7.900  9.62895E-01  9.32891E-01  3.19052E-02
    6450.768    223.767   7.950  9.57356E-01  9.32001E-01  2.69904E-02
    6453.806    226.806   8.000  9.47014E-01  9.31111E-01  1.69464E-02
    6456.864    229.863   8.050  9.32945E-01  9.30265E-01  2.85853E-03
    6459.940    232.940   8.100  9.17346E-01  9.29418E-01 -1.28849E-02
    6463.036    236.035   8.150  9.02836E-01  9.28571E-01 -2.74903E-02
    6466.150    239.150   8.200  8.91847E-01  9.27725E-01 -3.83542E-02
    6469.284    242.284   8.250  8.86063E-01  9.26878E-01 -4.36679E-02
    6472.437    245.436   8.300  8.86095E-01  9.26032E-01 -4.27613E-02
    6475.609    248.608   8.350  8.91476E-01  9.25185E-01 -3.61217E-02
    6478.800    251.799   8.400  9.00904E-01  9.24338E-01 -2.51321E-02
    6482.009    255.009   8.450  9.12624E-01  9.23492E-01 -1.16638E-02
    6485.238    258.238   8.500  9.24810E-01  9.22645E-01  2.32602E-03
    6488.486    261.486   8.550  9.35238E-01  9.21205E-01  1.50956E-02
    6491.754    264.753   8.600  9.43189E-01  9.19765E-01  2.52370E-02
    6495.040    268.039   8.650  9.47722E-01  9.18326E-01  3.17210E-02
    6498.345    271.344   8.700  9.48304E-01  9.16886E-01  3.39539E-02
    6501.669    274.669   8.750  9.44862E-01  9.15446E-01  3.18387E-02
    6505.012    278.012   8.800  9.37860E-01  9.14006E-01  2.58577E-02
    6508.375    281.374   8.850  9.28330E-01  9.12567E-01  1.71142E-02
    6511.756    284.756   8.900  9.17792E-01  9.11127E-01  7.24719E-03
    6515.156    288.156   8.950  9.07997E-01  9.09687E-01 -1.84031E-03
    6518.576    291.575   9.000  9.00526E-01  9.08247E-01 -8.42182E-03
    6522.014    295.014   9.050  8.96116E-01  9.06536E-01 -1.13895E-02
    6525.472    298.471   9.100  8.94854E-01  9.04824E-01 -1.09213E-02
    6528.949    301.948   9.150  8.95661E-01  9.03112E-01 -8.18014E-03
    6532.444    305.444   9.200  8.96773E-01  9.01400E-01 -5.09109E-03
    6535.959    308.958   9.250  8.96337E-01  8.99688E-01 -3.69508E-03
    6539.493    312.492   9.300  8.93104E-01  8.97977E-01 -5.38493E-03
    6543.045    316.045   9.350  8.86969E-01  8.96265E-01 -1.02946E-02
    6546.617    319.617   9.400  8.79156E-01  8.94553E-01 -1.70899E-02
    6550.208    323.208   9.450  8.71907E-01  8.92841E-01 -2.32868E-02
    6553.818    326.818   9.500  8.67773E-01  8.91130E-01 -2.60377E-02
    6557.447    330.447   9.550  8.69025E-01  8.89737E-01 -2.31346E-02
    6561.095    334.095   9.600  8.75904E-01  8.88344E-01 -1.39213E-02
    6564.762    337.762   9.650  8.87172E-01  8.86951E-01  2.47230E-04
    6568.449    341.448   9.700  9.00045E-01  8.85558E-01  1.62746E-02
    6572.154    345.153   9.750  9.10975E-01  8.84166E-01  3.01757E-02
    6575.878    348.878   9.800  9.16719E-01  8.82773E-01  3.82834E-02
    6579.621    352.621   9.850  9.15375E-01  8.81380E-01  3.84124E-02
    6583.384    356.383   9.900  9.07001E-01  8.79987E-01  3.05827E-02
    6587.165    360.165   9.950  8.93622E-01  8.78595E-01  1.70460E-02
    6590.966    363.965  10.000  8.78603E-01  8.77202E-01  1.59229E-03
    6594.785    367.785  10.050  8.65623E-01  8.75841E-01 -1.16316E-02
    6598.624    371.623  10.100  8.57445E-01  8.74480E-01 -1.94241E-02
    6602.481    375.481  10.150  8.55172E-01  8.73119E-01 -2.04969E-02
    6606.358    379.357  10.200  8.57973E-01  8.71758E-01 -1.57692E-02
    6610.254    383.253  10.250  8.63492E-01  8.70396E-01 -7.91205E-03
    6614.168    387.168  10.300  8.68753E-01  8.69035E-01 -3.24289E-04
    6618.102    391.102  10.350  8.71228E-01  8.67674E-01  4.08573E-03
    6622.055    395.055  10.400  8.69684E-01  8.66313E-01  3.88206E-03
    6626.027    399.026  10.450  8.64527E-01  8.64952E-01 -4.89927E-04
    6630.018    403.017  10.500  8.57542E-01  8.63591E-01 -6.98892E-03
    6634.028    407.027  10.550  8.51148E-01  8.62230E-01 -1.28255E-02
    6638.057    411.057  10.600  8.47463E-01  8.60869E-01 -1.55407E-02
    6642.105    415.105  10.650  8.47527E-01  8.59508E-01 -1.39108E-02
    6646.172    419.172  10.700  8.50968E-01  8.58147E-01 -8.34986E-03
    6650.258    423.258  10.750  8.56202E-01  8.56786E-01 -6.79781E-04
    6654.364    427.363  10.800  8.61099E-01  8.55425E-01  6.62168E-03
    6658.488    431.488  10.850  8.63807E-01  8.54064E-01  1.13897E-02
    6662.631    435.631  10.900  8.63446E-01  8.52702E-01  1.25793E-02
    6666.794    439.793  10.950  8.60381E-01  8.51341E-01  1.06018E-02
    6670.975    443.975  11.000  8.56002E-01  8.49980E-01  7.07384E-03
    6675.176    448.175  11.050  8.51922E-01  8.48422E-01  4.11887E-03
    6679.395    452.395  11.100  8.49677E-01  8.46865E-01  3.31711E-03
    6683.634    456.633  11.150  8.49709E-01  8.45307E-01  5.20136E-03
    6687.892    460.891  11.200  8.51290E-01  8.43749E-01  8.92680E-03
    6692.168    465.168  11.250  8.52806E-01  8.42191E-01  1.25896E-02
    6696.464    469.464  11.300  8.52404E-01  8.40633E-01  1.39873E-02
    6700.779    473.778  11.350  8.48751E-01  8.39075E-01  1.15201E-02
    6705.113    478.112  11.400  8.41607E-01  8.37517E-01  4.87896E-03
    6709.466    482.465  11.450  8.31985E-01  8.35959E-01 -4.74957E-03
    6713.838    486.837  11.500  8.21841E-01  8.34401E-01 -1.50405E-02
    6718.229    491.228  11.550  8.13415E-01  8.32844E-01 -2.33091E-02
    6722.639    495.638  11.600  8.08482E-01  8.31286E-01 -2.74120E-02
    6727.068    500.067  11.650  8.07781E-01  8.29728E-01 -2.64321E-02
    6731.516    504.515  11.700  8.10847E-01  8.28170E-01 -2.09039E-02
    6735.983    508.983  11.750  8.16257E-01  8.26612E-01 -1.25201E-02
    6740.469    513.469  11.800  8.22193E-01  8.25054E-01 -3.46582E-03
    6744.975    517.974  11.850  8.27075E-01  8.23496E-01  4.34378E-03
    6749.499    522.499  11.900  8.30016E-01  8.21938E-01  9.82455E-03
    6754.042    527.042  11.950  8.30959E-01  8.20380E-01  1.28913E-02
    6758.605    531.604  12.000  8.30463E-01  8.18823E-01  1.42129E-02
    6763.186    536.186  12.050  8.29449E-01  8.17352E-01  1.47965E-02
    6767.787    540.786  12.100  8.28245E-01  8.15881E-01  1.51482E-02
    6772.406    545.406  12.150  8.26871E-01  8.14410E-01  1.52939E-02
    6777.045    550.045  12.200  8.24937E-01  8.12939E-01  1.47504E-02
    6781.703    554.702  12.250  8.21915E-01  8.11468E-01  1.28662E-02
    6786.380    559.379  12.300  8.17502E-01  8.09997E-01  9.25879E-03
    6791.075    564.075  12.350  8.11864E-01  8.08526E-01  4.12498E-03
    6795.790    568.790  12.400  8.05655E-01  8.07055E-01 -1.73234E-03
    6800.524    573.524  12.450  7.99792E-01  8.05584E-01 -7.18169E-03
    6805.277    578.277  12.500  7.95084E-01  8.04113E-01 -1.12155E-02
    6810.049    583.049  12.550  7.91904E-01  8.02642E-01 -1.33622E-02
    6814.840    587.840  12.600  7.90055E-01  8.01171E-01 -1.38569E-02
    6819.650    592.650  12.650  7.88908E-01  7.99700E-01 -1.34770E-02
    6824.479    597.479  12.700  7.87751E-01  7.98229E-01 -1.31076E-02
    6829.328    602.327  12.750  7.86197E-01  7.96758E-01 -1.32346E-02
    6834.195    607.194  12.800  7.84448E-01  7.95287E-01 -1.36066E-02
    6839.081    612.081  12.850  7.83280E-01  7.93816E-01 -1.32494E-02
    6843.987    616.986  12.900  7.83724E-01  7.92345E-01 -1.08610E-02
    6848.911    621.911  12.950  7.86557E-01  7.90874E-01 -5.44781E-03
    6853.854    626.854  13.000  7.91826E-01  7.89403E-01  3.06331E-03
    6858.817    631.817  13.050  7.98511E-01  7.87785E-01  1.35875E-02
    6863.798    636.798  13.100  8.04926E-01  7.86167E-01  2.38133E-02
    6868.799    641.799  13.150  8.08917E-01  7.84548E-01  3.09960E-02
    6873.819    646.818  13.200  8.08690E-01  7.82930E-01  3.28329E-02
    6878.857    651.857  13.250  8.03469E-01  7.81312E-01  2.82984E-02
    6883.915    656.915  13.300  7.93829E-01  7.79694E-01  1.80902E-02
    6888.992    661.992  13.350  7.81588E-01  7.78075E-01  4.50454E-03
    6894.088    667.087  13.400  7.69275E-01  7.76457E-01 -9.23014E-03
    6899.203    672.202  13.450  7.59359E-01  7.74839E-01 -1.99344E-02
    6904.337    677.336  13.500  7.53515E-01  7.73221E-01 -2.54292E-02
    6909.490    682.489  13.550  7.52167E-01  7.71602E-01 -2.51317E-02
    6914.662    687.661  13.600  7.54469E-01  7.69984E-01 -2.01040E-02
    6919.853    692.852  13.650  7.58690E-01  7.68366E-01 -1.25645E-02
    6925.063    698.063  13.700  7.62856E-01  7.66748E-01 -5.06323E-03
    6930.292    703.292  13.750  7.65416E-01  7.65129E-01  3.73322E-04
    6935.540    708.540  13.800  7.65677E-01  7.63511E-01  2.83065E-03
    6940.808    713.807  13.850  7.63915E-01  7.61893E-01  2.64807E-03
    6946.094    719.094  13.900  7.61118E-01  7.60274E-01  1.10646E-03
    6951.400    724.399  13.950  7.58517E-01  7.58656E-01 -1.83697E-04
    6956.724    729.724  14.000  7.57078E-01  7.57038E-01  5.31793E-05
    6962.067    735.067  14.050  7.57200E-01  7.55469E-01  2.28620E-03
    6967.430    740.430  14.100  7.58478E-01  7.53900E-01  6.05768E-03
    6972.812    745.811  14.150  7.60006E-01  7.52330E-01  1.01771E-02
    6978.212    751.212  14.200  7.60694E-01  7.50761E-01  1.31973E-02
    6983.632    756.632  14.250  7.59667E-01  7.49192E-01  1.39469E-02
    6989.071    762.070  14.300  7.56568E-01  7.47623E-01  1.19343E-02
    6994.529    767.528  14.350  7.51658E-01  7.46054E-01  7.49315E-03
    7000.005    773.005  14.400  7.45712E-01  7.44485E-01  1.64484E-03
    7005.501    778.501  14.450  7.39749E-01  7.42915E-01 -4.25062E-03
    7011.016    784.016  14.500  7.34717E-01  7.41346E-01 -8.91919E-03
    7016.550    789.550  14.550  7.31227E-01  7.39777E-01 -1.15275E-02
    7022.103    795.103  14.600  7.29428E-01  7.38208E-01 -1.18616E-02
    7027.675    800.675  14.650  7.29035E-01  7.36639E-01 -1.02939E-02
    7033.267    806.266  14.700  7.29485E-01  7.35069E-01 -7.57624E-03
    7038.877    811.876  14.750  7.30155E-01  7.33500E-01 -4.54813E-03
    7044.506    817.506  14.800  7.30560E-01  7.31931E-01 -1.86760E-03
    7050.154    823.154  14.850  7.30470E-01  7.30362E-01  1.47875E-04
    7055.822    828.821  14.900  7.29911E-01  7.28793E-01  1.53040E-03
    7061.508    834.508  14.950  7.29073E-01  7.27224E-01  2.53605E-03
    7067.214    840.213  15.000  7.28163E-01  7.25654E-01  3.44777E-03
    7072.938    845.938  15.050  7.27209E-01  7.24012E-01  4.40242E-03
    7078.682    851.681  15.100  7.26180E-01  7.22370E-01  5.25901E-03
    7084.444    857.444  15.150  7.24840E-01  7.20728E-01  5.69015E-03
    7090.226    863.225  15.200  7.22917E-01  7.19085E-01  5.31334E-03
    7096.027    869.026  15.250  7.20244E-01  7.17443E-01  3.89374E-03
    7101.846    874.846  15.300  7.16890E-01  7.15801E-01  1.51804E-03
    7107.685    880.685  15.350  7.13196E-01  7.14158E-01 -1.34326E-03
    7113.543    886.543  15.400  7.09707E-01  7.12516E-01 -3.93112E-03
    7119.420    892.419  15.450  7.06999E-01  7.10874E-01 -5.43584E-03
    7125.316    898.315  15.500  7.05463E-01  7.09232E-01 -5.29918E-03
    7131.231    904.230  15.550  7.05132E-01  7.07589E-01 -3.46348E-03
    7137.165    910.164  15.600  7.05624E-01  7.05947E-01 -4.56628E-04
    7143.118    916.118  15.650  7.06242E-01  7.04305E-01  2.74346E-03
    7149.090    922.090  15.700  7.06210E-01  7.02662E-01  5.03505E-03
    7155.081    928.081  15.750  7.04954E-01  7.01020E-01  5.59616E-03
    7161.092    934.091  15.800  7.02329E-01  6.99378E-01  4.20810E-03
    7167.121    940.120  15.850  6.98687E-01  6.97736E-01  1.36052E-03
    7173.169    946.169  15.900  6.94753E-01  6.96093E-01 -1.91998E-03
    7179.237    952.236  15.950  6.91343E-01  6.94451E-01 -4.46352E-03
    7185.323    958.323  16.000  6.89043E-01  6.92809E-01 -5.42077E-03
    7191.429    964.428  16.050  6.87987E-01  6.91196E-01 -4.62964E-03
    7197.553    970.553  16.100  6.87778E-01  6.89584E-01 -2.61178E-03
    7203.697    976.696  16.150  6.87702E-01  6.87972E-01 -3.91135E-04
    7209.859    982.859  16.200  6.87028E-01  6.86359E-01  9.71147E-04
    7216.041    989.041  16.250  6.85337E-01  6.84747E-01  8.59554E-04
    7222.242    995.241  16.300  6.82729E-01  6.83134E-01 -5.92467E-04
    7228.462   1001.461  16.350  6.79798E-01  6.81522E-01 -2.52210E-03
    7234.700   1007.700  16.400  6.77394E-01  6.79910E-01 -3.69045E-03
    7240.958   1013.958  16.450  6.76233E-01  6.78297E-01 -3.03557E-03
    7247.235   1020.235  16.500  6.76552E-01  6.76685E-01 -1.95474E-04
    7253.531   1026.531  16.550  6.77936E-01  6.75073E-01  4.23002E-03
    7259.846   1032.846  16.600  6.79412E-01  6.73460E-01  8.81294E-03
    7266.180   1039.180  16.650  6.79797E-01  6.71848E-01  1.17995E-02
    7272.534   1045.533  16.700  6.78164E-01  6.70236E-01  1.17966E-02
    7278.906   1051.905  16.750  6.74233E-01  6.68623E-01  8.36776E-03
    7285.297   1058.297  16.800  6.68542E-01  6.67011E-01  2.28885E-03
    7291.707   1064.707  16.850  6.62287E-01  6.65398E-01 -4.66314E-03
    7298.137   1071.136  16.900  6.56914E-01  6.63786E-01 -1.03248E-02
    7304.585   1077.585  16.950  6.53583E-01  6.62174E-01 -1.29376E-02
    7311.053   1084.052  17.000  6.52741E-01  6.60561E-01 -1.18065E-02
    7317.539   1090.539  17.050  6.53963E-01  6.58953E-01 -7.55291E-03
    7324.045   1097.044  17.100  6.56084E-01  6.57345E-01 -1.91317E-03
    7330.569   1103.569  17.150  6.57690E-01  6.55737E-01  2.96933E-03
    7337.113   1110.112  17.200  6.57655E-01  6.54129E-01  5.37499E-03
    7343.676   1116.675  17.250  6.55575E-01  6.52522E-01  4.66600E-03
    7350.257   1123.257  17.300  6.51899E-01  6.50914E-01  1.50926E-03
    7356.858   1129.858  17.350  6.47729E-01  6.49306E-01 -2.42178E-03
    7363.478   1136.477  17.400  6.44357E-01  6.47698E-01 -5.14349E-03
    7370.117   1143.116  17.450  6.42736E-01  6.46090E-01 -5.17622E-03
    7376.775   1149.774  17.500  6.43092E-01  6.44482E-01 -2.15096E-03
    7383.452   1156.451  17.550  6.44827E-01  6.42874E-01  3.02977E-03
    7390.148   1163.147  17.600  6.46754E-01  6.41266E-01  8.53494E-03
    7396.863   1169.862  17.650  6.47553E-01  6.39658E-01  1.23098E-02
    7403.597   1176.597  17.700  6.46278E-01  6.38050E-01  1.28603E-02
    7410.350   1183.350  17.750  6.42703E-01  6.36442E-01  9.81138E-03
    7417.122   1190.122  17.800  6.37399E-01  6.34834E-01  4.02929E-03
    7423.914   1196.913  17.850  6.31497E-01  6.33226E-01 -2.72320E-03
    7430.724   1203.724  17.900  6.26268E-01  6.31618E-01 -8.44877E-03
    7437.554   1210.553  17.950  6.22665E-01  6.30010E-01 -1.16275E-02
    7444.402   1217.402  18.000  6.21027E-01  6.28402E-01 -1.17057E-02
    7451.269   1224.269  18.050  6.21016E-01  6.26797E-01 -9.19814E-03
    7458.156   1231.156  18.100  6.21832E-01  6.25191E-01 -5.35770E-03
    7465.062   1238.061  18.150  6.22558E-01  6.23585E-01 -1.64183E-03
    7471.986   1244.986  18.200  6.22523E-01  6.21979E-01  8.72127E-04
    7478.930   1251.930  18.250  6.21520E-01  6.20373E-01  1.84424E-03
    7485.893   1258.892  18.300  6.19814E-01  6.18767E-01  1.68809E-03
    7492.874   1265.874  18.350  6.17947E-01  6.17161E-01  1.26916E-03
    7499.875   1272.875  18.400  6.16443E-01  6.15556E-01  1.43760E-03
    7506.895   1279.895  18.450  6.15553E-01  6.13950E-01  2.60561E-03
    7513.934   1286.934  18.500  6.15135E-01  6.12344E-01  4.54795E-03
    7520.992   1293.992  18.550  6.14717E-01  6.10738E-01  6.50056E-03
    7528.069   1301.069  18.600  6.13713E-01  6.09132E-01  7.50316E-03
    7535.165   1308.165  18.650  6.11686E-01  6.07526E-01  6.83164E-03
    7542.280   1315.280  18.700  6.08553E-01  6.05920E-01  4.33437E-03
    7549.415   1322.414  18.750  6.04637E-01  6.04315E-01  5.33015E-04
    7556.568   1329.567  18.800  6.00564E-01  6.02709E-01 -3.55013E-03
    7563.740   1336.740  18.850  5.97028E-01  6.01103E-01 -6.76349E-03
    7570.932   1343.931  18.900  5.94544E-01  5.99497E-01 -8.24369E-03
    7578.142   1351.142  18.950  5.93270E-01  5.97891E-01 -7.71355E-03
    7585.371   1358.371  19.000  5.92969E-01  5.96285E-01 -5.54929E-03
    7592.620   1365.619  19.050  5.93173E-01  5.94724E-01 -2.60188E-03
    7599.887   1372.887  19.100  5.93249E-01  5.93162E-01  1.46090E-04
    7607.174   1380.174  19.150  5.92755E-01  5.91601E-01  1.94802E-03
    7614.480   1387.479  19.200  5.91541E-01  5.90039E-01  2.54031E-03
    7621.804   1394.804  19.250  5.89760E-01  5.88477E-01  2.17521E-03
    7629.148   1402.148  19.300  5.87765E-01  5.86916E-01  1.44418E-03
    7636.511   1409.510  19.350  5.85928E-01  5.85354E-01  9.77911E-04
    7643.893   1416.892  19.400  5.84468E-01  5.83793E-01  1.15462E-03
    7651.294   1424.293  19.450  5.83361E-01  5.82231E-01  1.93817E-03
    7658.714   1431.713  19.500  5.82361E-01  5.80670E-01  2.90827E-03
    7666.153   1439.152  19.550  5.81116E-01  5.79108E-01  3.46354E-03
    7673.611   1446.610  19.600  5.79343E-01  5.77546E-01  3.10625E-03
    7681.088   1454.087  19.650  5.76957E-01  5.75985E-01  1.68592E-03
    7688.584   1461.583  19.700  5.74134E-01  5.74423E-01 -5.02291E-04
    7696.099   1469.099  19.750  5.71252E-01  5.72862E-01 -2.80746E-03
    7703.633   1476.633  19.800  5.68746E-01  5.71300E-01 -4.46609E-03
    7711.187   1484.186  19.850  5.66944E-01  5.69739E-01 -4.90073E-03
    7718.759   1491.759  19.900  5.65929E-01  5.68177E-01 -3.95310E-03
    7726.350   1499.350  19.950  5.65506E-01  5.66615E-01 -1.95663E-03
    7733.961   1506.960  20.000  5.65270E-01  5.65054E-01  3.83063E-04
