# # Once                                                         FEFF 9.6.4  
# # POT  SCF 100  7.0000   0, core-hole, AFOLP (folp(0)= 1.150)
# # Abs   Z=60 Rmt= 1.719 Rnm= 1.743 L3 shell
# # Pot 1 Z=60 Rmt= 1.753 Rnm= 1.781
# # Pot 2 Z=26 Rmt= 1.411 Rnm= 1.447
# # Pot 3 Z= 5 Rmt= 1.067 Rnm= 1.161
# # Gam_ch=3.500E+00 H-L exch Vi= 0.000E+00 Vr= 0.000E+00
# # Mu=-1.687E+01 kf=2.003E+00 Vint=-2.552E+01 Rs_int= 1.810
# # PATH  Rmax= 8.000,  Keep_limit= 0.00, Heap_limit 0.00  Pwcrit= 2.50%
#  S02=1.000  Temp=   0.00  Debye_temp=   0.00  Global_sig2= 0.00000
#  Energy zero shift, vr, vi    0.00000E+00   0.00000E+00
#  Curved wave amplitude ratio filter   4.000%
#     file         sig2 tot  cw amp ratio   deg  nlegs   reff  inp sig2
#           1       0.00000    100.00      2.00     2   3.0235
#           2       0.00000    109.90      2.00     2   3.0395
#           3       0.00000    220.20      2.00     2   3.0395
#           4       0.00000    313.70      2.00     2   3.0407
#           5       0.00000     98.42      2.00     2   3.0407
#           6       0.00000    127.50      1.00     2   3.0897
#           7       0.00000    103.00      1.00     2   3.0897
#           8       0.00000    191.10      2.00     2   3.1564
#           9       0.00000    114.30      1.00     2   3.2388
#          10       0.00000     48.25      1.00     2   3.2388
#          11       0.00000    128.30      2.00     2   3.2549
#          12       0.00000    154.10      1.00     2   3.7601
#          13       0.00000     45.14      1.00     2   3.7601
#          14       0.00000     26.88      4.00     3   4.1790
#          15       0.00000     10.56      4.00     3   4.1790
#          16       0.00000     21.40      4.00     3   4.2410
#          17       0.00000     10.02      4.00     3   4.2410
#          18       0.00000      9.28      4.00     3   4.2893
#          19       0.00000      7.33      4.00     3   4.2893
#          20       0.00000     11.14      4.00     3   4.3016
#          21       0.00000      8.75      4.00     3   4.3016
#          22       0.00000     16.04      4.00     3   4.3323
#          23       0.00000     11.91      4.00     3   4.3322
#          24       0.00000     13.17      4.00     3   4.3322
#          25       0.00000     14.73      4.00     3   4.3323
#          26       0.00000     14.36      4.00     3   4.3358
#          27       0.00000      9.94      4.00     3   4.3358
#          28       0.00000      8.77      4.00     3   4.3445
#          29       0.00000      9.10      4.00     3   4.3445
#          30       0.00000     13.09      4.00     3   4.3945
#          31       0.00000     12.16      4.00     3   4.3945
#          32       0.00000      5.90      4.00     3   4.4662
#          33       0.00000      6.07      4.00     3   4.5117
#          34       0.00000     38.63      2.00     2   4.6949
#          35       0.00000     55.77      2.00     2   4.6949
#          36       0.00000     77.91      2.00     2   4.7006
#          37       0.00000     63.18      2.00     2   4.7006
#          38       0.00000     38.29      2.00     2   4.7151
#          39       0.00000     66.93      2.00     2   4.7151
#          40       0.00000    107.50      2.00     2   4.7896
#          41       0.00000     38.87      2.00     2   4.7896
#          42       0.00000     31.56      2.00     2   4.8337
#          43       0.00000     41.51      2.00     2   4.8337
#          44       0.00000    102.60      2.00     2   4.8784
#          45       0.00000     36.65      2.00     2   4.8784
#          46       0.00000     74.65      2.00     2   5.0564
#          47       0.00000     29.03      2.00     2   5.0564
#          48       0.00000     12.03      4.00     3   5.0924
#          49       0.00000     13.16      4.00     3   5.0924
#          50       0.00000     36.18      4.00     3   5.0978
#          51       0.00000     20.45      4.00     3   5.0978
#          52       0.00000      9.94      4.00     3   5.1163
#          53       0.00000      7.40      4.00     3   5.1163
#          54       0.00000      7.40      4.00     3   5.1277
#          55       0.00000      8.53      4.00     3   5.1277
#          56       0.00000     11.54      4.00     3   5.1303
#          57       0.00000     10.29      4.00     3   5.1303
#          58       0.00000     10.47      4.00     3   5.1322
#          59       0.00000     11.91      4.00     3   5.1322
#          60       0.00000     18.82      4.00     3   5.1363
#          61       0.00000      9.55      4.00     3   5.1363
#          62       0.00000      6.20      4.00     3   5.1588
#          63       0.00000     10.72      4.00     3   5.1588
#          64       0.00000     52.79      2.00     2   5.1625
#          65       0.00000      5.43      4.00     3   5.1803
#          66       0.00000      6.94      4.00     3   5.1803
#          67       0.00000      8.87      4.00     3   5.1818
#          68       0.00000      6.71      4.00     3   5.1818
#          69       0.00000      6.50      4.00     3   5.1835
#          70       0.00000     10.12      4.00     3   5.1835
#          71       0.00000      8.71      4.00     3   5.1851
#          72       0.00000      7.32      4.00     3   5.1851
#          73       0.00000     14.63      4.00     3   5.2190
#          74       0.00000      6.84      4.00     3   5.2190
#          75       0.00000     69.62      1.00     2   5.2360
#          76       0.00000     19.20      1.00     2   5.2360
#          77       0.00000      8.73      4.00     3   5.2419
#          78       0.00000     16.74      4.00     3   5.2419
#          79       0.00000     15.67      4.00     3   5.2547
#          80       0.00000      7.19      4.00     3   5.2547
#          81       0.00000      7.65      4.00     3   5.2730
#          82       0.00000      5.93      4.00     3   5.2730
#          83       0.00000     10.43      2.00     4   5.3172
#          84       0.00000      4.91      2.00     4   5.3172
#          85       0.00000      8.54      4.00     3   5.3690
#          86       0.00000     16.03      4.00     3   5.3690
#          87       0.00000     16.16      4.00     3   5.4167
#          88       0.00000      9.93      4.00     3   5.4681
#          89       0.00000      4.99      4.00     3   5.4681
#          90       0.00000     25.31      2.00     2   5.5527
#          91       0.00000     44.03      2.00     2   5.5527
#          92       0.00000     62.88      4.00     3   5.5565
#          93       0.00000    120.90      4.00     3   5.5565
#          94       0.00000     45.65      2.00     4   5.5604
#          95       0.00000     94.18      2.00     4   5.5604
#          96       0.00000     10.10      4.00     3   5.6539
#          97       0.00000      8.13      2.00     3   5.6566
#          99       0.00000     20.42      1.00     2   5.6731
#         100       0.00000      8.08      1.00     2   5.6731
#         101       0.00000     34.69      1.00     2   5.6743
#         102       0.00000     26.91      2.00     2   5.7216
#         103       0.00000     56.13      2.00     2   5.7254
#         104       0.00000     19.73      2.00     2   5.7254
#         105       0.00000    159.50      4.00     3   5.7275
#         106       0.00000     47.25      4.00     3   5.7275
#         107       0.00000    127.00      2.00     4   5.7296
#         108       0.00000     34.20      2.00     4   5.7296
#         109       0.00000     58.42      4.00     3   5.7360
#         110       0.00000     36.09      2.00     4   5.7504
#         111       0.00000      6.24      4.00     3   5.8305
#         112       0.00000      8.11      4.00     3   5.8305
#         113       0.00000     13.69      4.00     3   5.8380
#         114       0.00000      6.50      4.00     3   5.8380
#         115       0.00000      7.04      4.00     3   5.8613
#         116       0.00000      6.55      4.00     3   5.8613
#         117       0.00000     34.62      2.00     2   5.8902
#         118       0.00000     83.70      4.00     3   5.8995
#         119       0.00000     56.95      2.00     4   5.9088
#         120       0.00000      6.47      4.00     3   5.9177
#         121       0.00000     12.97      4.00     3   5.9177
#         122       0.00000      7.09      4.00     3   5.9174
#         124       0.00000      8.96      4.00     3   5.9518
#         125       0.00000      4.92      2.00     3   5.9898
#         126       0.00000     11.23      4.00     3   5.9936
#         127       0.00000     26.33      4.00     3   6.0459
#         128       0.00000     12.42      4.00     3   6.0459
#         129       0.00000      5.41      2.00     4   6.0470
#         131       0.00000      5.23      4.00     4   6.0630
#         132       0.00000      4.62      4.00     4   6.0630
#         133       0.00000      7.61      4.00     3   6.0651
#         134       0.00000      6.42      4.00     3   6.0651
#         135       0.00000      4.33      2.00     3   6.0759
#         137       0.00000      4.97      4.00     4   6.0790
#         139       0.00000      6.34      2.00     4   6.0790
#         140       0.00000     35.14      4.00     4   6.0802
#         141       0.00000     19.22      4.00     4   6.0802
#         142       0.00000      8.60      2.00     4   6.0815
#         144       0.00000      4.22      4.00     4   6.1292
#         146       0.00000      4.47      4.00     4   6.1304
#         147       0.00000      6.79      4.00     4   6.1304
#         148       0.00000     22.72      2.00     2   6.1364
#         149       0.00000     49.77      4.00     3   6.1369
#         150       0.00000     33.27      2.00     4   6.1374
#         151       0.00000     12.97      2.00     3   6.1697
#         152       0.00000      8.17      4.00     3   6.1760
#         153       0.00000     29.87      1.00     2   6.1793
#         154       0.00000     24.35      1.00     2   6.1793
#         155       0.00000     78.86      2.00     3   6.1793
#         156       0.00000     62.94      2.00     3   6.1793
#         157       0.00000     26.38      2.00     4   6.1793
#         158       0.00000     58.33      1.00     4   6.1793
#         159       0.00000     46.08      1.00     4   6.1793
#         160       0.00000     10.21      4.00     4   6.1959
#         162       0.00000      6.42      4.00     4   6.2784
#         163       0.00000     11.42      2.00     2   6.2924
#         164       0.00000      4.51      4.00     4   6.2956
#         165       0.00000      4.58      4.00     4   6.2956
#         166       0.00000      4.99      2.00     4   6.3129
#         167       0.00000     51.15      2.00     2   6.3234
#         168       0.00000     13.93      2.00     2   6.3234
#         169       0.00000     13.40      4.00     3   6.3443
#         170       0.00000     12.63      4.00     4   6.4113
#         171       0.00000     38.96      2.00     2   6.4686
#         172       0.00000     18.24      2.00     2   6.4686
#         174       0.00000     37.54      4.00     3   6.5636
#         175       0.00000     13.42      4.00     3   6.5636
#         176       0.00000     12.24      4.00     3   6.6076
#         177       0.00000      4.91      4.00     3   6.6076
#         178       0.00000     21.77      1.00     2   6.6461
#         179       0.00000     20.96      1.00     2   6.6709
#         180       0.00000      7.00      1.00     2   6.6709
#         181       0.00000     39.00      2.00     3   6.6717
#         182       0.00000     12.88      2.00     3   6.6717
#         183       0.00000     17.91      1.00     4   6.6726
#         184       0.00000      5.80      1.00     4   6.6726
#         185       0.00000     22.34      2.00     2   6.6761
#         186       0.00000     17.10      2.00     2   6.6761
#         187       0.00000     30.64      2.00     2   6.6777
#         188       0.00000     13.16      2.00     2   6.6777
#         189       0.00000      9.56      4.00     3   6.7354
#         190       0.00000      6.31      4.00     3   6.7354
#         191       0.00000     25.33      4.00     3   6.7423
#         192       0.00000     14.21      4.00     3   6.7423
#         193       0.00000     13.13      2.00     2   6.7853
#         194       0.00000     14.04      2.00     2   6.7853
#         195       0.00000      4.56      4.00     4   6.8008
#         197       0.00000     11.36      2.00     4   6.8039
#         198       0.00000      4.08      2.00     4   6.8039
#         199       0.00000     30.14      2.00     2   6.8354
#         200       0.00000     16.58      2.00     2   6.8354
#         201       0.00000      9.65      4.00     3   6.8814
#         202       0.00000      5.00      4.00     3   6.8814
#         204       0.00000      7.88      4.00     3   6.8858
#         205       0.00000      4.94      4.00     3   6.8905
#         206       0.00000      4.70      4.00     3   6.8905
#         209       0.00000     25.70      2.00     2   6.9206
#         210       0.00000     17.37      2.00     2   6.9206
#         211       0.00000      5.69      4.00     3   6.9260
#         214       0.00000      6.10      4.00     3   6.9394
#         215       0.00000     30.35      2.00     2   6.9491
#         216       0.00000     10.65      2.00     2   6.9491
#         217       0.00000     12.51      4.00     3   6.9530
#         218       0.00000      6.73      4.00     3   6.9530
#         219       0.00000      4.11      4.00     3   6.9674
#         221       0.00000      4.67      4.00     3   6.9772
#         222       0.00000      4.87      4.00     3   6.9772
#         223       0.00000      4.81      2.00     3   6.9988
#         224       0.00000     10.51      2.00     3   6.9988
#         225       0.00000      9.59      2.00     4   6.9989
#         226       0.00000     20.95      2.00     4   6.9989
#         227       0.00000      7.40      2.00     4   7.0161
#         229       0.00000      4.68      4.00     3   7.0163
#         230       0.00000      8.11      4.00     3   7.0163
#         231       0.00000     14.17      4.00     3   7.0483
#         232       0.00000      5.75      4.00     3   7.0483
#         233       0.00000     34.18      2.00     2   7.0663
#         234       0.00000      9.73      2.00     2   7.0663
#         235       0.00000     16.68      1.00     2   7.1054
#         236       0.00000      5.87      1.00     2   7.1054
#         237       0.00000     70.17      2.00     3   7.1084
#         238       0.00000     23.73      2.00     3   7.1084
#         239       0.00000      4.34      4.00     3   7.1106
#         240       0.00000      6.49      4.00     3   7.1106
#         241       0.00000      5.65      4.00     3   7.1114
#         242       0.00000      7.42      4.00     3   7.1114
#         243       0.00000     73.97      1.00     4   7.1114
#         244       0.00000     23.96      1.00     4   7.1114
#         245       0.00000     32.70      2.00     2   7.1347
#         246       0.00000     10.85      2.00     2   7.1347
#         247       0.00000      9.21      4.00     3   7.1503
#         249       0.00000     27.39      2.00     2   7.1632
#         250       0.00000     13.69      2.00     2   7.1632
#         251       0.00000     19.86      2.00     2   7.1705
#         252       0.00000     12.77      2.00     2   7.1705
#         253       0.00000     12.40      4.00     3   7.1941
#         255       0.00000     27.58      4.00     3   7.1994
#         256       0.00000      9.18      4.00     3   7.1994
#         258       0.00000     10.35      4.00     3   7.2071
#         259       0.00000     14.18      4.00     3   7.2362
#         260       0.00000      5.87      4.00     3   7.2362
#   240/ 260 paths used
#  xsedge+50, used to normalize mu           7.2854E-04
#  -----------------------------------------------------------------------
#  omega    e    k    mu    mu0     chi     @#
    6210.364    -16.873   0.000  1.04379E+00  1.29001E+00 -9.23817E-02
    6210.374    -16.864   0.050  1.05481E+00  1.29959E+00 -9.08238E-02
    6210.402    -16.835   0.100  1.06594E+00  1.30917E+00 -8.92581E-02
    6210.450    -16.787   0.150  1.09991E+00  1.33835E+00 -8.46416E-02
    6210.517    -16.721   0.200  1.13490E+00  1.36752E+00 -7.99662E-02
    6210.603    -16.635   0.250  1.19382E+00  1.41619E+00 -7.25081E-02
    6210.707    -16.530   0.300  1.25535E+00  1.46486E+00 -6.49712E-02
    6210.831    -16.406   0.350  1.34030E+00  1.53122E+00 -5.54402E-02
    6210.974    -16.264   0.400  1.42894E+00  1.59758E+00 -4.60428E-02
    6211.136    -16.102   0.450  1.53496E+00  1.67630E+00 -3.62055E-02
    6211.317    -15.921   0.500  1.64276E+00  1.75502E+00 -2.70826E-02
    6211.517    -15.721   0.550  1.75320E+00  1.83691E+00 -1.94205E-02
    6211.736    -15.502   0.600  1.85965E+00  1.91881E+00 -1.32167E-02
    6211.974    -15.263   0.650  1.94852E+00  1.99234E+00 -9.81840E-03
    6212.231    -15.006   0.700  2.02851E+00  2.06588E+00 -8.39513E-03
    6212.508    -14.730   0.750  2.07564E+00  2.11971E+00 -1.03178E-02
    6212.803    -14.435   0.800  2.12047E+00  2.17354E+00 -1.29729E-02
    6213.117    -14.120   0.850  2.13661E+00  2.19919E+00 -1.62908E-02
    6213.450    -13.787   0.900  2.16343E+00  2.22485E+00 -1.70971E-02
    6213.803    -13.435   0.950  2.17794E+00  2.21905E+00 -1.22769E-02
    6214.174    -13.063   1.000  2.21051E+00  2.21325E+00 -8.81316E-04
    6214.565    -12.673   1.050  2.23517E+00  2.17889E+00  1.94558E-02
    6214.974    -12.263   1.100  2.26270E+00  2.14453E+00  4.40736E-02
    6215.403    -11.834   1.150  2.26853E+00  2.08933E+00  7.15184E-02
    6215.851    -11.387   1.200  2.25470E+00  2.03413E+00  9.46610E-02
    6216.317    -10.920   1.250  2.20903E+00  1.96755E+00  1.10411E-01
    6216.803    -10.434   1.300  2.13760E+00  1.90097E+00  1.15762E-01
    6217.308     -9.929   1.350  2.04486E+00  1.83143E+00  1.10673E-01
    6217.832     -9.406   1.400  1.93916E+00  1.76189E+00  9.77796E-02
    6218.375     -8.863   1.450  1.83276E+00  1.69532E+00  7.98980E-02
    6218.937     -8.301   1.500  1.72792E+00  1.62876E+00  6.09268E-02
    6219.518     -7.720   1.550  1.63500E+00  1.56865E+00  4.27072E-02
    6220.118     -7.120   1.600  1.54847E+00  1.50855E+00  2.69827E-02
    6220.737     -6.501   1.650  1.47453E+00  1.45643E+00  1.27333E-02
    6221.375     -5.862   1.700  1.40402E+00  1.40432E+00 -2.21151E-04
    6222.032     -5.205   1.750  1.34291E+00  1.36052E+00 -1.33736E-02
    6222.709     -4.529   1.800  1.28318E+00  1.31672E+00 -2.63826E-02
    6223.404     -3.834   1.850  1.23277E+00  1.28090E+00 -3.89350E-02
    6224.118     -3.119   1.900  1.18616E+00  1.24508E+00 -4.90577E-02
    6224.852     -2.386   1.950  1.15437E+00  1.21936E+00 -5.52153E-02
    6225.604     -1.633   2.000  1.13042E+00  1.19364E+00 -5.48324E-02
    6226.376     -0.862   2.050  1.12718E+00  1.17959E+00 -4.61539E-02
    6227.166     -0.071   2.100  1.13131E+00  1.16554E+00 -3.06221E-02
    6227.976      0.738   2.150  1.13868E+00  1.15149E+00 -1.16388E-02
    6228.805      1.567   2.200  1.14415E+00  1.13744E+00  6.19370E-03
    6229.652      2.415   2.250  1.13997E+00  1.12061E+00  1.81893E-02
    6230.519      3.282   2.300  1.12508E+00  1.10378E+00  2.03618E-02
    6231.405      4.167   2.350  1.10028E+00  1.08695E+00  1.29701E-02
    6232.310      5.072   2.400  1.06930E+00  1.07012E+00 -8.19125E-04
    6233.234      5.996   2.450  1.03784E+00  1.05256E+00 -1.47567E-02
    6234.177      6.939   2.500  1.00915E+00  1.03499E+00 -2.62248E-02
    6235.139      7.901   2.550  9.85452E-01  1.01743E+00 -3.28330E-02
    6236.120      8.882   2.600  9.67591E-01  9.99866E-01 -3.35392E-02
    6237.120      9.882   2.650  9.60133E-01  9.91490E-01 -3.27198E-02
    6238.139     10.902   2.700  9.56353E-01  9.83113E-01 -2.80385E-02
    6239.177     11.940   2.750  9.54866E-01  9.74736E-01 -2.09067E-02
    6240.235     12.997   2.800  9.53877E-01  9.66360E-01 -1.31886E-02
    6241.311     14.073   2.850  9.57679E-01  9.64759E-01 -7.47728E-03
    6242.406     15.169   2.900  9.59256E-01  9.63159E-01 -4.12037E-03
    6243.521     16.283   2.950  9.58684E-01  9.61558E-01 -3.03301E-03
    6244.654     17.417   3.000  9.56346E-01  9.59958E-01 -3.81003E-03
    6245.807     18.569   3.050  9.55445E-01  9.61175E-01 -6.02222E-03
    6246.978     19.741   3.100  9.52567E-01  9.62391E-01 -1.02896E-02
    6248.169     20.931   3.150  9.50108E-01  9.63608E-01 -1.40886E-02
    6249.379     22.141   3.200  9.50314E-01  9.64825E-01 -1.50903E-02
    6250.607     23.370   3.250  9.55208E-01  9.68426E-01 -1.36804E-02
    6251.855     24.618   3.300  9.63182E-01  9.72028E-01 -9.11148E-03
    6253.122     25.884   3.350  9.74440E-01  9.75630E-01 -1.21905E-03
    6254.408     27.170   3.400  9.88531E-01  9.79231E-01  9.48878E-03
    6255.713     28.475   3.450  1.00445E+00  9.82888E-01  2.18998E-02
    6257.037     29.799   3.500  1.02052E+00  9.86545E-01  3.43430E-02
    6258.380     31.142   3.550  1.03531E+00  9.90203E-01  4.53787E-02
    6259.742     32.504   3.600  1.04741E+00  9.93860E-01  5.36229E-02
    6261.123     33.885   3.650  1.05470E+00  9.96961E-01  5.76302E-02
    6262.523     35.285   3.700  1.05714E+00  1.00006E+00  5.67837E-02
    6263.942     36.705   3.750  1.05459E+00  1.00316E+00  5.09989E-02
    6265.381     38.143   3.800  1.04748E+00  1.00627E+00  4.07431E-02
    6266.838     39.600   3.850  1.03452E+00  1.00771E+00  2.64730E-02
    6268.314     41.077   3.900  1.01935E+00  1.00914E+00  1.00650E-02
    6269.810     42.572   3.950  1.00356E+00  1.01058E+00 -6.92440E-03
    6271.324     44.087   4.000  9.88730E-01  1.01202E+00 -2.29230E-02
    6272.858     45.620   4.050  9.74605E-01  1.01182E+00 -3.66511E-02
    6274.410     47.173   4.100  9.64239E-01  1.01161E+00 -4.66981E-02
    6275.982     48.744   4.150  9.58262E-01  1.01140E+00 -5.24320E-02
    6277.573     50.335   4.200  9.56720E-01  1.01119E+00 -5.37955E-02
    6279.182     51.945   4.250  9.57915E-01  1.00959E+00 -5.11555E-02
    6280.811     53.573   4.300  9.62008E-01  1.00798E+00 -4.56257E-02
    6282.459     55.221   4.350  9.67654E-01  1.00637E+00 -3.85241E-02
    6284.126     56.888   4.400  9.73570E-01  1.00476E+00 -3.11160E-02
    6285.812     58.574   4.450  9.78267E-01  1.00243E+00 -2.41834E-02
    6287.517     60.279   4.500  9.81911E-01  1.00010E+00 -1.82631E-02
    6289.241     62.003   4.550  9.84813E-01  9.97773E-01 -1.30527E-02
    6290.984     63.746   4.600  9.87825E-01  9.95443E-01 -7.69646E-03
    6292.746     65.508   4.650  9.92027E-01  9.93038E-01 -1.02449E-03
    6294.527     67.289   4.700  9.98368E-01  9.90634E-01  7.86113E-03
    6296.327     69.090   4.750  1.00721E+00  9.88230E-01  1.93560E-02
    6298.146     70.909   4.800  1.01810E+00  9.85825E-01  3.30051E-02
    6299.985     72.747   4.850  1.03009E+00  9.83855E-01  4.73795E-02
    6301.842     74.605   4.900  1.04067E+00  9.81885E-01  6.03727E-02
    6303.719     76.481   4.950  1.04760E+00  9.79915E-01  6.96637E-02
    6305.614     78.376   5.000  1.04897E+00  9.77945E-01  7.32486E-02
    6307.529     80.291   5.050  1.04423E+00  9.76670E-01  6.97580E-02
    6309.462     82.224   5.100  1.03281E+00  9.75394E-01  5.93482E-02
    6311.415     84.177   5.150  1.01580E+00  9.74119E-01  4.31324E-02
    6313.386     86.149   5.200  9.95079E-01  9.72843E-01  2.30359E-02
    6315.377     88.139   5.250  9.73470E-01  9.72308E-01  1.20341E-03
    6317.387     90.149   5.300  9.52414E-01  9.71773E-01 -2.00538E-02
    6319.416     92.178   5.350  9.33381E-01  9.71238E-01 -3.92123E-02
    6321.464     94.226   5.400  9.17228E-01  9.70703E-01 -5.53868E-02
    6323.530     96.293   5.450  9.04963E-01  9.70707E-01 -6.80393E-02
    6325.616     98.379   5.500  8.96340E-01  9.70710E-01 -7.69061E-02
    6327.721    100.484   5.550  8.91857E-01  9.70714E-01 -8.14809E-02
    6329.845    102.608   5.600  8.92324E-01  9.70718E-01 -8.09372E-02
    6331.989    104.751   5.650  8.99170E-01  9.71053E-01 -7.41278E-02
    6334.151    106.913   5.700  9.12550E-01  9.71389E-01 -6.06040E-02
    6336.332    109.094   5.750  9.32269E-01  9.71725E-01 -4.05914E-02
    6338.532    111.295   5.800  9.56946E-01  9.72061E-01 -1.55310E-02
    6340.752    113.514   5.850  9.83744E-01  9.71961E-01  1.21010E-02
    6342.990    115.752   5.900  1.00932E+00  9.71861E-01  3.84499E-02
    6345.247    118.010   5.950  1.03017E+00  9.71761E-01  5.99165E-02
    6347.524    120.286   6.000  1.04359E+00  9.71662E-01  7.37426E-02
    6349.819    122.582   6.050  1.04806E+00  9.71429E-01  7.85140E-02
    6352.134    124.896   6.100  1.04434E+00  9.71197E-01  7.48934E-02
    6354.468    127.230   6.150  1.03444E+00  9.70965E-01  6.49596E-02
    6356.820    129.583   6.200  1.02113E+00  9.70733E-01  5.15449E-02
    6359.192    131.954   6.250  1.00703E+00  9.70500E-01  3.73368E-02
    6361.583    134.345   6.300  9.93898E-01  9.70268E-01  2.41357E-02
    6363.992    136.755   6.350  9.82300E-01  9.70036E-01  1.25193E-02
    6366.421    139.184   6.400  9.71770E-01  9.69804E-01  2.00625E-03
    6368.869    141.632   6.450  9.61349E-01  9.69571E-01 -8.38261E-03
    6371.336    144.099   6.500  9.50283E-01  9.69339E-01 -1.94156E-02
    6373.822    146.585   6.550  9.37180E-01  9.67748E-01 -3.11974E-02
    6376.327    149.090   6.600  9.24595E-01  9.66157E-01 -4.24890E-02
    6378.851    151.614   6.650  9.14209E-01  9.64566E-01 -5.15672E-02
    6381.395    154.157   6.700  9.07744E-01  9.62976E-01 -5.66535E-02
    6383.957    156.719   6.750  9.06314E-01  9.61385E-01 -5.65841E-02
    6386.538    159.300   6.800  9.09998E-01  9.59794E-01 -5.12514E-02
    6389.138    161.901   6.850  9.17807E-01  9.58203E-01 -4.16467E-02
    6391.758    164.520   6.900  9.28050E-01  9.56612E-01 -2.94962E-02
    6394.396    167.159   6.950  9.38923E-01  9.55021E-01 -1.66535E-02
    6397.054    169.816   7.000  9.49086E-01  9.53430E-01 -4.50162E-03
    6399.730    172.493   7.050  9.58360E-01  9.52112E-01  6.48493E-03
    6402.426    175.188   7.100  9.66533E-01  9.50795E-01  1.63615E-02
    6405.140    177.903   7.150  9.74185E-01  9.49477E-01  2.57288E-02
    6407.874    180.636   7.200  9.81747E-01  9.48159E-01  3.50321E-02
    6410.627    183.389   7.250  9.89020E-01  9.46842E-01  4.40637E-02
    6413.398    186.161   7.300  9.94986E-01  9.45524E-01  5.17573E-02
    6416.189    188.952   7.350  9.97996E-01  9.44206E-01  5.63789E-02
    6418.999    191.762   7.400  9.96287E-01  9.42889E-01  5.60606E-02
    6421.828    194.590   7.450  9.88633E-01  9.41571E-01  4.94894E-02
    6424.676    197.438   7.500  9.74903E-01  9.40253E-01  3.64968E-02
    6427.543    200.305   7.550  9.56516E-01  9.39293E-01  1.81612E-02
    6430.429    203.191   7.600  9.35745E-01  9.38333E-01 -2.73272E-03
    6433.334    206.097   7.650  9.15695E-01  9.37374E-01 -2.29111E-02
    6436.258    209.021   7.700  8.99363E-01  9.36414E-01 -3.92010E-02
    6439.202    211.964   7.750  8.88930E-01  9.35454E-01 -4.92788E-02
    6442.164    214.926   7.800  8.85295E-01  9.34494E-01 -5.21704E-02
    6445.145    217.908   7.850  8.87964E-01  9.33534E-01 -4.83765E-02
    6448.146    220.908   7.900  8.95298E-01  9.32574E-01 -3.96171E-02
    6451.165    223.927   7.950  9.05015E-01  9.31615E-01 -2.83010E-02
    6454.203    226.966   8.000  9.14800E-01  9.30655E-01 -1.68883E-02
    6457.261    230.023   8.050  9.22786E-01  9.29628E-01 -7.29643E-03
    6460.337    233.100   8.100  9.28009E-01  9.28601E-01 -6.32101E-04
    6463.433    236.195   8.150  9.30450E-01  9.27575E-01  3.07285E-03
    6466.548    239.310   8.200  9.30851E-01  9.26548E-01  4.60350E-03
    6469.681    242.444   8.250  9.30394E-01  9.25521E-01  5.21839E-03
    6472.834    245.597   8.300  9.30313E-01  9.24495E-01  6.23819E-03
    6476.006    248.768   8.350  9.31540E-01  9.23468E-01  8.66407E-03
    6479.197    251.959   8.400  9.34450E-01  9.22441E-01  1.29033E-02
    6482.407    255.169   8.450  9.38754E-01  9.21414E-01  1.86521E-02
    6485.636    258.398   8.500  9.43560E-01  9.20388E-01  2.49543E-02
    6488.884    261.646   8.550  9.47178E-01  9.18967E-01  3.04279E-02
    6492.151    264.913   8.600  9.48670E-01  9.17546E-01  3.36222E-02
    6495.437    268.199   8.650  9.46952E-01  9.16125E-01  3.33524E-02
    6498.742    271.505   8.700  9.41480E-01  9.14705E-01  2.90146E-02
    6502.066    274.829   8.750  9.32418E-01  9.13284E-01  2.07669E-02
    6505.410    278.172   8.800  9.20630E-01  9.11863E-01  9.53001E-03
    6508.772    281.534   8.850  9.07501E-01  9.10442E-01 -3.20224E-03
    6512.153    284.916   8.900  8.94633E-01  9.09022E-01 -1.56908E-02
    6515.554    288.316   8.950  8.83497E-01  9.07601E-01 -2.63263E-02
    6518.973    291.736   9.000  8.75154E-01  9.06180E-01 -3.39405E-02
    6522.412    295.174   9.050  8.69869E-01  9.04602E-01 -3.80703E-02
    6525.869    298.632   9.100  8.67864E-01  9.03024E-01 -3.86132E-02
    6529.346    302.108   9.150  8.68804E-01  9.01446E-01 -3.59183E-02
    6532.841    305.604   9.200  8.72174E-01  8.99867E-01 -3.05339E-02
    6536.356    309.119   9.250  8.77443E-01  8.98289E-01 -2.30295E-02
    6539.890    312.652   9.300  8.84140E-01  8.96711E-01 -1.39157E-02
    6543.443    316.205   9.350  8.91812E-01  8.95133E-01 -3.68285E-03
    6547.015    319.777   9.400  8.99925E-01  8.93555E-01  7.07917E-03
    6550.605    323.368   9.450  9.07748E-01  8.91976E-01  1.75623E-02
    6554.215    326.978   9.500  9.14338E-01  8.90398E-01  2.67116E-02
    6557.844    330.607   9.550  9.18837E-01  8.89016E-01  3.33352E-02
    6561.493    334.255   9.600  9.20110E-01  8.87634E-01  3.63699E-02
    6565.160    337.922   9.650  9.17645E-01  8.86252E-01  3.52228E-02
    6568.846    341.608   9.700  9.11545E-01  8.84871E-01  2.99845E-02
    6572.551    345.313   9.750  9.02582E-01  8.83489E-01  2.15027E-02
    6576.275    349.038   9.800  8.92072E-01  8.82107E-01  1.12436E-02
    6580.019    352.781   9.850  8.81576E-01  8.80725E-01  9.62344E-04
    6583.781    356.543   9.900  8.72524E-01  8.79343E-01 -7.72277E-03
    6587.562    360.325   9.950  8.65869E-01  8.77961E-01 -1.37203E-02
    6591.363    364.125  10.000  8.61894E-01  8.76579E-01 -1.66949E-02
    6595.182    367.945  10.050  8.60189E-01  8.75166E-01 -1.70564E-02
    6599.021    371.783  10.100  8.59919E-01  8.73754E-01 -1.57824E-02
    6602.878    375.641  10.150  8.60105E-01  8.72342E-01 -1.39831E-02
    6606.755    379.518  10.200  8.59981E-01  8.70929E-01 -1.25333E-02
    6610.651    383.413  10.250  8.59221E-01  8.69517E-01 -1.18062E-02
    6614.566    387.328  10.300  8.57996E-01  8.68104E-01 -1.16117E-02
    6618.499    391.262  10.350  8.56834E-01  8.66692E-01 -1.13434E-02
    6622.452    395.215  10.400  8.56371E-01  8.65279E-01 -1.02695E-02
    6626.424    399.187  10.450  8.57068E-01  8.63867E-01 -7.85075E-03
    6630.415    403.178  10.500  8.59021E-01  8.62454E-01 -3.97123E-03
    6634.425    407.188  10.550  8.61901E-01  8.61042E-01  9.95346E-04
    6638.454    411.217  10.600  8.65052E-01  8.59629E-01  6.29512E-03
    6642.502    415.265  10.650  8.67700E-01  8.58217E-01  1.10277E-02
    6646.569    419.332  10.700  8.69176E-01  8.56805E-01  1.44128E-02
    6650.656    423.418  10.750  8.69099E-01  8.55392E-01  1.59970E-02
    6654.761    427.523  10.800  8.67441E-01  8.53980E-01  1.57382E-02
    6658.885    431.648  10.850  8.64484E-01  8.52567E-01  1.39569E-02
    6663.029    435.791  10.900  8.60692E-01  8.51155E-01  1.11896E-02
    6667.191    439.953  10.950  8.56557E-01  8.49742E-01  8.01029E-03
    6671.372    444.135  11.000  8.52476E-01  8.48330E-01  4.88216E-03
    6675.573    448.335  11.050  8.48621E-01  8.46812E-01  2.13366E-03
    6679.793    452.555  11.100  8.45064E-01  8.45295E-01 -2.72983E-04
    6684.031    456.794  11.150  8.41745E-01  8.43777E-01 -2.40636E-03
    6688.289    461.051  11.200  8.38598E-01  8.42260E-01 -4.34330E-03
    6692.566    465.328  11.250  8.35605E-01  8.40742E-01 -6.10481E-03
    6696.861    469.624  11.300  8.32802E-01  8.39225E-01 -7.64637E-03
    6701.176    473.938  11.350  8.30254E-01  8.37707E-01 -8.88890E-03
    6705.510    478.272  11.400  8.28023E-01  8.36190E-01 -9.75807E-03
    6709.863    482.625  11.450  8.26150E-01  8.34672E-01 -1.02020E-02
    6714.235    486.997  11.500  8.24667E-01  8.33155E-01 -1.01787E-02
    6718.626    491.388  11.550  8.23623E-01  8.31637E-01 -9.62961E-03
    6723.036    495.798  11.600  8.23085E-01  8.30120E-01 -8.46793E-03
    6727.465    500.227  11.650  8.23125E-01  8.28602E-01 -6.60492E-03
    6731.913    504.676  11.700  8.23764E-01  8.27085E-01 -4.01254E-03
    6736.380    509.143  11.750  8.24910E-01  8.25567E-01 -7.95058E-04
    6740.867    513.629  11.800  8.26334E-01  8.24049E-01  2.77110E-03
    6745.372    518.134  11.850  8.27685E-01  8.22532E-01  6.26175E-03
    6749.896    522.659  11.900  8.28570E-01  8.21014E-01  9.19793E-03
    6754.440    527.202  11.950  8.28662E-01  8.19497E-01  1.11781E-02
    6759.002    531.765  12.000  8.27798E-01  8.17979E-01  1.19979E-02
    6763.584    536.346  12.050  8.26112E-01  8.16483E-01  1.17867E-02
    6768.184    540.947  12.100  8.23685E-01  8.14987E-01  1.06658E-02
    6772.804    545.566  12.150  8.20802E-01  8.13491E-01  8.98109E-03
    6777.442    550.205  12.200  8.17748E-01  8.11994E-01  7.08068E-03
    6782.100    554.863  12.250  8.14698E-01  8.10498E-01  5.17768E-03
    6786.777    559.539  12.300  8.11649E-01  8.09002E-01  3.26927E-03
    6791.473    564.235  12.350  8.08439E-01  8.07505E-01  1.15528E-03
    6796.188    568.950  12.400  8.04847E-01  8.06009E-01 -1.44052E-03
    6800.921    573.684  12.450  8.00737E-01  8.04513E-01 -4.68833E-03
    6805.674    578.437  12.500  7.96196E-01  8.03017E-01 -8.48419E-03
    6810.446    583.209  12.550  7.91590E-01  8.01520E-01 -1.23736E-02
    6815.237    588.000  12.600  7.87515E-01  8.00024E-01 -1.56149E-02
    6820.048    592.810  12.650  7.84632E-01  7.98528E-01 -1.73777E-02
    6824.877    597.639  12.700  7.83454E-01  7.97031E-01 -1.70111E-02
    6829.725    602.487  12.750  7.84153E-01  7.95535E-01 -1.42865E-02
    6834.592    607.355  12.800  7.86470E-01  7.94039E-01 -9.51662E-03
    6839.478    612.241  12.850  7.89767E-01  7.92543E-01 -3.49643E-03
    6844.384    617.146  12.900  7.93201E-01  7.91046E-01  2.71924E-03
    6849.308    622.071  12.950  7.95976E-01  7.89550E-01  8.12476E-03
    6854.252    627.014  13.000  7.97563E-01  7.88054E-01  1.20439E-02
    6859.214    631.977  13.050  7.97741E-01  7.86457E-01  1.43201E-02
    6864.196    636.958  13.100  7.96774E-01  7.84861E-01  1.51496E-02
    6869.196    641.959  13.150  7.95019E-01  7.83265E-01  1.49779E-02
    6874.216    646.978  13.200  7.92794E-01  7.81668E-01  1.42050E-02
    6879.255    652.017  13.250  7.90205E-01  7.80072E-01  1.29636E-02
    6884.312    657.075  13.300  7.87095E-01  7.78476E-01  1.10494E-02
    6889.389    662.152  13.350  7.83143E-01  7.76879E-01  8.04626E-03
    6894.485    667.248  13.400  7.78081E-01  7.75283E-01  3.60086E-03
    6899.600    672.362  13.450  7.71928E-01  7.73687E-01 -2.26894E-03
    6904.734    677.496  13.500  7.65147E-01  7.72090E-01 -8.97407E-03
    6909.887    682.649  13.550  7.58623E-01  7.70494E-01 -1.53727E-02
    6915.059    687.821  13.600  7.53458E-01  7.68898E-01 -2.00348E-02
    6920.250    693.013  13.650  7.50627E-01  7.67301E-01 -2.16816E-02
    6925.460    698.223  13.700  7.50627E-01  7.65705E-01 -1.96460E-02
    6930.690    703.452  13.750  7.53249E-01  7.64109E-01 -1.41795E-02
    6935.938    708.700  13.800  7.57566E-01  7.62512E-01 -6.47181E-03
    6941.205    713.967  13.850  7.62175E-01  7.60916E-01  1.65071E-03
    6946.491    719.254  13.900  7.65609E-01  7.59320E-01  8.26240E-03
    6951.797    724.559  13.950  7.66789E-01  7.57723E-01  1.19345E-02
    6957.121    729.884  14.000  7.65361E-01  7.56127E-01  1.21811E-02
    6962.465    735.227  14.050  7.61815E-01  7.54546E-01  9.60857E-03
    6967.827    740.590  14.100  7.57213E-01  7.52966E-01  5.62633E-03
    6973.209    745.971  14.150  7.52886E-01  7.51385E-01  1.99226E-03
    6978.610    751.372  14.200  7.49917E-01  7.49804E-01  1.50320E-04
    6984.029    756.792  14.250  7.48759E-01  7.48223E-01  7.14052E-04
    6989.468    762.230  14.300  7.49081E-01  7.46643E-01  3.25774E-03
    6994.926    767.688  14.350  7.49911E-01  7.45062E-01  6.49175E-03
    7000.403    773.165  14.400  7.50010E-01  7.43481E-01  8.75873E-03
    7005.899    778.661  14.450  7.48350E-01  7.41901E-01  8.67029E-03
    7011.414    784.176  14.500  7.44515E-01  7.40320E-01  5.65207E-03
    7016.948    789.710  14.550  7.38885E-01  7.38739E-01  1.97616E-04
    7022.501    795.263  14.600  7.32529E-01  7.37158E-01 -6.26304E-03
    7028.073    800.835  14.650  7.26848E-01  7.35578E-01 -1.18358E-02
    7033.664    806.426  14.700  7.23098E-01  7.33997E-01 -1.48090E-02
    7039.274    812.036  14.750  7.21954E-01  7.32416E-01 -1.42450E-02
    7044.903    817.666  14.800  7.23280E-01  7.30835E-01 -1.03093E-02
    7050.552    823.314  14.850  7.26167E-01  7.29255E-01 -4.22230E-03
    7056.219    828.981  14.900  7.29241E-01  7.27674E-01  2.14717E-03
    7061.905    834.668  14.950  7.31119E-01  7.26093E-01  6.90266E-03
    7067.611    840.373  15.000  7.30863E-01  7.24513E-01  8.74101E-03
    7073.335    846.098  15.050  7.28216E-01  7.22881E-01  7.35934E-03
    7079.079    851.841  15.100  7.23801E-01  7.21249E-01  3.52713E-03
    7084.841    857.604  15.150  7.18748E-01  7.19618E-01 -1.20483E-03
    7090.623    863.386  15.200  7.14353E-01  7.17986E-01 -5.04581E-03
    7096.424    869.186  15.250  7.11634E-01  7.16355E-01 -6.57085E-03
    7102.244    875.006  15.300  7.11006E-01  7.14723E-01 -5.18565E-03
    7108.082    880.845  15.350  7.12161E-01  7.13091E-01 -1.30160E-03
    7113.940    886.703  15.400  7.14190E-01  7.11460E-01  3.82624E-03
    7119.817    892.580  15.450  7.15902E-01  7.09828E-01  8.53182E-03
    7125.713    898.475  15.500  7.16214E-01  7.08197E-01  1.12890E-02
    7131.628    904.390  15.550  7.14498E-01  7.06565E-01  1.11963E-02
    7137.562    910.325  15.600  7.10761E-01  7.04934E-01  8.24278E-03
    7143.515    916.278  15.650  7.05614E-01  7.03302E-01  3.27862E-03
    7149.487    922.250  15.700  7.00064E-01  7.01670E-01 -2.28316E-03
    7155.479    928.241  15.750  6.95177E-01  7.00039E-01 -6.92588E-03
    7161.489    934.251  15.800  6.91758E-01  6.98407E-01 -9.49419E-03
    7167.518    940.281  15.850  6.90124E-01  6.96776E-01 -9.51862E-03
    7173.566    946.329  15.900  6.90050E-01  6.95144E-01 -7.30721E-03
    7179.634    952.396  15.950  6.90875E-01  6.93512E-01 -3.79180E-03
    7185.720    958.483  16.000  6.91746E-01  6.91881E-01 -1.94341E-04
    7191.826    964.588  16.050  6.91914E-01  6.90266E-01  2.38122E-03
    7197.950    970.713  16.100  6.90901E-01  6.88651E-01  3.25769E-03
    7204.094    976.856  16.150  6.88656E-01  6.87036E-01  2.35124E-03
    7210.257    983.019  16.200  6.85533E-01  6.85421E-01  1.62776E-04
    7216.438    989.201  16.250  6.82146E-01  6.83806E-01 -2.42037E-03
    7222.639    995.401  16.300  6.79164E-01  6.82191E-01 -4.42407E-03
    7228.859   1001.621  16.350  6.77103E-01  6.80576E-01 -5.08857E-03
    7235.098   1007.860  16.400  6.76182E-01  6.78961E-01 -4.08041E-03
    7241.356   1014.118  16.450  6.76285E-01  6.77346E-01 -1.56082E-03
    7247.633   1020.395  16.500  6.77014E-01  6.75731E-01  1.89395E-03
    7253.929   1026.691  16.550  6.77820E-01  6.74116E-01  5.47964E-03
    7260.244   1033.006  16.600  6.78159E-01  6.72501E-01  8.38999E-03
    7266.578   1039.340  16.650  6.77621E-01  6.70886E-01  1.00120E-02
    7272.931   1045.693  16.700  6.76009E-01  6.69270E-01  1.00410E-02
    7279.303   1052.065  16.750  6.73346E-01  6.67655E-01  8.49977E-03
    7285.694   1058.457  16.800  6.69833E-01  6.66040E-01  5.67808E-03
    7292.105   1064.867  16.850  6.65779E-01  6.64425E-01  2.03133E-03
    7298.534   1071.296  16.900  6.61533E-01  6.62810E-01 -1.92206E-03
    7304.982   1077.745  16.950  6.57432E-01  6.61195E-01 -5.67606E-03
    7311.450   1084.212  17.000  6.53774E-01  6.59580E-01 -8.77869E-03
    7317.936   1090.699  17.050  6.50794E-01  6.57977E-01 -1.08872E-02
    7324.442   1097.204  17.100  6.48688E-01  6.56374E-01 -1.16777E-02
    7330.966   1103.729  17.150  6.47567E-01  6.54771E-01 -1.09731E-02
    7337.510   1110.273  17.200  6.47421E-01  6.53169E-01 -8.77524E-03
    7344.073   1116.835  17.250  6.48094E-01  6.51566E-01 -5.31384E-03
    7350.655   1123.417  17.300  6.49272E-01  6.49963E-01 -1.06001E-03
    7357.255   1130.018  17.350  6.50519E-01  6.48360E-01  3.32178E-03
    7363.875   1136.638  17.400  6.51354E-01  6.46757E-01  7.08953E-03
    7370.514   1143.277  17.450  6.51355E-01  6.45154E-01  9.58619E-03
    7377.172   1149.934  17.500  6.50265E-01  6.43551E-01  1.04046E-02
    7383.849   1156.611  17.550  6.48064E-01  6.41948E-01  9.50136E-03
    7390.545   1163.307  17.600  6.44978E-01  6.40345E-01  7.21560E-03
    7397.260   1170.023  17.650  6.41419E-01  6.38742E-01  4.17935E-03
    7403.994   1176.757  17.700  6.37867E-01  6.37139E-01  1.13996E-03
    7410.748   1183.510  17.750  6.34739E-01  6.35536E-01 -1.25114E-03
    7417.520   1190.282  17.800  6.32270E-01  6.33933E-01 -2.61644E-03
    7424.311   1197.073  17.850  6.30467E-01  6.32330E-01 -2.93882E-03
    7431.121   1203.884  17.900  6.29128E-01  6.30727E-01 -2.52933E-03
    7437.951   1210.713  17.950  6.27933E-01  6.29124E-01 -1.88918E-03
    7444.799   1217.562  18.000  6.26568E-01  6.27521E-01 -1.51567E-03
    7451.667   1224.429  18.050  6.24835E-01  6.25918E-01 -1.72604E-03
    7458.553   1231.316  18.100  6.22726E-01  6.24314E-01 -2.53831E-03
    7465.459   1238.221  18.150  6.20416E-01  6.22711E-01 -3.67617E-03
    7472.384   1245.146  18.200  6.18197E-01  6.21108E-01 -4.67325E-03
    7479.327   1252.090  18.250  6.16371E-01  6.19504E-01 -5.04468E-03
    7486.290   1259.052  18.300  6.15136E-01  6.17901E-01 -4.46233E-03
    7493.272   1266.034  18.350  6.14522E-01  6.16297E-01 -2.87328E-03
    7500.273   1273.035  18.400  6.14371E-01  6.14694E-01 -5.23970E-04
    7507.293   1280.055  18.450  6.14389E-01  6.13090E-01  2.11326E-03
    7514.331   1287.094  18.500  6.14233E-01  6.11487E-01  4.48090E-03
    7521.389   1294.152  18.550  6.13609E-01  6.09883E-01  6.09428E-03
    7528.467   1301.229  18.600  6.12344E-01  6.08280E-01  6.66586E-03
    7535.563   1308.325  18.650  6.10423E-01  6.06677E-01  6.16126E-03
    7542.678   1315.440  18.700  6.07971E-01  6.05073E-01  4.77884E-03
    7549.812   1322.574  18.750  6.05206E-01  6.03470E-01  2.87004E-03
    7556.965   1329.728  18.800  6.02369E-01  6.01866E-01  8.33293E-04
    7564.137   1336.900  18.850  5.99671E-01  6.00263E-01 -9.83598E-04
    7571.329   1344.091  18.900  5.97251E-01  5.98659E-01 -2.34745E-03
    7578.539   1351.302  18.950  5.95165E-01  5.97056E-01 -3.16083E-03
    7585.769   1358.531  19.000  5.93396E-01  5.95453E-01 -3.44590E-03
    7593.017   1365.780  19.050  5.91922E-01  5.93891E-01 -3.30748E-03
    7600.285   1373.047  19.100  5.90618E-01  5.92329E-01 -2.88254E-03
    7607.571   1380.334  19.150  5.89398E-01  5.90767E-01 -2.31310E-03
    7614.877   1387.639  19.200  5.88194E-01  5.89205E-01 -1.71249E-03
    7622.202   1394.964  19.250  5.86967E-01  5.87643E-01 -1.14847E-03
    7629.545   1402.308  19.300  5.85706E-01  5.86081E-01 -6.39518E-04
    7636.908   1409.671  19.350  5.84423E-01  5.84519E-01 -1.64381E-04
    7644.290   1417.052  19.400  5.83142E-01  5.82958E-01  3.16567E-04
    7651.691   1424.453  19.450  5.81880E-01  5.81396E-01  8.32198E-04
    7659.111   1431.873  19.500  5.80630E-01  5.79834E-01  1.37201E-03
    7666.550   1439.312  19.550  5.79354E-01  5.78272E-01  1.86915E-03
    7674.008   1446.770  19.600  5.77984E-01  5.76710E-01  2.20540E-03
    7681.485   1454.247  19.650  5.76440E-01  5.75148E-01  2.24265E-03
    7688.981   1461.744  19.700  5.74663E-01  5.73586E-01  1.87536E-03
    7696.496   1469.259  19.750  5.72647E-01  5.72024E-01  1.08760E-03
    7704.031   1476.793  19.800  5.70458E-01  5.70463E-01 -8.10792E-06
    7711.584   1484.346  19.850  5.68234E-01  5.68901E-01 -1.17108E-03
    7719.156   1491.919  19.900  5.66157E-01  5.67339E-01 -2.08197E-03
    7726.748   1499.510  19.950  5.64399E-01  5.65777E-01 -2.43370E-03
    7734.358   1507.120  20.000  5.63064E-01  5.64215E-01 -2.03799E-03
