# # Once                                                         FEFF 9.6.4  
# # POT  SCF  10 30.0000   0, core-hole, AFOLP (folp(0)= 1.150)
# # Abs   Z=25 Rmt= 1.281 Rnm= 1.350 K  shell
# # Pot 1 Z= 6 Rmt= 0.984 Rnm= 1.106
# # Pot 2 Z=31 Rmt= 1.689 Rnm= 1.764
# # Pot 3 Z=31 Rmt= 1.533 Rnm= 1.610
# # Pot 4 Z=25 Rmt= 1.681 Rnm= 1.881
# # Pot 5 Z=25 Rmt= 1.306 Rnm= 1.397
# # Pot 6 Z=25 Rmt= 1.369 Rnm= 1.469
# # Gam_ch=1.193E+00 H-L exch Vi= 0.000E+00 Vr=-1.000E+00
# # Mu=-1.295E+01 kf=2.051E+00 Vint=-2.119E+01 Rs_int= 1.768
# # PATH  Rmax= 6.000,  Keep_limit= 0.00, Heap_limit 0.00  Pwcrit= 2.50%
#  S02=0.800  Temp=   0.00  Debye_temp=   0.00  Global_sig2= 0.00000
#  Energy zero shift, vr, vi    0.00000E+00   0.00000E+00
#  Curved wave amplitude ratio filter   4.000%
#     file         sig2 tot  cw amp ratio   deg  nlegs   reff  inp sig2
#           1       0.00000    100.00      3.00     2   1.9523
#           2       0.00000     48.87      3.00     2   2.6145
#           3       0.00000     38.97      3.00     2   2.7120
#           4       0.00000     76.08      6.00     2   2.9000
#           5       0.00000     27.58     12.00     3   3.2595
#           6       0.00000     12.88      6.00     3   3.4023
#           7       0.00000     34.62     12.00     3   3.4023
#           8       0.00000     25.31      3.00     2   3.4959
#           9       0.00000     19.84      3.00     2   3.9045
#          10       0.00000     67.82      6.00     3   3.9045
#          11       0.00000     11.74      3.00     4   3.9045
#          12       0.00000     55.88      3.00     4   3.9045
#          13       0.00000     19.94      6.00     4   3.9045
#          14       0.00000     20.50      6.00     4   3.9045
#          15       0.00000     15.14      3.00     2   3.9705
#          16       0.00000      5.30      6.00     3   4.0313
#          17       0.00000     10.45      6.00     3   4.0313
#          18       0.00000      8.10     12.00     3   4.0645
#          19       0.00000      5.35     12.00     3   4.1103
#          20       0.00000      4.61      1.00     2   4.1415
#          22       0.00000      8.64     12.00     3   4.1741
#          23       0.00000     21.47     12.00     3   4.1741
#          24       0.00000     18.24     12.00     3   4.1741
#          25       0.00000      4.27      1.00     2   4.2670
#          26       0.00000      5.53     12.00     4   4.5667
#          27       0.00000      9.59      6.00     3   4.6266
#          29       0.00000     18.89     12.00     3   4.6972
#          30       0.00000      5.15     12.00     3   4.7095
#          31       0.00000      6.10     12.00     3   4.7095
#          32       0.00000      6.57     12.00     4   4.7095
#          33       0.00000     13.37     12.00     4   4.7095
#          34       0.00000     11.67     12.00     4   4.7095
#          35       0.00000      7.42     12.00     4   4.7095
#          37       0.00000     18.97     12.00     4   4.8523
#          38       0.00000     14.13      6.00     4   4.8523
#          39       0.00000      5.73     12.00     4   4.8523
#          41       0.00000      6.09     12.00     3   5.1891
#          42       0.00000      9.00     12.00     3   5.1912
#          43       0.00000      4.24     12.00     3   5.1995
#          44       0.00000      6.53     12.00     4   5.1995
#          45       0.00000      6.27     12.00     5   5.2118
#          46       0.00000      8.38     12.00     5   5.2118
#          48       0.00000      8.65      6.00     3   5.2356
#          52       0.00000      6.22     12.00     5   5.3545
#          53       0.00000      5.93     12.00     5   5.3545
#          56       0.00000      5.51     12.00     5   5.3545
#          58       0.00000      7.66     12.00     5   5.3545
#          59       0.00000      4.52     12.00     3   5.4115
#          63       0.00000      5.24     12.00     4   5.6241
#          64       0.00000      7.30     12.00     4   5.6241
#          67       0.00000      5.21     12.00     3   5.6756
#          68       0.00000      7.64      6.00     3   5.8000
#          69       0.00000      5.96      6.00     4   5.8000
#          72       0.00000      4.09      6.00     4   5.8568
#          74       0.00000      5.68      6.00     5   5.8568
#          75       0.00000      6.65      6.00     5   5.8568
#          76       0.00000      8.34      6.00     5   5.8568
#          77       0.00000      4.78     12.00     6   5.8568
#          79       0.00000      9.63      6.00     6   5.8568
#          80       0.00000      5.75     12.00     6   5.8568
#          81       0.00000      7.47      3.00     6   5.8568
#          82       0.00000      6.31     12.00     6   5.8568
#          83       0.00000      8.41     12.00     6   5.8568
#    63/  77 paths used
#  xsedge+50, used to normalize mu           3.3955E-04
#  -----------------------------------------------------------------------
#  omega    e    k    mu    mu0     chi     @#
    6546.473    -11.936   0.050 -2.09483E-01  4.54994E-01 -7.79551E-01
    6546.501    -11.908   0.100 -1.85331E-01  4.63903E-01 -7.60618E-01
    6546.549    -11.860   0.150 -1.16628E-01  4.90139E-01 -7.07971E-01
    6546.616    -11.793   0.200 -4.97152E-02  5.16375E-01 -6.57831E-01
    6546.701    -11.708   0.250  4.79808E-02  5.55300E-01 -5.85687E-01
    6546.806    -11.603   0.300  1.40706E-01  5.94225E-01 -5.20180E-01
    6546.930    -11.479   0.350  2.42563E-01  6.35270E-01 -4.46538E-01
    6547.073    -11.336   0.400  3.35522E-01  6.76316E-01 -3.84190E-01
    6547.235    -11.174   0.450  4.20237E-01  7.11274E-01 -3.24712E-01
    6547.416    -10.993   0.500  4.92874E-01  7.46233E-01 -2.79787E-01
    6547.616    -10.793   0.550  5.52631E-01  7.74043E-01 -2.41698E-01
    6547.835    -10.574   0.600  5.99011E-01  8.01854E-01 -2.18912E-01
    6548.073    -10.336   0.650  6.32780E-01  8.24442E-01 -2.04341E-01
    6548.330    -10.079   0.700  6.53864E-01  8.47030E-01 -2.03482E-01
    6548.606     -9.803   0.750  6.64232E-01  8.66148E-01 -2.10104E-01
    6548.902     -9.507   0.800  6.64289E-01  8.85266E-01 -2.27168E-01
    6549.216     -9.193   0.850  6.56031E-01  9.01932E-01 -2.49807E-01
    6549.549     -8.860   0.900  6.41296E-01  9.18599E-01 -2.78422E-01
    6549.902     -8.507   0.950  6.20598E-01  9.33282E-01 -3.10493E-01
    6550.273     -8.136   1.000  5.98342E-01  9.47966E-01 -3.43397E-01
    6550.664     -7.745   1.050  5.74057E-01  9.60820E-01 -3.76149E-01
    6551.073     -7.336   1.100  5.53844E-01  9.73674E-01 -4.04343E-01
    6551.502     -6.907   1.150  5.37442E-01  9.84720E-01 -4.27168E-01
    6551.950     -6.459   1.200  5.30607E-01  9.95767E-01 -4.40553E-01
    6552.416     -5.993   1.250  5.34280E-01  1.00496E+00 -4.42769E-01
    6552.902     -5.507   1.300  5.51884E-01  1.01416E+00 -4.31940E-01
    6553.407     -5.002   1.350  5.85915E-01  1.02147E+00 -4.04913E-01
    6553.931     -4.478   1.400  6.35658E-01  1.02878E+00 -3.63627E-01
    6554.474     -3.935   1.450  7.04067E-01  1.03424E+00 -3.04380E-01
    6555.036     -3.373   1.500  7.85952E-01  1.03969E+00 -2.33144E-01
    6555.617     -2.792   1.550  8.82697E-01  1.04334E+00 -1.47364E-01
    6556.217     -2.192   1.600  9.85825E-01  1.04700E+00 -5.60208E-02
    6556.836     -1.573   1.650  1.09304E+00  1.04895E+00  4.03745E-02
    6557.474     -0.935   1.700  1.19507E+00  1.05091E+00  1.32001E-01
    6558.131     -0.278   1.750  1.28660E+00  1.05133E+00  2.15706E-01
    6558.808      0.399   1.800  1.36080E+00  1.05176E+00  2.83723E-01
    6559.503      1.094   1.850  1.41094E+00  1.05083E+00  3.31462E-01
    6560.217      1.808   1.900  1.43644E+00  1.04990E+00  3.56715E-01
    6560.951      2.542   1.950  1.43613E+00  1.04773E+00  3.59713E-01
    6561.703      3.294   2.000  1.41264E+00  1.04557E+00  3.41200E-01
    6562.475      4.066   2.050  1.36763E+00  1.04223E+00  3.03888E-01
    6563.265      4.856   2.100  1.30689E+00  1.03890E+00  2.51457E-01
    6564.075      5.666   2.150  1.23731E+00  1.03556E+00  1.90205E-01
    6564.904      6.495   2.200  1.16645E+00  1.03223E+00  1.27143E-01
    6565.751      7.342   2.250  1.09678E+00  1.02795E+00  6.56023E-02
    6566.618      8.209   2.300  1.03935E+00  1.02368E+00  1.50313E-02
    6567.504      9.095   2.350  9.98732E-01  1.01941E+00 -1.99511E-02
    6568.409     10.000   2.400  9.77074E-01  1.01513E+00 -3.69588E-02
    6569.333     10.924   2.450  9.71762E-01  1.01363E+00 -4.09376E-02
    6570.276     11.867   2.500  9.78558E-01  1.01213E+00 -3.30517E-02
    6571.238     12.829   2.550  9.93751E-01  1.01063E+00 -1.67331E-02
    6572.219     13.810   2.600  1.01300E+00  1.00913E+00  3.86383E-03
    6573.219     14.810   2.650  1.02938E+00  1.00679E+00  2.26115E-02
    6574.238     15.829   2.700  1.04464E+00  1.00445E+00  4.03399E-02
    6575.276     16.867   2.750  1.05630E+00  1.00210E+00  5.45441E-02
    6576.334     17.925   2.800  1.06286E+00  9.99762E-01  6.36807E-02
    6577.410     19.001   2.850  1.06726E+00  9.98920E-01  6.89998E-02
    6578.505     20.096   2.900  1.06673E+00  9.98078E-01  6.93343E-02
    6579.620     21.211   2.950  1.06209E+00  9.97236E-01  6.55176E-02
    6580.753     22.344   3.000  1.05455E+00  9.96394E-01  5.87712E-02
    6581.906     23.497   3.050  1.04645E+00  9.95653E-01  5.13216E-02
    6583.077     24.668   3.100  1.03650E+00  9.94913E-01  4.20142E-02
    6584.268     25.859   3.150  1.02539E+00  9.94172E-01  3.15259E-02
    6585.477     27.069   3.200  1.01342E+00  9.93432E-01  2.01785E-02
    6586.706     28.297   3.250  1.00106E+00  9.93423E-01  7.70279E-03
    6587.954     29.545   3.300  9.86691E-01  9.93414E-01 -6.77778E-03
    6589.221     30.812   3.350  9.70466E-01  9.93406E-01 -2.31047E-02
    6590.507     32.098   3.400  9.52968E-01  9.93397E-01 -4.06862E-02
    6591.812     33.403   3.450  9.34729E-01  9.93686E-01 -5.92489E-02
    6593.136     34.727   3.500  9.16464E-01  9.93974E-01 -7.77867E-02
    6594.479     36.070   3.550  8.99269E-01  9.94263E-01 -9.51997E-02
    6595.841     37.432   3.600  8.84555E-01  9.94552E-01 -1.10082E-01
    6597.222     38.813   3.650  8.74457E-01  9.95536E-01 -1.20961E-01
    6598.622     40.213   3.700  8.69595E-01  9.96521E-01 -1.26579E-01
    6600.041     41.632   3.750  8.70623E-01  9.97506E-01 -1.26314E-01
    6601.479     43.071   3.800  8.77771E-01  9.98490E-01 -1.19967E-01
    6602.937     44.528   3.850  8.91665E-01  9.99769E-01 -1.07182E-01
    6604.413     46.004   3.900  9.10859E-01  1.00105E+00 -8.92129E-02
    6605.909     47.500   3.950  9.34242E-01  1.00233E+00 -6.71928E-02
    6607.423     49.014   4.000  9.60496E-01  1.00361E+00 -4.24479E-02
    6608.956     50.548   4.050  9.88949E-01  1.00530E+00 -1.60586E-02
    6610.509     52.100   4.100  1.01735E+00  1.00699E+00  1.01505E-02
    6612.081     53.672   4.150  1.04432E+00  1.00869E+00  3.48273E-02
    6613.671     55.262   4.200  1.06857E+00  1.01038E+00  5.67221E-02
    6615.281     56.872   4.250  1.08902E+00  1.01220E+00  7.46962E-02
    6616.910     58.501   4.300  1.10442E+00  1.01403E+00  8.76700E-02
    6618.558     60.149   4.350  1.11389E+00  1.01585E+00  9.48534E-02
    6620.225     61.816   4.400  1.11692E+00  1.01768E+00  9.57719E-02
    6621.910     63.502   4.450  1.11312E+00  1.01937E+00  9.02709E-02
    6623.615     65.207   4.500  1.10316E+00  1.02106E+00  7.88734E-02
    6625.339     66.931   4.550  1.08813E+00  1.02275E+00  6.26720E-02
    6627.082     68.674   4.600  1.06973E+00  1.02444E+00  4.33197E-02
    6628.845     70.436   4.650  1.04972E+00  1.02577E+00  2.28626E-02
    6630.626     72.217   4.700  1.03082E+00  1.02711E+00  3.53721E-03
    6632.426     74.017   4.750  1.01529E+00  1.02845E+00 -1.25154E-02
    6634.245     75.836   4.800  1.00492E+00  1.02978E+00 -2.36232E-02
    6636.084     77.675   4.850  1.00043E+00  1.03066E+00 -2.86984E-02
    6637.941     79.532   4.900  1.00214E+00  1.03154E+00 -2.78821E-02
    6639.817     81.409   4.950  1.00918E+00  1.03242E+00 -2.20202E-02
    6641.713     83.304   5.000  1.01991E+00  1.03330E+00 -1.26714E-02
    6643.627     85.218   5.050  1.03138E+00  1.03354E+00 -2.04448E-03
    6645.561     87.152   5.100  1.04229E+00  1.03378E+00  8.04874E-03
    6647.514     89.105   5.150  1.05089E+00  1.03402E+00  1.59587E-02
    6649.485     91.076   5.200  1.05603E+00  1.03426E+00  2.05889E-02
    6651.476     93.067   5.250  1.05616E+00  1.03373E+00  2.12313E-02
    6653.486     95.077   5.300  1.05294E+00  1.03321E+00  1.86962E-02
    6655.514     97.106   5.350  1.04741E+00  1.03268E+00  1.39701E-02
    6657.562     99.154   5.400  1.04082E+00  1.03215E+00  8.22915E-03
    6659.629    101.220   5.450  1.03358E+00  1.03111E+00  2.34504E-03
    6661.715    103.306   5.500  1.02735E+00  1.03008E+00 -2.60112E-03
    6663.820    105.411   5.550  1.02246E+00  1.02905E+00 -6.28160E-03
    6665.944    107.535   5.600  1.01877E+00  1.02802E+00 -8.82971E-03
    6668.087    109.679   5.650  1.01514E+00  1.02642E+00 -1.07865E-02
    6670.250    111.841   5.700  1.01169E+00  1.02481E+00 -1.25788E-02
    6672.431    114.022   5.750  1.00801E+00  1.02321E+00 -1.45986E-02
    6674.631    116.222   5.800  1.00403E+00  1.02161E+00 -1.69259E-02
    6676.850    118.442   5.850  9.99510E-01  1.01957E+00 -1.93651E-02
    6679.089    120.680   5.900  9.95637E-01  1.01754E+00 -2.11947E-02
    6681.346    122.937   5.950  9.93135E-01  1.01550E+00 -2.17036E-02
    6683.623    125.214   6.000  9.92603E-01  1.01347E+00 -2.02986E-02
    6685.918    127.509   6.050  9.94236E-01  1.01143E+00 -1.67658E-02
    6688.233    129.824   6.100  9.97903E-01  1.00938E+00 -1.12255E-02
    6690.566    132.157   6.150  1.00286E+00  1.00734E+00 -4.38780E-03
    6692.919    134.510   6.200  1.00802E+00  1.00529E+00  2.68177E-03
    6695.291    136.882   6.250  1.01216E+00  1.00325E+00  8.78079E-03
    6697.681    139.273   6.300  1.01419E+00  1.00121E+00  1.28307E-02
    6700.091    141.682   6.350  1.01341E+00  9.99162E-01  1.41148E-02
    6702.520    144.111   6.400  1.00964E+00  9.97118E-01  1.24367E-02
    6704.968    146.559   6.450  1.00327E+00  9.95073E-01  8.16357E-03
    6707.435    149.026   6.500  9.95180E-01  9.93029E-01  2.14800E-03
    6709.921    151.512   6.550  9.87261E-01  9.91530E-01 -4.27191E-03
    6712.426    154.017   6.600  9.80128E-01  9.90030E-01 -9.92944E-03
    6714.950    156.541   6.650  9.74827E-01  9.88530E-01 -1.37682E-02
    6717.493    159.085   6.700  9.72060E-01  9.87031E-01 -1.50713E-02
    6720.056    161.647   6.750  9.72092E-01  9.85531E-01 -1.35556E-02
    6722.637    164.228   6.800  9.74750E-01  9.84031E-01 -9.38072E-03
    6725.237    166.828   6.850  9.79485E-01  9.82532E-01 -3.08544E-03
    6727.857    169.448   6.900  9.85489E-01  9.81032E-01  4.52204E-03
    6730.495    172.086   6.950  9.91819E-01  9.79533E-01  1.24911E-02
    6733.152    174.744   7.000  9.97517E-01  9.78033E-01  1.98480E-02
    6735.829    177.420   7.050  1.00278E+00  9.77310E-01  2.59663E-02
    6738.525    180.116   7.100  1.00577E+00  9.76588E-01  2.97816E-02
    6741.239    182.830   7.150  1.00589E+00  9.75866E-01  3.06757E-02
    6743.973    185.564   7.200  1.00282E+00  9.75143E-01  2.83075E-02
    6746.726    188.317   7.250  9.96573E-01  9.74421E-01  2.26759E-02
    6749.497    191.088   7.300  9.87520E-01  9.73698E-01  1.41625E-02
    6752.288    193.879   7.350  9.76428E-01  9.72976E-01  3.54028E-03
    6755.098    196.689   7.400  9.64393E-01  9.72253E-01 -8.06961E-03
    6757.927    199.518   7.450  9.52747E-01  9.71531E-01 -1.93023E-02
    6760.775    202.366   7.500  9.42892E-01  9.70808E-01 -2.87144E-02
    6763.642    205.233   7.550  9.36292E-01  9.70396E-01 -3.50960E-02
    6766.528    208.119   7.600  9.33727E-01  9.69984E-01 -3.73296E-02
    6769.433    211.024   7.650  9.35639E-01  9.69572E-01 -3.49531E-02
    6772.357    213.948   7.700  9.41829E-01  9.69160E-01 -2.81653E-02
    6775.300    216.892   7.750  9.51451E-01  9.68748E-01 -1.78335E-02
    6778.263    219.854   7.800  9.63119E-01  9.68336E-01 -5.38140E-03
    6781.244    222.835   7.850  9.75122E-01  9.67924E-01  7.42806E-03
    6784.244    225.835   7.900  9.85699E-01  9.67512E-01  1.87779E-02
    6787.264    228.855   7.950  9.93330E-01  9.67100E-01  2.70947E-02
    6790.302    231.893   8.000  9.96977E-01  9.66688E-01  3.13024E-02
    6793.360    234.951   8.050  9.95979E-01  9.65858E-01  3.11452E-02
    6796.436    238.027   8.100  9.90747E-01  9.65029E-01  2.66076E-02
    6799.532    241.123   8.150  9.82105E-01  9.64200E-01  1.85347E-02
    6802.647    244.238   8.200  9.71312E-01  9.63370E-01  8.22478E-03
    6805.780    247.371   8.250  9.59826E-01  9.62541E-01 -2.81288E-03
    6808.933    250.524   8.300  9.49066E-01  9.61712E-01 -1.31114E-02
    6812.105    253.696   8.350  9.40193E-01  9.60882E-01 -2.14617E-02
    6815.296    256.887   8.400  9.33988E-01  9.60053E-01 -2.70526E-02
    6818.506    260.097   8.450  9.30798E-01  9.59224E-01 -2.95195E-02
    6821.735    263.326   8.500  9.30572E-01  9.58394E-01 -2.89083E-02
    6824.983    266.574   8.550  9.32361E-01  9.57089E-01 -2.57356E-02
    6828.250    269.841   8.600  9.36267E-01  9.55784E-01 -2.03445E-02
    6831.536    273.127   8.650  9.41686E-01  9.54478E-01 -1.33568E-02
    6834.841    276.432   8.700  9.47996E-01  9.53173E-01 -5.41493E-03
    6838.165    279.756   8.750  9.54602E-01  9.51868E-01  2.86405E-03
    6841.508    283.100   8.800  9.60950E-01  9.50563E-01  1.09000E-02
    6844.871    286.462   8.850  9.66520E-01  9.49257E-01  1.81436E-02
    6848.252    289.843   8.900  9.70816E-01  9.47952E-01  2.40705E-02
    6851.652    293.244   8.950  9.73384E-01  9.46647E-01  2.81952E-02
    6855.072    296.663   9.000  9.73848E-01  9.45341E-01  3.01106E-02
    6858.510    300.102   9.050  9.71738E-01  9.43735E-01  2.96284E-02
    6861.968    303.559   9.100  9.67228E-01  9.42129E-01  2.65999E-02
    6865.445    307.036   9.150  9.60523E-01  9.40523E-01  2.12321E-02
    6868.940    310.531   9.200  9.52114E-01  9.38917E-01  1.40338E-02
    6872.455    314.046   9.250  9.42741E-01  9.37310E-01  5.78416E-03
    6875.989    317.580   9.300  9.33306E-01  9.35704E-01 -2.55839E-03
    6879.542    321.133   9.350  9.24746E-01  9.34098E-01 -9.99401E-03
    6883.113    324.705   9.400  9.17879E-01  9.32492E-01 -1.56426E-02
    6886.704    328.295   9.450  9.13265E-01  9.30885E-01 -1.88942E-02
    6890.314    331.905   9.500  9.11109E-01  9.29279E-01 -1.95170E-02
    6893.943    335.534   9.550  9.11377E-01  9.27913E-01 -1.77874E-02
    6897.591    339.183   9.600  9.13412E-01  9.26546E-01 -1.41491E-02
    6901.258    342.850   9.650  9.16446E-01  9.25180E-01 -9.42205E-03
    6904.945    346.536   9.700  9.19603E-01  9.23813E-01 -4.54859E-03
    6908.650    350.241   9.750  9.22063E-01  9.22446E-01 -4.15129E-04
    6912.374    353.965   9.800  9.23211E-01  9.21080E-01  2.30877E-03
    6916.117    357.709   9.850  9.22738E-01  9.19713E-01  3.28209E-03
    6919.880    361.471   9.900  9.20678E-01  9.18347E-01  2.53402E-03
    6923.661    365.252   9.950  9.17376E-01  9.16980E-01  4.31069E-04
    6927.462    369.053  10.000  9.13394E-01  9.15613E-01 -2.41895E-03
    6931.281    372.872  10.050  9.09661E-01  9.14553E-01 -5.33745E-03
    6935.120    376.711  10.100  9.06591E-01  9.13492E-01 -7.53657E-03
    6938.977    380.568  10.150  9.04674E-01  9.12431E-01 -8.48111E-03
    6942.854    384.445  10.200  9.04161E-01  9.11370E-01 -7.89011E-03
    6946.750    388.341  10.250  9.05045E-01  9.10309E-01 -5.76808E-03
    6950.664    392.256  10.300  9.07078E-01  9.09249E-01 -2.38078E-03
    6954.598    396.189  10.350  9.09838E-01  9.08188E-01  1.81220E-03
    6958.551    400.142  10.400  9.12812E-01  9.07127E-01  6.24898E-03
    6962.523    404.114  10.450  9.15482E-01  9.06066E-01  1.03598E-02
    6966.514    408.105  10.500  9.17396E-01  9.05005E-01  1.36470E-02
    6970.524    412.115  10.550  9.18219E-01  9.03944E-01  1.57387E-02
    6974.553    416.144  10.600  9.17755E-01  9.02884E-01  1.64146E-02
    6978.601    420.192  10.650  9.15947E-01  9.01823E-01  1.56065E-02
    6982.668    424.259  10.700  9.12862E-01  9.00762E-01  1.33838E-02
    6986.755    428.346  10.750  9.08670E-01  8.99701E-01  9.93110E-03
    6990.860    432.451  10.800  9.03626E-01  8.98640E-01  5.52626E-03
    6994.984    436.575  10.850  8.98049E-01  8.97579E-01  5.21396E-04
    6999.127    440.719  10.900  8.92310E-01  8.96519E-01 -4.67483E-03
    7003.290    444.881  10.950  8.86809E-01  8.95458E-01 -9.61732E-03
    7007.471    449.062  11.000  8.81953E-01  8.94397E-01 -1.38519E-02
    7011.672    453.263  11.050  8.77655E-01  8.92963E-01 -1.70679E-02
    7015.891    457.483  11.100  8.74674E-01  8.91528E-01 -1.88233E-02
    7020.130    461.721  11.150  8.73234E-01  8.90094E-01 -1.88596E-02
    7024.388    465.979  11.200  8.73419E-01  8.88659E-01 -1.70762E-02
    7028.664    470.255  11.250  8.75142E-01  8.87225E-01 -1.35604E-02
    7032.960    474.551  11.300  8.78142E-01  8.85790E-01 -8.59800E-03
    7037.275    478.866  11.350  8.81995E-01  8.84356E-01 -2.65837E-03
    7041.609    483.200  11.400  8.86157E-01  8.82922E-01  3.64874E-03
    7045.962    487.553  11.450  8.90021E-01  8.81487E-01  9.64066E-03
    7050.334    491.925  11.500  8.92996E-01  8.80053E-01  1.46456E-02
    7054.725    496.316  11.550  8.94579E-01  8.78618E-01  1.80904E-02
    7059.135    500.726  11.600  8.94429E-01  8.77184E-01  1.95781E-02
    7063.564    505.155  11.650  8.92407E-01  8.75749E-01  1.89430E-02
    7068.012    509.603  11.700  8.88602E-01  8.74315E-01  1.62735E-02
    7072.479    514.070  11.750  8.83311E-01  8.72881E-01  1.19005E-02
    7076.965    518.557  11.800  8.77004E-01  8.71446E-01  6.35222E-03
    7081.471    523.062  11.850  8.70261E-01  8.70012E-01  2.84806E-04
    7085.995    527.586  11.900  8.63692E-01  8.68577E-01 -5.60146E-03
    7090.538    532.130  11.950  8.57872E-01  8.67143E-01 -1.06482E-02
    7095.101    536.692  12.000  8.53266E-01  8.65708E-01 -1.43158E-02
    7099.682    541.274  12.050  8.49967E-01  8.64134E-01 -1.63291E-02
    7104.283    545.874  12.100  8.48329E-01  8.62559E-01 -1.64331E-02
    7108.903    550.494  12.150  8.48289E-01  8.60984E-01 -1.46877E-02
    7113.541    555.132  12.200  8.49598E-01  8.59409E-01 -1.13727E-02
    7118.199    559.790  12.250  8.51852E-01  8.57834E-01 -6.94717E-03
    7122.876    564.467  12.300  8.54549E-01  8.56259E-01 -1.98907E-03
    7127.572    569.163  12.350  8.57154E-01  8.54684E-01  2.87892E-03
    7132.286    573.878  12.400  8.59161E-01  8.53109E-01  7.06815E-03
    7137.020    578.611  12.450  8.60165E-01  8.51534E-01  1.00989E-02
    7141.773    583.364  12.500  8.59906E-01  8.49959E-01  1.16617E-02
    7146.545    588.136  12.550  8.58309E-01  8.48384E-01  1.16575E-02
    7151.336    592.927  12.600  8.55484E-01  8.46809E-01  1.02080E-02
    7156.146    597.738  12.650  8.51710E-01  8.45235E-01  7.63488E-03
    7160.976    602.567  12.700  8.47390E-01  8.43660E-01  4.40669E-03
    7165.824    607.415  12.750  8.42982E-01  8.42085E-01  1.06226E-03
    7170.691    612.282  12.800  8.38926E-01  8.40510E-01 -1.87866E-03
    7175.577    617.168  12.850  8.35567E-01  8.38935E-01 -4.00112E-03
    7180.483    622.074  12.900  8.33108E-01  8.37360E-01 -5.06124E-03
    7185.407    626.998  12.950  8.31576E-01  8.35785E-01 -5.01994E-03
    7190.351    631.942  13.000  8.30831E-01  8.34210E-01 -4.03772E-03
    7195.313    636.904  13.050  8.30788E-01  8.32838E-01 -2.45424E-03
    7200.295    641.886  13.100  8.30945E-01  8.31466E-01 -6.24430E-04
    7205.295    646.886  13.150  8.30958E-01  8.30094E-01  1.03831E-03
    7210.315    651.906  13.200  8.30540E-01  8.28721E-01  2.18752E-03
    7215.354    656.945  13.250  8.29512E-01  8.27349E-01  2.60601E-03
    7220.411    662.002  13.300  8.27832E-01  8.25977E-01  2.23830E-03
    7225.488    667.079  13.350  8.25588E-01  8.24605E-01  1.18845E-03
    7230.584    672.175  13.400  8.22974E-01  8.23233E-01 -3.13328E-04
    7235.699    677.290  13.450  8.20240E-01  8.21861E-01 -1.96598E-03
    7240.833    682.424  13.500  8.17639E-01  8.20488E-01 -3.46141E-03
    7245.986    687.577  13.550  8.15383E-01  8.19116E-01 -4.54292E-03
    7251.158    692.749  13.600  8.13604E-01  8.17744E-01 -5.04683E-03
    7256.349    697.940  13.650  8.12342E-01  8.16372E-01 -4.92072E-03
    7261.559    703.150  13.700  8.11551E-01  8.15000E-01 -4.21742E-03
    7266.788    708.379  13.750  8.11122E-01  8.13627E-01 -3.06938E-03
    7272.037    713.628  13.800  8.10909E-01  8.12255E-01 -1.65186E-03
    7277.304    718.895  13.850  8.10765E-01  8.10883E-01 -1.44869E-04
    7282.590    724.181  13.900  8.10564E-01  8.09511E-01  1.29729E-03
    7287.896    729.487  13.950  8.10217E-01  8.08139E-01  2.56292E-03
    7293.220    734.811  14.000  8.09668E-01  8.06766E-01  3.58502E-03
    7298.564    740.155  14.050  8.08740E-01  8.05163E-01  4.42756E-03
    7303.926    745.517  14.100  8.07567E-01  8.03560E-01  4.97113E-03
    7309.308    750.899  14.150  8.06121E-01  8.01956E-01  5.17727E-03
    7314.708    756.300  14.200  8.04377E-01  8.00353E-01  5.01304E-03
    7320.128    761.719  14.250  8.02321E-01  7.98750E-01  4.45742E-03
    7325.567    767.158  14.300  7.99956E-01  7.97146E-01  3.51486E-03
    7331.025    772.616  14.350  7.97323E-01  7.95543E-01  2.23118E-03
    7336.502    778.093  14.400  7.94501E-01  7.93940E-01  7.05354E-04
    7341.997    783.589  14.450  7.91614E-01  7.92336E-01 -9.09213E-04
    7347.512    789.104  14.500  7.88816E-01  7.90733E-01 -2.41767E-03
    7353.046    794.638  14.550  7.86273E-01  7.89129E-01 -3.61093E-03
    7358.599    800.191  14.600  7.84129E-01  7.87526E-01 -4.30266E-03
    7364.172    805.763  14.650  7.82481E-01  7.85923E-01 -4.36827E-03
    7369.763    811.354  14.700  7.81351E-01  7.84319E-01 -3.77639E-03
    7375.373    816.964  14.750  7.80673E-01  7.82716E-01 -2.60436E-03
    7381.002    822.593  14.800  7.80304E-01  7.81113E-01 -1.03255E-03
    7386.650    828.242  14.850  7.80043E-01  7.79509E-01  6.83049E-04
    7392.318    833.909  14.900  7.79664E-01  7.77906E-01  2.25507E-03
    7398.004    839.595  14.950  7.78960E-01  7.76303E-01  3.41694E-03
    7403.710    845.301  15.000  7.77782E-01  7.74699E-01  3.97186E-03
