# # Once                                                         FEFF 9.6.4  
# # POT  SCF 100  6.0000   0, core-hole, AFOLP (folp(0)= 1.150)
# # Abs   Z=24 Rmt= 1.210 Rnm= 1.324 K  shell
# # Pot 1 Z=24 Rmt= 1.212 Rnm= 1.331
# # Pot 2 Z= 8 Rmt= 0.979 Rnm= 1.074
# # Gam_ch=1.087E+00 H-L exch Vi= 0.000E+00 Vr= 0.000E+00
# # Mu=-1.160E+01 kf=2.277E+00 Vint=-2.037E+01 Rs_int= 1.593
# # PATH  Rmax= 9.000,  Keep_limit= 0.00, Heap_limit 0.00  Pwcrit= 2.50%
#  S02=1.000  Temp=   0.00  Debye_temp=   0.00  Global_sig2= 0.00000
#  Energy zero shift, vr, vi    0.00000E+00   0.00000E+00
#  Curved wave amplitude ratio filter   4.000%
#     file         sig2 tot  cw amp ratio   deg  nlegs   reff  inp sig2
#           1       0.00000    100.00      2.00     2   1.8823
#           2       0.00000    191.20      4.00     2   1.9177
#           3       0.00000     32.78      2.00     2   2.9182
#           4       0.00000     16.77      4.00     3   3.1621
#           5       0.00000     51.13     16.00     3   3.2435
#           6       0.00000     47.88      4.00     2   3.3652
#           7       0.00000      9.09      4.00     3   3.3768
#           8       0.00000     29.50      8.00     3   3.3768
#           9       0.00000     92.05      8.00     2   3.4504
#          10       0.00000     44.20      4.00     2   3.4726
#          11       0.00000     40.04      8.00     3   3.6252
#          12       0.00000     39.98      8.00     3   3.6252
#          13       0.00000     20.07      2.00     3   3.7645
#          14       0.00000     23.45      2.00     4   3.7645
#          15       0.00000     12.94      2.00     4   3.7645
#          16       0.00000     14.58      4.00     4   3.8000
#          17       0.00000     14.09      4.00     4   3.8000
#          19       0.00000     37.34      4.00     3   3.8354
#          20       0.00000     42.96      4.00     4   3.8354
#          21       0.00000     23.60      4.00     4   3.8354
#          22       0.00000     14.66      4.00     4   3.8354
#          23       0.00000      4.83      4.00     4   3.8354
#          24       0.00000     64.24      8.00     2   3.9304
#          25       0.00000     38.21     16.00     3   3.9850
#          26       0.00000     38.11     16.00     3   4.0387
#          27       0.00000      6.23      8.00     3   4.1365
#          28       0.00000     16.56      8.00     3   4.1365
#          29       0.00000     17.07      8.00     3   4.1365
#          30       0.00000     14.02      8.00     3   4.2193
#          31       0.00000     49.08     16.00     3   4.2499
#          32       0.00000     13.91     16.00     3   4.3666
#          33       0.00000     11.57     16.00     3   4.3666
#          34       0.00000     12.14      2.00     2   4.3711
#          35       0.00000     35.32      4.00     3   4.3711
#          36       0.00000     25.46      2.00     4   4.3711
#          37       0.00000     11.16      4.00     4   4.4065
#          38       0.00000      5.63      8.00     3   4.4203
#          39       0.00000     25.99      4.00     2   4.4218
#          40       0.00000     46.18      8.00     2   4.4543
#          41       0.00000      5.91     16.00     4   4.4879
#          42       0.00000     26.02     16.00     3   4.5196
#          43       0.00000     92.09     16.00     3   4.5295
#          44       0.00000     21.02     16.00     4   4.5414
#          45       0.00000     21.80      4.00     2   4.5508
#          46       0.00000     13.52      8.00     4   4.5694
#          47       0.00000     21.21      8.00     4   4.5694
#          48       0.00000     16.95      8.00     4   4.5694
#          49       0.00000     12.89     16.00     4   4.5951
#          50       0.00000     13.06      8.00     4   4.6048
#          51       0.00000     20.74      8.00     4   4.6048
#          52       0.00000     54.35      8.00     4   4.6048
#          53       0.00000      7.76      8.00     4   4.6048
#          54       0.00000      7.48      8.00     4   4.6048
#          55       0.00000     12.78      8.00     4   4.6212
#          56       0.00000      7.61      8.00     4   4.6212
#          57       0.00000      9.34     16.00     3   4.6315
#          58       0.00000     22.49     16.00     3   4.6315
#          59       0.00000     16.36      8.00     3   4.6933
#          60       0.00000     31.96      8.00     3   4.6933
#          61       0.00000     18.87      8.00     3   4.6933
#          63       0.00000     12.90     16.00     4   4.7026
#          64       0.00000      9.41     16.00     4   4.8063
#          65       0.00000     18.04     16.00     4   4.8063
#          66       0.00000      5.99      8.00     3   4.8346
#          67       0.00000     11.23      8.00     3   4.8346
#          68       0.00000     14.01      8.00     3   4.8346
#          69       0.00000      4.68      8.00     4   4.8359
#          70       0.00000     12.66      8.00     4   4.8359
#          71       0.00000      9.21      4.00     4   4.8359
#          72       0.00000     16.57      4.00     4   4.8359
#          74       0.00000      4.35      8.00     4   4.8359
#          75       0.00000     17.23      8.00     4   4.8359
#          76       0.00000     11.09     16.00     4   4.8391
#          78       0.00000     12.76      8.00     3   4.8696
#          79       0.00000      7.72      8.00     4   4.8696
#          80       0.00000     19.19      8.00     4   4.8696
#          81       0.00000      7.90     16.00     3   4.9112
#          82       0.00000     25.55     16.00     3   4.9112
#          83       0.00000      8.08     16.00     4   4.9510
#          84       0.00000     16.91     16.00     4   4.9510
#          85       0.00000     13.87     16.00     4   4.9864
#          86       0.00000      5.11     16.00     4   4.9864
#          87       0.00000     10.50     16.00     4   4.9864
#          88       0.00000     29.79     16.00     4   4.9864
#          89       0.00000     12.20     16.00     3   4.9914
#          90       0.00000     22.52     16.00     3   5.0281
#          91       0.00000      6.68      8.00     4   5.0444
#          92       0.00000     14.14      8.00     4   5.0444
#          93       0.00000      9.75      8.00     5   5.0444
#          94       0.00000     21.03      8.00     5   5.0444
#          95       0.00000     11.59     16.00     3   5.0450
#          96       0.00000      9.16      8.00     3   5.0590
#          98       0.00000     11.10     16.00     3   5.0862
#          99       0.00000      8.23     16.00     4   5.0860
#         100       0.00000     27.15     16.00     4   5.0860
#         101       0.00000      4.76      8.00     4   5.1088
#         102       0.00000      5.06     16.00     4   5.1258
#         103       0.00000      6.96     16.00     5   5.1258
#         104       0.00000     25.99     16.00     5   5.1258
#         105       0.00000     26.17     16.00     5   5.1258
#         106       0.00000     20.44     16.00     5   5.1258
#         108       0.00000      4.69     16.00     5   5.1258
#         109       0.00000      9.90     16.00     3   5.1349
#         110       0.00000     11.89     16.00     3   5.1349
#         111       0.00000     12.04     16.00     3   5.1349
#         112       0.00000      8.54      8.00     3   5.1519
#         113       0.00000      9.62      8.00     4   5.1519
#         114       0.00000     11.35      8.00     4   5.1519
#         115       0.00000     22.85     16.00     3   5.1575
#         116       0.00000      5.29     16.00     4   5.1612
#         117       0.00000      6.88     16.00     5   5.1612
#         118       0.00000     24.81     16.00     5   5.1612
#         119       0.00000     11.06     16.00     5   5.1612
#         120       0.00000     24.99     16.00     5   5.1612
#         121       0.00000     35.92     16.00     5   5.1612
#         122       0.00000     11.80     16.00     5   5.1612
#         123       0.00000      5.96     16.00     5   5.1612
#         124       0.00000      4.55     16.00     5   5.1612
#         125       0.00000      8.62     16.00     5   5.1612
#         126       0.00000     15.04      4.00     2   5.2171
#         127       0.00000     12.24     16.00     4   5.2294
#         130       0.00000     14.73      4.00     2   5.2557
#         131       0.00000      5.07      8.00     5   5.2591
#         132       0.00000      4.30      4.00     5   5.2591
#         133       0.00000     16.65      8.00     3   5.2749
#         134       0.00000     23.01      8.00     3   5.2749
#         135       0.00000      5.32     16.00     4   5.2829
#         136       0.00000      9.62     16.00     4   5.2831
#         137       0.00000      7.37     16.00     4   5.2829
#         138       0.00000      6.69      8.00     4   5.2945
#         140       0.00000      9.22      8.00     5   5.2945
#         141       0.00000      4.64      8.00     5   5.2945
#         143       0.00000      6.78      8.00     5   5.2945
#         144       0.00000      6.53      8.00     5   5.2945
#         146       0.00000      8.72      8.00     5   5.2945
#         147       0.00000     32.98      8.00     2   5.2979
#         149       0.00000     16.23      8.00     3   5.3119
#         150       0.00000     22.73      8.00     3   5.3119
#         151       0.00000     12.78     16.00     3   5.3304
#         152       0.00000     10.83      8.00     4   5.3326
#         153       0.00000      6.38      8.00     4   5.3326
#         155       0.00000      9.68      4.00     4   5.3326
#         156       0.00000     10.70     16.00     3   5.3552
#         158       0.00000      8.56     16.00     4   5.3645
#         159       0.00000     10.62      8.00     4   5.3681
#         160       0.00000      6.25      8.00     4   5.3681
#         162       0.00000      9.56      4.00     4   5.3681
#         163       0.00000     10.11     16.00     3   5.3688
#         164       0.00000      9.81     16.00     3   5.3688
#         165       0.00000      4.33     16.00     3   5.3730
#         166       0.00000     31.69      8.00     2   5.3793
#         167       0.00000     38.06      8.00     3   5.3848
#         168       0.00000     33.83      8.00     3   5.3848
#         169       0.00000      5.30     16.00     4   5.3903
#         170       0.00000     22.77      4.00     4   5.3903
#         171       0.00000      6.15     16.00     4   5.3903
#         172       0.00000     18.18      4.00     4   5.3903
#         173       0.00000     10.99     16.00     4   5.4056
#         175       0.00000      9.06     16.00     4   5.4441
#         176       0.00000     13.28     16.00     4   5.4441
#         177       0.00000      9.93     16.00     4   5.4441
#         178       0.00000      6.41     16.00     4   5.4441
#         179       0.00000     15.27      8.00     3   5.4497
#         180       0.00000     13.23      8.00     4   5.4497
#         181       0.00000     19.35      8.00     4   5.4497
#         182       0.00000      6.97     16.00     4   5.4544
#         183       0.00000     15.03      8.00     3   5.4867
#         184       0.00000     12.85      8.00     4   5.4867
#         185       0.00000     18.83      8.00     4   5.4867
#         186       0.00000      8.26     16.00     3   5.4943
#         187       0.00000     13.31     16.00     4   5.4943
#         188       0.00000      6.89     16.00     4   5.4978
#         189       0.00000      8.65     16.00     4   5.4978
#         190       0.00000      9.76     16.00     4   5.4978
#         191       0.00000      9.26     16.00     4   5.4978
#         192       0.00000      5.45     16.00     4   5.4978
#         193       0.00000      8.81     16.00     4   5.4978
#         195       0.00000      5.39     16.00     4   5.4978
#         196       0.00000      8.33      8.00     4   5.5074
#         197       0.00000     12.67      8.00     4   5.5074
#         198       0.00000     10.79      8.00     5   5.5074
#         199       0.00000      5.27      8.00     5   5.5074
#         200       0.00000     20.39      8.00     5   5.5074
#         202       0.00000      7.33      8.00     5   5.5074
#         203       0.00000      7.59      8.00     5   5.5074
#         204       0.00000      8.32     16.00     3   5.5310
#         205       0.00000     12.28     16.00     4   5.5310
#         206       0.00000      8.08     16.00     3   5.5359
#         207       0.00000      8.09      8.00     4   5.5429
#         208       0.00000     12.52      8.00     4   5.5429
#         209       0.00000     10.27      8.00     5   5.5429
#         210       0.00000      5.10      8.00     5   5.5429
#         211       0.00000      5.43      8.00     5   5.5429
#         212       0.00000      5.94      8.00     5   5.5429
#         213       0.00000     19.55      8.00     5   5.5429
#         214       0.00000      4.98      8.00     5   5.5429
#         216       0.00000      6.95      8.00     5   5.5429
#         217       0.00000      7.16      8.00     5   5.5429
#         218       0.00000      7.71     16.00     4   5.5478
#         219       0.00000      7.84     16.00     3   5.5590
#         220       0.00000     25.09      8.00     2   5.5688
#         221       0.00000     15.13     16.00     3   5.5730
#         222       0.00000      8.65     16.00     3   5.5726
#         223       0.00000     20.75     16.00     3   5.5730
#         224       0.00000     20.69     16.00     3   5.5730
#         225       0.00000      5.65     16.00     3   5.5810
#         226       0.00000      6.09     16.00     4   5.5805
#         227       0.00000      7.87     16.00     4   5.5805
#         228       0.00000      6.26     16.00     4   5.6015
#         229       0.00000      4.88     16.00     4   5.6015
#         230       0.00000     10.27      8.00     3   5.6086
#         231       0.00000     14.08     16.00     4   5.6111
#         234       0.00000      4.70     16.00     4   5.6251
#         235       0.00000      8.92     16.00     4   5.6342
#         236       0.00000     17.62     16.00     3   5.6347
#         237       0.00000      4.17      2.00     4   5.6468
#         238       0.00000      8.94      4.00     6   5.6468
#         239       0.00000      5.88      4.00     5   5.6468
#         240       0.00000      9.87      4.00     5   5.6468
#         241       0.00000      6.78      2.00     6   5.6468
#         243       0.00000      7.31     16.00     3   5.6483
#         244       0.00000      8.97     16.00     4   5.6479
#         245       0.00000      5.29     16.00     4   5.6479
#         246       0.00000     12.17     16.00     4   5.6479
#         247       0.00000      7.88     32.00     3   5.6613
#         248       0.00000      5.13      8.00     4   5.6647
#         249       0.00000      7.70      8.00     4   5.6648
#         250       0.00000      7.96     16.00     3   5.6788
#         251       0.00000     24.55     16.00     3   5.6795
#         252       0.00000      6.69      4.00     4   5.6822
#         253       0.00000      8.90      8.00     6   5.6822
#         254       0.00000      7.03      8.00     5   5.6822
#         255       0.00000     17.50      8.00     5   5.6822
#         256       0.00000      6.43      8.00     6   5.6822
#         257       0.00000      5.63      4.00     6   5.6822
#         258       0.00000     13.03      4.00     6   5.6822
#         259       0.00000      9.96     16.00     4   5.6925
#         260       0.00000      6.13     16.00     4   5.6925
#         261       0.00000      8.02     16.00     4   5.6925
#         262       0.00000     13.80     16.00     4   5.6925
#         263       0.00000     23.52      8.00     2   5.6991
#   241/ 258 paths used
#  xsedge+50, used to normalize mu           3.8785E-04
#  -----------------------------------------------------------------------
#  omega    e    k    mu    mu0     chi     @#
    5994.509    -11.595   0.050  2.15735E-01  3.15574E-01 -1.80030E-01
    5994.537    -11.567   0.100  2.06385E-01  3.22188E-01 -2.08430E-01
    5994.585    -11.519   0.150  1.80117E-01  3.41652E-01 -2.89132E-01
    5994.652    -11.453   0.200  1.54174E-01  3.61116E-01 -3.68366E-01
    5994.737    -11.367   0.250  1.13173E-01  3.89589E-01 -4.87623E-01
    5994.842    -11.262   0.300  7.40316E-02  4.18062E-01 -6.01513E-01
    5994.966    -11.138   0.350  1.99894E-02  4.47479E-01 -7.38398E-01
    5995.109    -10.995   0.400 -2.89760E-02  4.76896E-01 -8.63348E-01
    5995.271    -10.833   0.450 -8.97377E-02  5.02073E-01 -9.95064E-01
    5995.452    -10.652   0.500 -1.40942E-01  5.27251E-01 -1.10710E+00
    5995.652    -10.452   0.550 -1.97343E-01  5.48271E-01 -1.21437E+00
    5995.871    -10.233   0.600 -2.39897E-01  5.69291E-01 -1.29587E+00
    5996.109     -9.995   0.650 -2.81816E-01  5.87811E-01 -1.36659E+00
    5996.366     -9.738   0.700 -3.04346E-01  6.06330E-01 -1.40480E+00
    5996.642     -9.462   0.750 -3.21061E-01  6.23623E-01 -1.42829E+00
    5996.937     -9.167   0.800 -3.16299E-01  6.40916E-01 -1.41903E+00
    5997.252     -8.852   0.850 -3.00961E-01  6.57680E-01 -1.39193E+00
    5997.585     -8.519   0.900 -2.63336E-01  6.74444E-01 -1.33422E+00
    5997.938     -8.166   0.950 -2.10403E-01  6.90974E-01 -1.25583E+00
    5998.309     -7.795   1.000 -1.38367E-01  7.07504E-01 -1.15454E+00
    5998.700     -7.404   1.050 -5.24638E-02  7.23852E-01 -1.03787E+00
    5999.109     -6.995   1.100  4.43926E-02  7.40200E-01 -9.11544E-01
    5999.538     -6.566   1.150  1.48041E-01  7.56286E-01 -7.80992E-01
    5999.985     -6.119   1.200  2.49380E-01  7.72371E-01 -6.58436E-01
    6000.452     -5.652   1.250  3.44562E-01  7.88037E-01 -5.47747E-01
    6000.938     -5.166   1.300  4.22510E-01  8.03702E-01 -4.62066E-01
    6001.443     -4.661   1.350  4.80512E-01  8.18742E-01 -4.02714E-01
    6001.967     -4.137   1.400  5.11412E-01  8.33782E-01 -3.77138E-01
    6002.510     -3.594   1.450  5.15826E-01  8.47999E-01 -3.82265E-01
    6003.072     -3.032   1.500  4.95664E-01  8.62215E-01 -4.15054E-01
    6003.653     -2.451   1.550  4.56756E-01  8.75404E-01 -4.67064E-01
    6004.253     -1.851   1.600  4.11167E-01  8.88593E-01 -5.24908E-01
    6004.872     -1.232   1.650  3.69134E-01  9.00574E-01 -5.76693E-01
    6005.510     -0.594   1.700  3.47861E-01  9.12555E-01 -6.04908E-01
    6006.167      0.063   1.750  3.57530E-01  9.23186E-01 -5.99129E-01
    6006.843      0.739   1.800  4.10678E-01  9.33816E-01 -5.47938E-01
    6007.539      1.435   1.850  5.11107E-01  9.42968E-01 -4.48075E-01
    6008.253      2.149   1.900  6.57353E-01  9.52121E-01 -3.02981E-01
    6008.987      2.883   1.950  8.42431E-01  9.59683E-01 -1.19605E-01
    6009.739      3.635   2.000  1.04898E+00  9.67245E-01  8.27441E-02
    6010.511      4.406   2.050  1.26385E+00  9.72541E-01  2.93454E-01
    6011.301      5.197   2.100  1.45887E+00  9.77837E-01  4.82184E-01
    6012.111      6.007   2.150  1.61273E+00  9.83133E-01  6.28017E-01
    6012.939      6.835   2.200  1.71093E+00  9.88429E-01  7.17162E-01
    6013.787      7.683   2.250  1.75182E+00  9.90718E-01  7.54248E-01
    6014.654      8.550   2.300  1.72671E+00  9.93007E-01  7.25914E-01
    6015.540      9.436   2.350  1.64669E+00  9.95296E-01  6.43431E-01
    6016.445     10.341   2.400  1.53041E+00  9.97585E-01  5.25463E-01
    6017.369     11.264   2.450  1.38828E+00  9.96018E-01  3.87768E-01
    6018.312     12.207   2.500  1.25260E+00  9.94451E-01  2.55801E-01
    6019.274     13.169   2.550  1.14528E+00  9.92885E-01  1.51371E-01
    6020.255     14.151   2.600  1.08024E+00  9.91318E-01  8.85417E-02
    6021.255     15.151   2.650  1.06636E+00  9.90170E-01  7.59814E-02
    6022.274     16.170   2.700  1.08442E+00  9.89021E-01  9.52945E-02
    6023.312     17.208   2.750  1.12254E+00  9.87872E-01  1.34733E-01
    6024.369     18.265   2.800  1.16637E+00  9.86723E-01  1.80031E-01
    6025.446     19.342   2.850  1.19493E+00  9.87981E-01  2.07057E-01
    6026.541     20.437   2.900  1.21356E+00  9.89238E-01  2.24082E-01
    6027.655     21.551   2.950  1.21678E+00  9.90495E-01  2.25675E-01
    6028.789     22.685   3.000  1.20166E+00  9.91753E-01  2.09010E-01
    6029.941     23.837   3.050  1.16945E+00  9.92270E-01  1.76345E-01
    6031.113     25.009   3.100  1.12290E+00  9.92787E-01  1.29436E-01
    6032.304     26.200   3.150  1.06593E+00  9.93304E-01  7.22221E-02
    6033.513     27.409   3.200  1.00394E+00  9.93822E-01  1.00583E-02
    6034.742     28.638   3.250  9.41424E-01  9.93140E-01 -5.14278E-02
    6035.990     29.886   3.300  8.84667E-01  9.92458E-01 -1.07242E-01
    6037.257     31.153   3.350  8.37448E-01  9.91777E-01 -1.53617E-01
    6038.543     32.438   3.400  8.01925E-01  9.91095E-01 -1.88390E-01
    6039.847     33.743   3.450  7.78067E-01  9.90185E-01 -2.11441E-01
    6041.171     35.067   3.500  7.65047E-01  9.89275E-01 -2.23720E-01
    6042.514     36.410   3.550  7.60469E-01  9.88365E-01 -2.27592E-01
    6043.877     37.772   3.600  7.61351E-01  9.87455E-01 -2.26014E-01
    6045.258     39.154   3.650  7.64516E-01  9.86115E-01 -2.21712E-01
    6046.658     40.554   3.700  7.68192E-01  9.84775E-01 -2.16891E-01
    6048.077     41.973   3.750  7.71103E-01  9.83436E-01 -2.12828E-01
    6049.515     43.411   3.800  7.73183E-01  9.82096E-01 -2.09590E-01
    6050.973     44.869   3.850  7.75500E-01  9.81008E-01 -2.06356E-01
    6052.449     46.345   3.900  7.80243E-01  9.79920E-01 -2.00678E-01
    6053.944     47.840   3.950  7.89877E-01  9.78832E-01 -1.90070E-01
    6055.459     49.355   4.000  8.06655E-01  9.77744E-01 -1.72250E-01
    6056.992     50.888   4.050  8.31353E-01  9.76865E-01 -1.46586E-01
    6058.545     52.441   4.100  8.64961E-01  9.75985E-01 -1.11911E-01
    6060.117     54.012   4.150  9.06428E-01  9.75105E-01 -6.92679E-02
    6061.707     55.603   4.200  9.53133E-01  9.74226E-01 -2.12865E-02
    6063.317     57.213   4.250  1.00145E+00  9.73544E-01  2.81672E-02
    6064.946     58.842   4.300  1.04757E+00  9.72861E-01  7.54162E-02
    6066.594     60.489   4.350  1.08744E+00  9.72179E-01  1.16363E-01
    6068.260     62.156   4.400  1.11762E+00  9.71496E-01  1.47549E-01
    6069.946     63.842   4.450  1.13713E+00  9.71455E-01  1.67256E-01
    6071.651     65.547   4.500  1.14426E+00  9.71413E-01  1.74475E-01
    6073.375     67.271   4.550  1.13973E+00  9.71372E-01  1.69923E-01
    6075.118     69.014   4.600  1.12563E+00  9.71330E-01  1.55710E-01
    6076.880     70.776   4.650  1.10555E+00  9.71375E-01  1.35333E-01
    6078.662     72.558   4.700  1.08227E+00  9.71420E-01  1.11763E-01
    6080.462     74.358   4.750  1.05896E+00  9.71465E-01  8.81708E-02
    6082.281     76.177   4.800  1.03805E+00  9.71510E-01  6.70281E-02
    6084.119     78.015   4.850  1.02137E+00  9.71806E-01  4.99045E-02
    6085.977     79.873   4.900  1.00894E+00  9.72103E-01  3.70673E-02
    6087.853     81.749   4.950  1.00029E+00  9.72399E-01  2.80547E-02
    6089.749     83.645   5.000  9.94403E-01  9.72695E-01  2.18221E-02
    6091.663     85.559   5.050  9.90396E-01  9.73095E-01  1.73848E-02
    6093.597     87.493   5.100  9.87088E-01  9.73495E-01  1.36528E-02
    6095.549     89.445   5.150  9.84004E-01  9.73895E-01  1.01500E-02
    6097.521     91.417   5.200  9.81250E-01  9.74294E-01  6.98080E-03
    6099.512     93.408   5.250  9.79503E-01  9.74570E-01  4.94972E-03
    6101.522     95.417   5.300  9.79416E-01  9.74845E-01  4.58598E-03
    6103.550     97.446   5.350  9.81596E-01  9.75120E-01  6.49480E-03
    6105.598     99.494   5.400  9.86178E-01  9.75395E-01  1.08123E-02
    6107.665    101.561   5.450  9.92429E-01  9.75569E-01  1.69095E-02
    6109.751    103.647   5.500  9.99083E-01  9.75743E-01  2.34129E-02
    6111.856    105.752   5.550  1.00425E+00  9.75917E-01  2.84303E-02
    6113.980    107.876   5.600  1.00583E+00  9.76091E-01  2.98441E-02
    6116.123    110.019   5.650  1.00125E+00  9.75899E-01  2.54564E-02
    6118.285    112.181   5.700  9.89903E-01  9.75708E-01  1.42641E-02
    6120.467    114.363   5.750  9.71699E-01  9.75516E-01 -3.83767E-03
    6122.667    116.563   5.800  9.47789E-01  9.75324E-01 -2.77047E-02
    6124.886    118.782   5.850  9.19799E-01  9.74748E-01 -5.53508E-02
    6127.125    121.021   5.900  8.91679E-01  9.74172E-01 -8.31945E-02
    6129.382    123.278   5.950  8.67022E-01  9.73595E-01 -1.07606E-01
    6131.659    125.554   6.000  8.49190E-01  9.73019E-01 -1.25177E-01
    6133.954    127.850   6.050  8.40151E-01  9.71826E-01 -1.33372E-01
    6136.269    130.165   6.100  8.41979E-01  9.70633E-01 -1.30572E-01
    6138.602    132.498   6.150  8.54423E-01  9.69440E-01 -1.16965E-01
    6140.955    134.851   6.200  8.75854E-01  9.68248E-01 -9.41453E-02
    6143.327    137.223   6.250  9.03565E-01  9.67055E-01 -6.48228E-02
    6145.717    139.613   6.300  9.34211E-01  9.65862E-01 -3.23800E-02
    6148.127    142.023   6.350  9.64332E-01  9.64669E-01 -3.45539E-04
    6150.556    144.452   6.400  9.90862E-01  9.63476E-01  2.81301E-02
    6153.004    146.900   6.450  1.01155E+00  9.62283E-01  5.07088E-02
    6155.471    149.367   6.500  1.02521E+00  9.61090E-01  6.61316E-02
    6157.957    151.853   6.550  1.03125E+00  9.59363E-01  7.43228E-02
    6160.462    154.358   6.600  1.03112E+00  9.57635E-01  7.61760E-02
    6162.986    156.882   6.650  1.02627E+00  9.55908E-01  7.31231E-02
    6165.529    159.425   6.700  1.01829E+00  9.54181E-01  6.67909E-02
    6168.092    161.987   6.750  1.00861E+00  9.52454E-01  5.86578E-02
    6170.673    164.569   6.800  9.98301E-01  9.50726E-01  4.98207E-02
    6173.273    167.169   6.850  9.87959E-01  9.48999E-01  4.09044E-02
    6175.892    169.788   6.900  9.77783E-01  9.47272E-01  3.21164E-02
    6178.531    172.427   6.950  9.67726E-01  9.45545E-01  2.34085E-02
    6181.188    175.084   7.000  9.57699E-01  9.43817E-01  1.46878E-02
    6183.865    177.761   7.050  9.48189E-01  9.42239E-01  6.30804E-03
    6186.560    180.456   7.100  9.39031E-01  9.40661E-01 -1.73203E-03
    6189.275    183.171   7.150  9.30771E-01  9.39083E-01 -8.84920E-03
    6192.009    185.905   7.200  9.24127E-01  9.37505E-01 -1.42714E-02
    6194.761    188.657   7.250  9.19813E-01  9.35927E-01 -1.72251E-02
    6197.533    191.429   7.300  9.18328E-01  9.34349E-01 -1.71602E-02
    6200.324    194.220   7.350  9.19775E-01  9.32771E-01 -1.39489E-02
    6203.134    197.030   7.400  9.23752E-01  9.31193E-01 -8.00354E-03
    6205.963    199.859   7.450  9.29360E-01  9.29615E-01 -2.74914E-04
    6208.811    202.707   7.500  9.35330E-01  9.28037E-01  7.87665E-03
    6211.678    205.574   7.550  9.40704E-01  9.26935E-01  1.48850E-02
    6214.564    208.460   7.600  9.43628E-01  9.25833E-01  1.92573E-02
    6217.469    211.365   7.650  9.43158E-01  9.24731E-01  1.99604E-02
    6220.393    214.289   7.700  9.38924E-01  9.23629E-01  1.65848E-02
    6223.336    217.232   7.750  9.31222E-01  9.22527E-01  9.43694E-03
    6226.299    220.194   7.800  9.20955E-01  9.21425E-01 -5.11540E-04
    6229.280    223.176   7.850  9.09466E-01  9.20324E-01 -1.18082E-02
    6232.280    226.176   7.900  8.98282E-01  9.19222E-01 -2.27968E-02
    6235.300    229.196   7.950  8.88823E-01  9.18120E-01 -3.19262E-02
    6238.338    232.234   8.000  8.82158E-01  9.17018E-01 -3.80271E-02
    6241.396    235.292   8.050  8.79080E-01  9.16305E-01 -4.06286E-02
    6244.472    238.368   8.100  8.79435E-01  9.15591E-01 -3.94837E-02
    6247.568    241.464   8.150  8.82656E-01  9.14878E-01 -3.52069E-02
    6250.682    244.578   8.200  8.87798E-01  9.14165E-01 -2.88244E-02
    6253.816    247.712   8.250  8.93783E-01  9.13451E-01 -2.15137E-02
    6256.969    250.865   8.300  8.99637E-01  9.12738E-01 -1.43379E-02
    6260.141    254.037   8.350  9.04685E-01  9.12025E-01 -8.03662E-03
    6263.332    257.228   8.400  9.08647E-01  9.11311E-01 -2.91936E-03
    6266.542    260.437   8.450  9.11621E-01  9.10598E-01  1.12140E-03
    6269.770    263.666   8.500  9.13977E-01  9.09885E-01  4.48857E-03
    6273.018    266.914   8.550  9.16166E-01  9.09116E-01  7.73655E-03
    6276.286    270.181   8.600  9.18599E-01  9.08346E-01  1.12562E-02
    6279.572    273.468   8.650  9.21427E-01  9.07577E-01  1.52127E-02
    6282.877    276.773   8.700  9.24455E-01  9.06808E-01  1.93935E-02
    6286.201    280.097   8.750  9.27168E-01  9.06038E-01  2.32322E-02
    6289.544    283.440   8.800  9.28855E-01  9.05269E-01  2.59461E-02
    6292.907    286.803   8.850  9.28805E-01  9.04500E-01  2.67510E-02
    6296.288    290.184   8.900  9.26522E-01  9.03731E-01  2.50979E-02
    6299.688    293.584   8.950  9.21901E-01  9.02961E-01  2.08663E-02
    6303.108    297.004   9.000  9.15312E-01  9.02192E-01  1.44625E-02
    6306.546    300.442   9.050  9.07160E-01  9.01029E-01  6.76727E-03
    6310.004    303.900   9.100  8.98989E-01  8.99866E-01 -9.69685E-04
    6313.481    307.376   9.150  8.92044E-01  8.98704E-01 -7.37276E-03
    6316.976    310.872   9.200  8.87396E-01  8.97541E-01 -1.12480E-02
    6320.491    314.387   9.250  8.85702E-01  8.96378E-01 -1.18539E-02
    6324.025    317.921   9.300  8.87047E-01  8.95215E-01 -9.08273E-03
    6327.577    321.473   9.350  8.90903E-01  8.94053E-01 -3.50658E-03
    6331.149    325.045   9.400  8.96230E-01  8.92890E-01  3.72483E-03
    6334.740    328.636   9.450  9.01678E-01  8.91727E-01  1.11129E-02
    6338.350    332.246   9.500  9.05867E-01  8.90564E-01  1.71149E-02
    6341.979    335.875   9.550  9.07367E-01  8.89071E-01  2.04974E-02
    6345.627    339.523   9.600  9.05746E-01  8.87578E-01  2.03891E-02
    6349.294    343.190   9.650  9.00917E-01  8.86085E-01  1.66738E-02
    6352.981    346.876   9.700  8.93389E-01  8.84592E-01  9.90696E-03
    6356.686    350.582   9.750  8.84140E-01  8.83099E-01  1.17439E-03
    6360.410    354.306   9.800  8.74391E-01  8.81605E-01 -8.15239E-03
    6364.153    358.049   9.850  8.65355E-01  8.80112E-01 -1.67033E-02
    6367.916    361.812   9.900  8.58005E-01  8.78619E-01 -2.33725E-02
    6371.697    365.593   9.950  8.52914E-01  8.77126E-01 -2.74991E-02
    6375.498    369.393  10.000  8.50205E-01  8.75633E-01 -2.89308E-02
    6379.317    373.213  10.050  8.49535E-01  8.74151E-01 -2.80540E-02
    6383.156    377.052  10.100  8.50484E-01  8.72668E-01 -2.53260E-02
    6387.013    380.909  10.150  8.52430E-01  8.71186E-01 -2.14477E-02
    6390.890    384.786  10.200  8.54828E-01  8.69704E-01 -1.70398E-02
    6394.786    388.681  10.250  8.57321E-01  8.68222E-01 -1.25076E-02
    6398.700    392.596  10.300  8.59784E-01  8.66739E-01 -7.99449E-03
    6402.634    396.530  10.350  8.62277E-01  8.65257E-01 -3.43129E-03
    6406.587    400.483  10.400  8.64940E-01  8.63775E-01  1.34312E-03
    6410.559    404.455  10.450  8.67859E-01  8.62293E-01  6.43059E-03
    6414.550    408.446  10.500  8.70958E-01  8.60811E-01  1.17429E-02
    6418.560    412.456  10.550  8.73937E-01  8.59328E-01  1.69351E-02
    6422.589    416.485  10.600  8.76298E-01  8.57846E-01  2.14275E-02
    6426.637    420.533  10.650  8.77439E-01  8.56364E-01  2.45161E-02
    6430.704    424.600  10.700  8.76801E-01  8.54882E-01  2.55428E-02
    6434.790    428.686  10.750  8.74029E-01  8.53399E-01  2.40815E-02
    6438.896    432.792  10.800  8.69095E-01  8.51917E-01  2.00867E-02
    6443.020    436.916  10.850  8.62354E-01  8.50435E-01  1.39617E-02
    6447.163    441.059  10.900  8.54510E-01  8.48953E-01  6.52145E-03
    6451.326    445.222  10.950  8.46496E-01  8.47470E-01 -1.14574E-03
    6455.507    449.403  11.000  8.39289E-01  8.45988E-01 -7.88797E-03
    6459.708    453.604  11.050  8.33863E-01  8.44705E-01 -1.27856E-02
    6463.927    457.823  11.100  8.30610E-01  8.43422E-01 -1.51310E-02
    6468.166    462.062  11.150  8.29654E-01  8.42139E-01 -1.47666E-02
    6472.424    466.319  11.200  8.30686E-01  8.40855E-01 -1.20455E-02
    6476.700    470.596  11.250  8.33056E-01  8.39572E-01 -7.73040E-03
    6480.996    474.892  11.300  8.35930E-01  8.38289E-01 -2.80298E-03
    6485.311    479.207  11.350  8.38491E-01  8.37006E-01  1.76735E-03
    6489.645    483.541  11.400  8.40117E-01  8.35723E-01  5.23677E-03
    6493.998    487.893  11.450  8.40497E-01  8.34440E-01  7.22948E-03
    6498.370    492.265  11.500  8.39662E-01  8.33156E-01  7.77610E-03
    6502.761    496.656  11.550  8.37924E-01  8.31873E-01  7.24274E-03
    6507.171    501.067  11.600  8.35741E-01  8.30590E-01  6.17498E-03
    6511.600    505.496  11.650  8.33557E-01  8.29307E-01  5.10317E-03
    6516.048    509.944  11.700  8.31654E-01  8.28024E-01  4.36526E-03
    6520.515    514.411  11.750  8.30060E-01  8.26740E-01  3.99795E-03
    6525.001    518.897  11.800  8.28548E-01  8.25457E-01  3.72744E-03
    6529.507    523.403  11.850  8.26710E-01  8.24174E-01  3.06322E-03
    6534.031    527.927  11.900  8.24105E-01  8.22891E-01  1.46924E-03
    6538.574    532.470  11.950  8.20423E-01  8.21608E-01 -1.43550E-03
    6543.137    537.033  12.000  8.15623E-01  8.20325E-01 -5.70450E-03
    6547.718    541.614  12.050  8.09732E-01  8.18778E-01 -1.09987E-02
    6552.319    546.215  12.100  8.03636E-01  8.17232E-01 -1.65622E-02
    6556.938    550.834  12.150  7.98198E-01  8.15686E-01 -2.13446E-02
    6561.577    555.473  12.200  7.94323E-01  8.14140E-01 -2.42344E-02
    6566.235    560.131  12.250  7.92745E-01  8.12594E-01 -2.43211E-02
    6570.912    564.808  12.300  7.93836E-01  8.11048E-01 -2.11310E-02
    6575.607    569.503  12.350  7.97487E-01  8.09502E-01 -1.47787E-02
    6580.322    574.218  12.400  8.03094E-01  8.07955E-01 -5.99233E-03
    6585.056    578.952  12.450  8.09647E-01  8.06409E-01  3.99788E-03
    6589.809    583.705  12.500  8.15923E-01  8.04863E-01  1.36858E-02
    6594.581    588.477  12.550  8.20724E-01  8.03317E-01  2.15814E-02
    6599.372    593.268  12.600  8.23105E-01  8.01771E-01  2.65028E-02
    6604.182    598.078  12.650  8.22562E-01  8.00225E-01  2.78038E-02
    6609.011    602.907  12.700  8.19114E-01  7.98679E-01  2.54870E-02
    6613.860    607.756  12.750  8.13280E-01  7.97132E-01  2.01799E-02
    6618.727    612.623  12.800  8.05954E-01  7.95586E-01  1.29829E-02
    6623.613    617.509  12.850  7.98207E-01  7.94040E-01  5.22804E-03
    6628.519    622.414  12.900  7.91066E-01  7.92494E-01 -1.79568E-03
    6633.443    627.339  12.950  7.85322E-01  7.90948E-01 -7.08759E-03
    6638.386    632.282  13.000  7.81400E-01  7.89402E-01 -1.00998E-02
    6643.349    637.245  13.050  7.79225E-01  7.87796E-01 -1.08422E-02
    6648.330    642.226  13.100  7.78600E-01  7.86191E-01 -9.62124E-03
    6653.331    647.227  13.150  7.78976E-01  7.84585E-01 -7.12496E-03
    6658.351    652.247  13.200  7.79711E-01  7.82980E-01 -4.16027E-03
    6663.389    657.285  13.250  7.80232E-01  7.81374E-01 -1.45665E-03
    6668.447    662.343  13.300  7.80148E-01  7.79769E-01  4.85162E-04
    6673.524    667.420  13.350  7.79309E-01  7.78163E-01  1.46759E-03
    6678.620    672.516  13.400  7.77792E-01  7.76558E-01  1.58403E-03
    6683.735    677.631  13.450  7.75833E-01  7.74952E-01  1.13314E-03
    6688.869    682.765  13.500  7.73727E-01  7.73347E-01  4.90543E-04
    6694.022    687.918  13.550  7.71724E-01  7.71741E-01 -2.24931E-05
    6699.194    693.090  13.600  7.69953E-01  7.70136E-01 -2.36471E-04
    6704.385    698.281  13.650  7.68398E-01  7.68530E-01 -1.72258E-04
    6709.595    703.491  13.700  7.66914E-01  7.66925E-01 -1.42658E-05
    6714.824    708.720  13.750  7.65296E-01  7.65319E-01 -3.04977E-05
    6720.072    713.968  13.800  7.63357E-01  7.63714E-01 -4.66392E-04
    6725.340    719.236  13.850  7.61004E-01  7.62108E-01 -1.44582E-03
    6730.626    724.522  13.900  7.58284E-01  7.60503E-01 -2.90954E-03
    6735.932    729.827  13.950  7.55390E-01  7.58897E-01 -4.60979E-03
    6741.256    735.152  14.000  7.52613E-01  7.57292E-01 -6.16340E-03
    6746.600    740.495  14.050  7.50409E-01  7.55795E-01 -7.10818E-03
    6751.962    745.858  14.100  7.48927E-01  7.54299E-01 -7.10323E-03
    6757.344    751.240  14.150  7.48267E-01  7.52802E-01 -6.00945E-03
    6762.744    756.640  14.200  7.48349E-01  7.51305E-01 -3.92462E-03
    6768.164    762.060  14.250  7.48929E-01  7.49809E-01 -1.17060E-03
    6773.603    767.499  14.300  7.49646E-01  7.48312E-01  1.77791E-03
    6779.061    772.956  14.350  7.50112E-01  7.46815E-01  4.40433E-03
    6784.537    778.433  14.400  7.50004E-01  7.45319E-01  6.27135E-03
    6790.033    783.929  14.450  7.49131E-01  7.43822E-01  7.12056E-03
    6795.548    789.444  14.500  7.47478E-01  7.42325E-01  6.92532E-03
    6801.082    794.978  14.550  7.45198E-01  7.40828E-01  5.88450E-03
    6806.635    800.531  14.600  7.42563E-01  7.39332E-01  4.36075E-03
    6812.207    806.103  14.650  7.39892E-01  7.37835E-01  2.78093E-03
    6817.799    811.695  14.700  7.37465E-01  7.36338E-01  1.52590E-03
    6823.409    817.305  14.750  7.35459E-01  7.34842E-01  8.37902E-04
    6829.038    822.934  14.800  7.33910E-01  7.33345E-01  7.68719E-04
    6834.686    828.582  14.850  7.32714E-01  7.31848E-01  1.17992E-03
    6840.354    834.250  14.900  7.31664E-01  7.30352E-01  1.79317E-03
    6846.040    839.936  14.950  7.30517E-01  7.28855E-01  2.27583E-03
    6851.746    845.641  15.000  7.29063E-01  7.27358E-01  2.33842E-03
    6857.470    851.366  15.050  7.27030E-01  7.25724E-01  1.79653E-03
    6863.214    857.110  15.100  7.24599E-01  7.24089E-01  7.02524E-04
    6868.976    862.872  15.150  7.21913E-01  7.22455E-01 -7.48154E-04
    6874.758    868.654  15.200  7.19204E-01  7.20820E-01 -2.23773E-03
    6880.559    874.454  15.250  7.16727E-01  7.19185E-01 -3.41181E-03
    6886.378    880.274  15.300  7.14692E-01  7.17551E-01 -3.97693E-03
    6892.217    886.113  15.350  7.13203E-01  7.15916E-01 -3.78409E-03
    6898.075    891.971  15.400  7.12224E-01  7.14282E-01 -2.87547E-03
    6903.952    897.848  15.450  7.11590E-01  7.12647E-01 -1.48164E-03
    6909.848    903.744  15.500  7.11035E-01  7.11013E-01  3.08824E-05
    6915.763    909.659  15.550  7.10265E-01  7.09378E-01  1.24892E-03
    6921.697    915.593  15.600  7.09031E-01  7.07743E-01  1.81640E-03
    6927.650    921.546  15.650  7.07188E-01  7.06109E-01  1.52618E-03
    6933.622    927.518  15.700  7.04740E-01  7.04474E-01  3.76771E-04
    6939.613    933.509  15.750  7.01840E-01  7.02840E-01 -1.42075E-03
    6945.624    939.519  15.800  6.98757E-01  7.01205E-01 -3.48772E-03
    6951.653    945.549  15.850  6.95814E-01  6.99571E-01 -5.36377E-03
    6957.701    951.597  15.900  6.93316E-01  6.97936E-01 -6.61277E-03
    6963.769    957.665  15.950  6.91476E-01  6.96301E-01 -6.92275E-03
    6969.855    963.751  16.000  6.90373E-01  6.94667E-01 -6.17589E-03
    6975.961    969.856  16.050  6.89909E-01  6.93044E-01 -4.52006E-03
    6982.085    975.981  16.100  6.89922E-01  6.91422E-01 -2.16665E-03
    6988.229    982.125  16.150  6.90135E-01  6.89799E-01  4.87052E-04
    6994.391    988.287  16.200  6.90249E-01  6.88176E-01  3.00885E-03
    7000.573    994.469  16.250  6.90007E-01  6.86554E-01  5.02641E-03
    7006.774   1000.670  16.300  6.89250E-01  6.84931E-01  6.30155E-03
    7012.994   1006.890  16.350  6.87935E-01  6.83309E-01  6.76691E-03
    7019.232   1013.128  16.400  6.86132E-01  6.81686E-01  6.51840E-03
    7025.490   1019.386  16.450  6.83988E-01  6.80063E-01  5.76842E-03
    7031.767   1025.663  16.500  6.81682E-01  6.78441E-01  4.77495E-03
    7038.063   1031.959  16.550  6.79369E-01  6.76818E-01  3.76751E-03
    7044.378   1038.274  16.600  6.77148E-01  6.75196E-01  2.89047E-03
    7050.712   1044.608  16.650  6.75041E-01  6.73573E-01  2.17865E-03
    7057.066   1050.962  16.700  6.73006E-01  6.71950E-01  1.57016E-03
    7063.438   1057.334  16.750  6.70965E-01  6.70328E-01  9.50328E-04
    7069.829   1063.725  16.800  6.68847E-01  6.68705E-01  2.11479E-04
    7076.239   1070.135  16.850  6.66621E-01  6.67082E-01 -6.91099E-04
    7082.669   1076.565  16.900  6.64325E-01  6.65460E-01 -1.70563E-03
    7089.117   1083.013  16.950  6.62055E-01  6.63837E-01 -2.68445E-03
    7095.585   1089.480  17.000  6.59950E-01  6.62215E-01 -3.42014E-03
    7102.071   1095.967  17.050  6.58194E-01  6.60663E-01 -3.73708E-03
    7108.577   1102.472  17.100  6.56815E-01  6.59112E-01 -3.48485E-03
    7115.101   1108.997  17.150  6.55820E-01  6.57560E-01 -2.64711E-03
    7121.645   1115.541  17.200  6.55121E-01  6.56009E-01 -1.35290E-03
    7128.208   1122.103  17.250  6.54547E-01  6.54457E-01  1.37104E-04
    7134.789   1128.685  17.300  6.53874E-01  6.52906E-01  1.48336E-03
    7141.390   1135.286  17.350  6.52883E-01  6.51354E-01  2.34749E-03
    7148.010   1141.906  17.400  6.51413E-01  6.49803E-01  2.47977E-03
    7154.649   1148.545  17.450  6.49411E-01  6.48251E-01  1.79042E-03
    7161.307   1155.203  17.500  6.46948E-01  6.46700E-01  3.84458E-04
    7167.984   1161.880  17.550  6.44212E-01  6.45148E-01 -1.45180E-03
    7174.680   1168.576  17.600  6.41466E-01  6.43597E-01 -3.31186E-03
    7181.395   1175.291  17.650  6.38988E-01  6.42045E-01 -4.76420E-03
    7188.129   1182.025  17.700  6.37000E-01  6.40494E-01 -5.45822E-03
    7194.882   1188.778  17.750  6.35613E-01  6.38942E-01 -5.21362E-03
    7201.654   1195.550  17.800  6.34799E-01  6.37391E-01 -4.06931E-03
    7208.446   1202.342  17.850  6.34392E-01  6.35839E-01 -2.27742E-03
    7215.256   1209.152  17.900  6.34134E-01  6.34288E-01 -2.42385E-04
    7222.086   1215.981  17.950  6.33735E-01  6.32736E-01  1.58065E-03
    7228.934   1222.830  18.000  6.32952E-01  6.31185E-01  2.80252E-03
    7235.801   1229.697  18.050  6.31587E-01  6.29587E-01  3.18008E-03
    7242.688   1236.584  18.100  6.29711E-01  6.27989E-01  2.74437E-03
    7249.594   1243.490  18.150  6.27476E-01  6.26392E-01  1.73306E-03
    7256.518   1250.414  18.200  6.25133E-01  6.24794E-01  5.43427E-04
    7263.462   1257.358  18.250  6.22963E-01  6.23197E-01 -3.75891E-04
    7270.425   1264.321  18.300  6.21196E-01  6.21599E-01 -6.49953E-04
    7277.406   1271.302  18.350  6.19948E-01  6.20002E-01 -8.62495E-05
    7284.407   1278.303  18.400  6.19184E-01  6.18404E-01  1.26256E-03
    7291.427   1285.323  18.450  6.18717E-01  6.16806E-01  3.10034E-03
    7298.466   1292.362  18.500  6.18254E-01  6.15209E-01  4.95528E-03
    7305.524   1299.420  18.550  6.17472E-01  6.13611E-01  6.29820E-03
    7312.601   1306.497  18.600  6.16098E-01  6.12014E-01  6.68163E-03
    7319.697   1313.593  18.650  6.13991E-01  6.10416E-01  5.86370E-03
    7326.812   1320.708  18.700  6.11180E-01  6.08819E-01  3.88386E-03
    7333.947   1327.843  18.750  6.07869E-01  6.07221E-01  1.06890E-03
    7341.100   1334.996  18.800  6.04393E-01  6.05623E-01 -2.03434E-03
    7348.272   1342.168  18.850  6.01140E-01  6.04026E-01 -4.78457E-03
    7355.464   1349.359  18.900  5.98458E-01  6.02428E-01 -6.59931E-03
    7362.674   1356.570  18.950  5.96572E-01  6.00831E-01 -7.09745E-03
    7369.903   1363.799  19.000  5.95526E-01  5.99233E-01 -6.19509E-03
    7377.152   1371.048  19.050  5.95243E-01  5.97700E-01 -4.11665E-03
    7384.419   1378.315  19.100  5.95348E-01  5.96166E-01 -1.37464E-03
    7391.706   1385.602  19.150  5.95446E-01  5.94633E-01  1.37055E-03
    7399.012   1392.908  19.200  5.95154E-01  5.93099E-01  3.46865E-03
    7406.336   1400.232  19.250  5.94186E-01  5.91566E-01  4.43557E-03
    7413.680   1407.576  19.300  5.92429E-01  5.90032E-01  4.06756E-03
    7421.043   1414.939  19.350  5.89959E-01  5.88499E-01  2.48511E-03
    7428.425   1422.321  19.400  5.87022E-01  5.86965E-01  9.67853E-05
    7435.826   1429.722  19.450  5.83966E-01  5.85432E-01 -2.50706E-03
    7443.246   1437.142  19.500  5.81157E-01  5.83898E-01 -4.70241E-03
    7450.685   1444.581  19.550  5.78885E-01  5.82365E-01 -5.98374E-03
    7458.143   1452.039  19.600  5.77304E-01  5.80831E-01 -6.08182E-03
    7465.620   1459.516  19.650  5.76395E-01  5.79298E-01 -5.01842E-03
    7473.116   1467.012  19.700  5.75984E-01  5.77764E-01 -3.08636E-03
    7480.631   1474.527  19.750  5.75792E-01  5.76231E-01 -7.62560E-04
    7488.165   1482.061  19.800  5.75513E-01  5.74697E-01  1.42106E-03
    7495.719   1489.615  19.850  5.74889E-01  5.73164E-01  3.01389E-03
    7503.291   1497.187  19.900  5.73773E-01  5.71630E-01  3.75448E-03
    7510.882   1504.778  19.950  5.72159E-01  5.70097E-01  3.62310E-03
    7518.493   1512.389  20.000  5.70169E-01  5.68563E-01  2.82766E-03
