# # Once                                                         FEFF 9.6.4  
# # POT  SCF 100  5.0000   0, core-hole, AFOLP (folp(0)= 1.150)
# # Abs   Z=26 Rmt= 1.359 Rnm= 1.408 K  shell
# # Pot 1 Z=57 Rmt= 1.835 Rnm= 1.835
# # Pot 2 Z=14 Rmt= 1.347 Rnm= 1.399
# # Pot 3 Z=26 Rmt= 1.362 Rnm= 1.414
# # Gam_ch=1.309E+00 H-L exch Vi= 0.000E+00 Vr= 0.000E+00
# # Mu=-1.686E+01 kf=2.108E+00 Vint=-2.588E+01 Rs_int= 1.720
# # PATH  Rmax= 8.000,  Keep_limit= 0.00, Heap_limit 0.00  Pwcrit= 2.50%
#  S02=1.000  Temp=   0.00  Debye_temp=   0.00  Global_sig2= 0.00000
#  Energy zero shift, vr, vi    0.00000E+00   0.00000E+00
#  Curved wave amplitude ratio filter   4.000%
#     file         sig2 tot  cw amp ratio   deg  nlegs   reff  inp sig2
#           1       0.00000    100.00      1.00     2   2.4453
#           2       0.00000     99.47      1.00     2   2.4519
#           3       0.00000     98.78      1.00     2   2.4605
#           4       0.00000     98.17      1.00     2   2.4682
#           5       0.00000     96.51      1.00     2   2.4894
#           6       0.00000     95.07      1.00     2   2.5219
#           7       0.00000     92.41      1.00     2   2.5441
#           8       0.00000    176.60      2.00     2   2.6018
#           9       0.00000     88.17      1.00     2   2.6038
#          10       0.00000     81.67      1.00     2   3.3109
#          11       0.00000     80.65      1.00     2   3.3314
#          12       0.00000     50.03      1.00     2   3.3867
#          13       0.00000      7.87      2.00     3   3.6995
#          14       0.00000     10.32      2.00     3   3.7097
#          15       0.00000      7.64      2.00     3   3.7212
#          16       0.00000      9.60      2.00     3   3.7222
#          17       0.00000      7.92      2.00     3   3.7295
#          18       0.00000     10.28      2.00     3   3.7395
#          19       0.00000      9.58      2.00     3   3.7563
#          20       0.00000      9.38      2.00     3   3.7571
#          21       0.00000      9.52      2.00     3   3.7571
#          22       0.00000     18.51      4.00     3   3.7691
#          23       0.00000      9.35      2.00     3   3.7777
#          24       0.00000      8.11      2.00     3   3.8749
#          25       0.00000     36.51      1.00     2   3.8802
#          26       0.00000     31.88      1.00     2   4.1063
#          27       0.00000     24.23      1.00     2   4.1094
#          28       0.00000      7.90      2.00     3   4.1231
#          29       0.00000      7.62      2.00     3   4.1399
#          30       0.00000     23.54      1.00     2   4.1501
#          31       0.00000     30.92      1.00     2   4.1583
#          32       0.00000     30.73      1.00     2   4.1690
#          33       0.00000     30.51      1.00     2   4.1811
#          34       0.00000     30.47      1.00     2   4.1832
#          35       0.00000     60.73      2.00     2   4.1894
#          36       0.00000     30.30      1.00     2   4.1931
#          37       0.00000     30.11      1.00     2   4.2038
#          38       0.00000     29.72      1.00     2   4.2263
#          39       0.00000     29.09      1.00     2   4.2637
#          40       0.00000      9.59      2.00     3   4.3858
#          41       0.00000      9.47      2.00     3   4.3907
#          42       0.00000      6.11      2.00     3   4.4045
#          43       0.00000      6.06      2.00     3   4.4088
#          44       0.00000     25.61      1.00     2   4.4887
#          45       0.00000      7.04      2.00     3   4.4933
#          46       0.00000     25.53      1.00     2   4.4941
#          47       0.00000     18.47      1.00     2   4.5046
#          48       0.00000     25.31      1.00     2   4.5100
#          49       0.00000      6.92      2.00     3   4.5136
#          50       0.00000     10.50      2.00     3   4.5167
#          51       0.00000      4.55      2.00     3   4.5389
#          52       0.00000     24.61      1.00     2   4.5609
#          53       0.00000     19.53      4.00     3   4.5634
#          54       0.00000      8.81      2.00     3   4.5644
#          55       0.00000      4.90      2.00     3   4.5661
#          56       0.00000      9.24      2.00     3   4.5819
#          57       0.00000      9.48      2.00     3   4.5815
#          58       0.00000     14.19      2.00     3   4.5835
#          59       0.00000      9.05      2.00     3   4.5883
#          60       0.00000     24.18      1.00     2   4.5929
#          61       0.00000      5.28      2.00     3   4.5930
#          62       0.00000      9.07      2.00     3   4.5936
#          63       0.00000     24.12      1.00     2   4.5973
#          64       0.00000      9.17      2.00     3   4.5975
#          65       0.00000      8.94      2.00     3   4.6035
#          66       0.00000      8.73      2.00     3   4.6102
#          67       0.00000      5.93      2.00     3   4.6187
#          68       0.00000      8.64      2.00     3   4.6276
#          69       0.00000      8.46      2.00     3   4.6327
#          70       0.00000      9.24      2.00     3   4.6344
#          71       0.00000     12.43      2.00     3   4.6351
#          72       0.00000      5.52      2.00     3   4.6362
#          73       0.00000      5.87      2.00     3   4.6400
#          74       0.00000      8.75      2.00     3   4.6400
#          75       0.00000     23.55      1.00     2   4.6413
#          76       0.00000      5.81      2.00     3   4.6443
#          77       0.00000      8.67      2.00     3   4.6443
#          78       0.00000      6.04      2.00     3   4.6554
#          79       0.00000      8.90      2.00     3   4.6554
#          80       0.00000     11.11      2.00     3   4.6671
#          81       0.00000     14.70      2.00     3   4.6811
#          82       0.00000      7.37      2.00     3   4.6924
#          83       0.00000     14.22      2.00     3   4.7009
#          84       0.00000     22.38      2.00     3   4.7129
#          85       0.00000     11.24      2.00     3   4.7294
#          86       0.00000     14.38      2.00     3   4.7541
#          87       0.00000     11.07      2.00     3   4.7582
#          88       0.00000     12.41      2.00     3   4.7793
#          89       0.00000     10.51      2.00     3   4.7994
#          90       0.00000     12.09      2.00     3   4.8130
#          91       0.00000      9.73      2.00     3   4.8442
#          92       0.00000     12.45      2.00     3   4.8442
#          93       0.00000     21.04      1.00     2   4.8509
#          94       0.00000     39.02      2.00     3   4.8717
#          95       0.00000     21.46      2.00     3   4.8897
#          96       0.00000      5.84      1.00     4   4.8906
#          97       0.00000     20.57      1.00     4   4.8925
#          98       0.00000      5.77      1.00     4   4.9038
#         100       0.00000     16.05      2.00     4   4.9135
#         102       0.00000     20.32      1.00     2   4.9169
#         103       0.00000      5.69      1.00     4   4.9211
#         104       0.00000     52.53      2.00     3   4.9368
#         105       0.00000      5.61      1.00     4   4.9364
#         106       0.00000      5.31      1.00     4   4.9371
#         107       0.00000     20.10      1.00     2   4.9379
#         108       0.00000     50.98      2.00     3   4.9379
#         109       0.00000     41.45      1.00     4   4.9379
#         111       0.00000     19.94      1.00     2   4.9524
#         112       0.00000     33.49      1.00     4   4.9567
#         113       0.00000     19.47      2.00     3   4.9720
#         114       0.00000      5.41      1.00     4   4.9789
#         115       0.00000     33.61      2.00     3   4.9794
#         117       0.00000     13.01      2.00     4   5.0046
#         118       0.00000     15.48      1.00     4   5.0064
#         119       0.00000     18.68      2.00     3   5.0212
#         120       0.00000     19.18      1.00     2   5.0273
#         121       0.00000     19.17      1.00     2   5.0288
#         122       0.00000     19.16      1.00     2   5.0294
#         125       0.00000     35.63      2.00     3   5.0483
#         126       0.00000     12.16      2.00     4   5.0557
#         127       0.00000     18.47      2.00     3   5.0600
#         128       0.00000     29.68      2.00     3   5.0600
#         129       0.00000     27.27      2.00     3   5.0653
#         130       0.00000     19.11      1.00     4   5.0673
#         131       0.00000      6.01      4.00     4   5.0700
#         132       0.00000     18.59      1.00     2   5.0878
#         133       0.00000      4.94      1.00     4   5.0882
#         134       0.00000     12.46      2.00     4   5.0912
#         135       0.00000     12.61      1.00     4   5.0912
#         136       0.00000     10.20      1.00     4   5.1034
#         137       0.00000     30.82      2.00     3   5.1159
#         138       0.00000     29.41      1.00     2   5.1239
#         139       0.00000     13.85      1.00     4   5.1440
#         140       0.00000     28.84      1.00     2   5.1634
#         141       0.00000      9.00      2.00     4   5.2036
#         142       0.00000      4.49      1.00     4   5.2076
#         143       0.00000     16.55      1.00     2   5.3181
#         144       0.00000      4.84      2.00     3   5.3441
#         145       0.00000     16.24      1.00     2   5.3550
#         146       0.00000     16.08      1.00     2   5.3760
#         147       0.00000      4.90      2.00     3   5.3869
#         148       0.00000     10.51      1.00     2   5.4202
#         149       0.00000      8.93      2.00     3   5.4469
#         150       0.00000      5.64      2.00     3   5.4571
#         151       0.00000      4.79      2.00     3   5.4583
#         152       0.00000      5.91      2.00     3   5.4867
#         153       0.00000      4.42      2.00     3   5.4882
#         154       0.00000      8.61      2.00     3   5.4930
#         155       0.00000      4.41      2.00     3   5.5126
#         156       0.00000     13.44      2.00     3   5.5244
#         157       0.00000      7.66      2.00     3   5.5389
#         158       0.00000      4.68      2.00     3   5.5483
#         159       0.00000      7.86      2.00     3   5.5483
#         161       0.00000      6.01      2.00     3   5.6186
#         162       0.00000     14.02      1.00     2   5.6565
#         163       0.00000      4.36      2.00     3   5.6718
#         164       0.00000      5.02      2.00     3   5.6718
#         165       0.00000      5.39      2.00     3   5.6946
#         166       0.00000     13.43      1.00     2   5.7469
#         167       0.00000     26.84      2.00     2   5.7483
#         168       0.00000      9.19      2.00     3   5.7559
#         169       0.00000      8.36      2.00     3   5.7565
#         170       0.00000     13.24      1.00     2   5.7770
#         171       0.00000      8.58      1.00     2   5.7850
#         172       0.00000     12.96      1.00     2   5.8214
#         173       0.00000     13.76      2.00     3   5.8276
#         174       0.00000     10.28      2.00     4   5.8328
#         176       0.00000      8.24      1.00     2   5.8592
#         177       0.00000     12.56      1.00     2   5.8888
#         178       0.00000     20.42      1.00     2   5.8932
#         179       0.00000     42.88      2.00     3   5.8937
#         180       0.00000     28.69      1.00     4   5.8942
#         181       0.00000      8.01      1.00     2   5.9112
#         182       0.00000      9.16      2.00     3   5.9133
#         183       0.00000     20.10      1.00     2   5.9276
#         184       0.00000     18.16      2.00     3   5.9304
#         185       0.00000     40.49      2.00     3   5.9304
#         186       0.00000     12.45      2.00     4   5.9332
#         187       0.00000     25.72      1.00     4   5.9332
#         188       0.00000      7.79      2.00     3   5.9347
#         189       0.00000      7.81      1.00     2   5.9597
#         190       0.00000      4.16      2.00     3   5.9808
#         192       0.00000     23.84      2.00     2   6.0011
#         193       0.00000      7.60      1.00     2   6.0108
#         194       0.00000     11.85      1.00     2   6.0136
#         195       0.00000     11.85      1.00     2   6.0148
#         196       0.00000     11.79      1.00     2   6.0251
#         197       0.00000     11.78      1.00     2   6.0264
#         200       0.00000     11.67      1.00     2   6.0481
#         201       0.00000      5.96      2.00     3   6.1017
#         202       0.00000     11.26      1.00     2   6.1246
#         203       0.00000     10.17      4.00     3   6.1646
#         204       0.00000      4.45      2.00     3   6.1698
#         205       0.00000      5.54      2.00     3   6.1700
#         206       0.00000     11.03      1.00     2   6.1718
#         207       0.00000      5.61      2.00     3   6.1736
#         208       0.00000     10.91      1.00     2   6.1949
#         209       0.00000      8.98      2.00     3   6.1999
#         210       0.00000      8.40      2.00     3   6.2040
#         211       0.00000     10.86      1.00     2   6.2054
#         212       0.00000     16.80      4.00     3   6.2055
#         213       0.00000      5.22      2.00     3   6.2056
#         214       0.00000      4.85      2.00     3   6.2178
#         215       0.00000     10.79      1.00     2   6.2206
#         216       0.00000      9.03      2.00     3   6.2301
#         217       0.00000     10.05      2.00     3   6.2401
#         218       0.00000     10.63      1.00     2   6.2525
#         219       0.00000      8.02      2.00     3   6.2727
#         220       0.00000      6.63      1.00     2   6.2742
#         221       0.00000      7.57      2.00     3   6.2931
#         222       0.00000     10.43      1.00     2   6.2948
#         223       0.00000      5.93      2.00     3   6.2989
#         226       0.00000     11.96      2.00     3   6.3149
#         227       0.00000      7.81      2.00     3   6.3168
#         228       0.00000      6.74      2.00     3   6.3220
#         233       0.00000     10.26      1.00     2   6.3317
#         234       0.00000     20.49      2.00     2   6.3348
#         237       0.00000     10.19      2.00     3   6.3369
#         238       0.00000      5.93      2.00     3   6.3368
#         240       0.00000      7.73      2.00     3   6.3552
#         241       0.00000      4.79      2.00     3   6.3606
#         242       0.00000      6.29      2.00     3   6.3672
#         243       0.00000      5.73      2.00     3   6.3672
#         244       0.00000     10.10      1.00     2   6.3679
#         245       0.00000      4.86      2.00     3   6.3780
#         246       0.00000      9.99      1.00     2   6.3909
#         247       0.00000      4.00      2.00     3   6.3947
#         250       0.00000      9.91      1.00     2   6.4094
#         253       0.00000      4.45      1.00     4   6.4244
#         254       0.00000      9.81      1.00     2   6.4325
#         255       0.00000      9.79      1.00     2   6.4367
#         256       0.00000      4.28      2.00     3   6.4373
#         260       0.00000      4.40      2.00     3   6.4401
#         261       0.00000     16.25      2.00     3   6.4431
#         262       0.00000      9.75      1.00     2   6.4461
#         264       0.00000      5.19      2.00     3   6.4501
#         265       0.00000      4.23      2.00     3   6.4573
#         266       0.00000      4.62      2.00     3   6.4597
#         267       0.00000      5.03      2.00     3   6.4653
#         268       0.00000      4.90      2.00     3   6.4653
#         269       0.00000      9.67      1.00     2   6.4660
#         270       0.00000     11.18      2.00     3   6.4666
#         272       0.00000      5.07      2.00     3   6.4684
#         274       0.00000      9.62      1.00     2   6.4770
#         275       0.00000      9.62      1.00     2   6.4783
#         276       0.00000     16.65      2.00     3   6.4785
#         277       0.00000      9.60      1.00     2   6.4815
#         280       0.00000     12.65      2.00     3   6.4870
#         281       0.00000      5.53      2.00     3   6.4939
#         283       0.00000      6.15      2.00     3   6.4993
#         284       0.00000      4.28      2.00     3   6.4996
#         285       0.00000      4.57      2.00     3   6.4996
#         287       0.00000      5.56      2.00     3   6.5119
#         288       0.00000      9.47      1.00     2   6.5141
#         289       0.00000      5.68      2.00     3   6.5178
#         290       0.00000     11.98      2.00     3   6.5220
#         291       0.00000      4.95      2.00     3   6.5241
#         292       0.00000      7.26      1.00     4   6.5246
#         294       0.00000      4.42      1.00     4   6.5280
#         295       0.00000      6.04      2.00     3   6.5291
#         296       0.00000      5.30      2.00     3   6.5301
#         297       0.00000      8.05      2.00     3   6.5323
#         298       0.00000      9.37      1.00     2   6.5371
#         299       0.00000      9.34      1.00     2   6.5452
#         300       0.00000      4.78      2.00     3   6.5490
#         302       0.00000     24.33      2.00     3   6.5527
#         304       0.00000      4.97      2.00     4   6.5583
#         305       0.00000     17.72      2.00     3   6.5635
#         306       0.00000      9.26      1.00     2   6.5648
#         307       0.00000     16.19      2.00     3   6.5651
#         310       0.00000      9.24      1.00     2   6.5689
#         311       0.00000      6.18      2.00     3   6.5764
#         312       0.00000     14.00      2.00     3   6.5858
#         313       0.00000     16.04      1.00     4   6.5914
#         314       0.00000      8.09      1.00     4   6.5914
#         318       0.00000      6.36      1.00     4   6.6069
#         319       0.00000     23.68      2.00     3   6.6075
#         320       0.00000      9.04      1.00     2   6.6198
#         322       0.00000      9.01      1.00     2   6.6277
#         324       0.00000      7.78      2.00     3   6.6329
#         326       0.00000     14.28      2.00     3   6.6375
#         327       0.00000     16.84      2.00     3   6.6453
#         328       0.00000     15.57      1.00     4   6.6462
#         329       0.00000      5.01      2.00     4   6.6536
#         330       0.00000      8.91      1.00     2   6.6549
#         331       0.00000      6.83      1.00     4   6.6552
#         334       0.00000     10.14      1.00     4   6.6610
#         335       0.00000      8.88      1.00     2   6.6614
#         337       0.00000      8.85      1.00     2   6.6684
#         338       0.00000     16.90      2.00     3   6.6722
#         339       0.00000     12.79      2.00     3   6.6796
#         340       0.00000      5.41      1.00     2   6.6847
#         341       0.00000     12.73      2.00     3   6.6859
#         342       0.00000     14.33      2.00     3   6.6919
#         343       0.00000      7.14      2.00     3   6.6935
#         344       0.00000      8.57      1.00     4   6.6934
#         345       0.00000      8.75      1.00     2   6.6963
#         346       0.00000      9.44      2.00     3   6.7018
#         347       0.00000      5.33      1.00     4   6.7043
#         348       0.00000      5.40      1.00     4   6.7103
#   300/ 341 paths used
#  xsedge+50, used to normalize mu           3.1905E-04
#  -----------------------------------------------------------------------
#  omega    e    k    mu    mu0     chi     @#
    7120.584    -16.846   0.050  3.14748E-01  3.16337E-01 -2.86473E-03
    7120.613    -16.818   0.100  3.21757E-01  3.21920E-01 -2.92239E-04
    7120.660    -16.770   0.150  3.42023E-01  3.38357E-01  6.55769E-03
    7120.727    -16.703   0.200  3.62107E-01  3.54795E-01  1.30117E-02
    7120.813    -16.617   0.250  3.91391E-01  3.79803E-01  2.04428E-02
    7120.918    -16.513   0.300  4.19716E-01  4.04812E-01  2.60685E-02
    7121.041    -16.389   0.350  4.47944E-01  4.32592E-01  2.65405E-02
    7121.184    -16.246   0.400  4.73649E-01  4.60372E-01  2.26902E-02
    7121.346    -16.084   0.450  4.89610E-01  4.85656E-01  6.66246E-03
    7121.527    -15.903   0.500  5.01342E-01  5.10940E-01 -1.59458E-02
    7121.727    -15.703   0.550  4.98718E-01  5.32487E-01 -5.51891E-02
    7121.946    -15.484   0.600  4.91274E-01  5.54034E-01 -1.00930E-01
    7122.184    -15.246   0.650  4.69509E-01  5.72809E-01 -1.63176E-01
    7122.442    -14.989   0.700  4.44541E-01  5.91583E-01 -2.28222E-01
    7122.718    -14.713   0.750  4.07213E-01  6.08729E-01 -3.06895E-01
    7123.013    -14.417   0.800  3.70944E-01  6.25874E-01 -3.81083E-01
    7123.327    -14.103   0.850  3.28824E-01  6.42088E-01 -4.59268E-01
    7123.661    -13.770   0.900  2.98570E-01  6.58301E-01 -5.17429E-01
    7124.013    -13.417   0.950  2.90431E-01  6.73941E-01 -5.40986E-01
    7124.385    -13.046   1.000  2.99055E-01  6.89581E-01 -5.40453E-01
    7124.775    -12.655   1.050  3.21040E-01  7.04729E-01 -5.20959E-01
    7125.185    -12.246   1.100  3.55374E-01  7.19877E-01 -4.85731E-01
    7125.613    -11.817   1.150  4.00511E-01  7.34499E-01 -4.36999E-01
    7126.061    -11.369   1.200  4.52169E-01  7.49121E-01 -3.81622E-01
    7126.528    -10.903   1.250  5.08586E-01  7.63101E-01 -3.21503E-01
    7127.014    -10.417   1.300  5.62847E-01  7.77081E-01 -2.66079E-01
    7127.518     -9.912   1.350  6.12086E-01  7.90277E-01 -2.17829E-01
    7128.042     -9.388   1.400  6.53217E-01  8.03473E-01 -1.80833E-01
    7128.585     -8.845   1.450  6.84705E-01  8.15718E-01 -1.55423E-01
    7129.147     -8.283   1.500  7.10032E-01  8.27963E-01 -1.37933E-01
    7129.728     -7.702   1.550  7.30406E-01  8.39140E-01 -1.25568E-01
    7130.328     -7.102   1.600  7.53159E-01  8.50317E-01 -1.10797E-01
    7130.947     -6.483   1.650  7.80304E-01  8.60299E-01 -9.02251E-02
    7131.586     -5.845   1.700  8.16726E-01  8.70282E-01 -5.97489E-02
    7132.243     -5.188   1.750  8.62286E-01  8.78996E-01 -1.84692E-02
    7132.919     -4.511   1.800  9.13525E-01  8.87709E-01  2.82722E-02
    7133.614     -3.816   1.850  9.67191E-01  8.95118E-01  7.83350E-02
    7134.329     -3.102   1.900  1.01586E+00  9.02526E-01  1.22260E-01
    7135.062     -2.368   1.950  1.05443E+00  9.08550E-01  1.56433E-01
    7135.815     -1.616   2.000  1.07705E+00  9.14574E-01  1.73211E-01
    7136.586     -0.844   2.050  1.08195E+00  9.18742E-01  1.73360E-01
    7137.377     -0.054   2.100  1.06902E+00  9.22909E-01  1.54642E-01
    7138.186      0.756   2.150  1.04371E+00  9.27077E-01  1.22993E-01
    7139.015      1.585   2.200  1.01298E+00  9.31245E-01  8.58881E-02
    7139.863      2.432   2.250  9.78164E-01  9.32257E-01  4.82514E-02
    7140.730      3.299   2.300  9.50330E-01  9.33269E-01  1.79370E-02
    7141.615      4.185   2.350  9.33231E-01  9.34282E-01 -1.10471E-03
    7142.520      5.090   2.400  9.26994E-01  9.35294E-01 -8.73080E-03
    7143.444      6.014   2.450  9.30526E-01  9.38562E-01 -8.44292E-03
    7144.387      6.957   2.500  9.36711E-01  9.41830E-01 -5.37247E-03
    7145.349      7.919   2.550  9.42925E-01  9.45099E-01 -2.27844E-03
    7146.330      8.900   2.600  9.48350E-01  9.48367E-01 -1.72462E-05
    7147.330      9.900   2.650  9.51958E-01  9.52787E-01 -8.64425E-04
    7148.349     10.919   2.700  9.55139E-01  9.57207E-01 -2.14814E-03
    7149.388     11.957   2.750  9.58277E-01  9.61626E-01 -3.46736E-03
    7150.445     13.015   2.800  9.61550E-01  9.66046E-01 -4.63788E-03
    7151.521     14.091   2.850  9.61371E-01  9.68519E-01 -7.35222E-03
    7152.617     15.186   2.900  9.61414E-01  9.70991E-01 -9.82574E-03
    7153.731     16.301   2.950  9.62177E-01  9.73464E-01 -1.15488E-02
    7154.865     17.434   3.000  9.64118E-01  9.75936E-01 -1.20607E-02
    7156.017     18.587   3.050  9.64611E-01  9.77678E-01 -1.33063E-02
    7157.189     19.758   3.100  9.66882E-01  9.79419E-01 -1.27394E-02
    7158.379     20.949   3.150  9.71763E-01  9.81160E-01 -9.52910E-03
    7159.589     22.159   3.200  9.79817E-01  9.82902E-01 -3.12108E-03
    7160.818     23.387   3.250  9.88234E-01  9.83625E-01  4.65615E-03
    7162.065     24.635   3.300  9.99639E-01  9.84348E-01  1.54200E-02
    7163.332     25.902   3.350  1.01327E+00  9.85070E-01  2.83868E-02
    7164.618     27.188   3.400  1.02767E+00  9.85793E-01  4.20882E-02
    7165.923     28.493   3.450  1.04049E+00  9.86496E-01  5.42011E-02
    7167.247     29.817   3.500  1.05088E+00  9.87199E-01  6.38575E-02
    7168.590     31.160   3.550  1.05711E+00  9.87903E-01  6.93186E-02
    7169.952     32.522   3.600  1.05796E+00  9.88606E-01  6.93842E-02
    7171.333     33.903   3.650  1.05265E+00  9.88782E-01  6.38279E-02
    7172.733     35.303   3.700  1.04212E+00  9.88958E-01  5.30697E-02
    7174.153     36.722   3.750  1.02748E+00  9.89134E-01  3.82373E-02
    7175.591     38.161   3.800  1.01025E+00  9.89310E-01  2.08566E-02
    7177.048     39.618   3.850  9.92178E-01  9.89848E-01  2.31784E-03
    7178.525     41.094   3.900  9.74578E-01  9.90387E-01 -1.57158E-02
    7180.020     42.590   3.950  9.58513E-01  9.90925E-01 -3.21898E-02
    7181.534     44.104   4.000  9.44449E-01  9.91463E-01 -4.66473E-02
    7183.068     45.638   4.050  9.32276E-01  9.91882E-01 -5.90847E-02
    7184.621     47.190   4.100  9.22339E-01  9.92301E-01 -6.92827E-02
    7186.192     48.762   4.150  9.14643E-01  9.92720E-01 -7.72439E-02
    7187.783     50.353   4.200  9.09434E-01  9.93139E-01 -8.27315E-02
    7189.393     51.962   4.250  9.07777E-01  9.93617E-01 -8.47688E-02
    7191.021     53.591   4.300  9.10022E-01  9.94094E-01 -8.29522E-02
    7192.669     55.239   4.350  9.16603E-01  9.94572E-01 -7.68638E-02
    7194.336     56.906   4.400  9.27503E-01  9.95049E-01 -6.65318E-02
    7196.022     58.592   4.450  9.42624E-01  9.95621E-01 -5.21675E-02
    7197.727     60.297   4.500  9.60087E-01  9.96194E-01 -3.55178E-02
    7199.451     62.021   4.550  9.78184E-01  9.96766E-01 -1.82670E-02
    7201.194     63.764   4.600  9.95256E-01  9.97338E-01 -2.04579E-03
    7202.956     65.526   4.650  1.00989E+00  9.97671E-01  1.20034E-02
    7204.737     67.307   4.700  1.02172E+00  9.98005E-01  2.32763E-02
    7206.537     69.107   4.750  1.03123E+00  9.98338E-01  3.22727E-02
    7208.357     70.926   4.800  1.03956E+00  9.98671E-01  4.01046E-02
    7210.195     72.765   4.850  1.04783E+00  9.98866E-01  4.80210E-02
    7212.052     74.622   4.900  1.05725E+00  9.99061E-01  5.70699E-02
    7213.929     76.499   4.950  1.06796E+00  9.99256E-01  6.73791E-02
    7215.824     78.394   5.000  1.07907E+00  9.99451E-01  7.80817E-02
    7217.739     80.309   5.050  1.08858E+00  9.99363E-01  8.75130E-02
    7219.672     82.242   5.100  1.09447E+00  9.99275E-01  9.33900E-02
    7221.625     84.195   5.150  1.09463E+00  9.99187E-01  9.36563E-02
    7223.597     86.166   5.200  1.08772E+00  9.99099E-01  8.69823E-02
    7225.587     88.157   5.250  1.07292E+00  9.98723E-01  7.28762E-02
    7227.597     90.167   5.300  1.05170E+00  9.98347E-01  5.24398E-02
    7229.626     92.196   5.350  1.02598E+00  9.97971E-01  2.75488E-02
    7231.674     94.244   5.400  9.98162E-01  9.97595E-01  5.57188E-04
    7233.741     96.310   5.450  9.70319E-01  9.96932E-01 -2.62165E-02
    7235.827     98.396   5.500  9.44866E-01  9.96269E-01 -5.06852E-02
    7237.932    100.501   5.550  9.23188E-01  9.95606E-01 -7.14748E-02
    7240.056    102.625   5.600  9.06129E-01  9.94943E-01 -8.77409E-02
    7242.199    104.769   5.650  8.94155E-01  9.94004E-01 -9.87580E-02
    7244.361    106.931   5.700  8.87690E-01  9.93065E-01 -1.04346E-01
    7246.542    109.112   5.750  8.87060E-01  9.92126E-01 -1.04164E-01
    7248.743    111.312   5.800  8.92526E-01  9.91187E-01 -9.79292E-02
    7250.962    113.532   5.850  9.04129E-01  9.90097E-01 -8.54495E-02
    7253.200    115.770   5.900  9.21182E-01  9.89007E-01 -6.75102E-02
    7255.458    118.027   5.950  9.42387E-01  9.87917E-01 -4.53822E-02
    7257.734    120.304   6.000  9.65721E-01  9.86827E-01 -2.10671E-02
    7260.030    122.599   6.050  9.88659E-01  9.85645E-01  3.01284E-03
    7262.344    124.914   6.100  1.00837E+00  9.84464E-01  2.39286E-02
    7264.678    127.248   6.150  1.02273E+00  9.83283E-01  3.95544E-02
    7267.030    129.600   6.200  1.03065E+00  9.82101E-01  4.87484E-02
    7269.402    131.972   6.250  1.03225E+00  9.80920E-01  5.16176E-02
    7271.793    134.363   6.300  1.02886E+00  9.79739E-01  4.94720E-02
    7274.203    136.772   6.350  1.02265E+00  9.78557E-01  4.44748E-02
    7276.632    139.201   6.400  1.01607E+00  9.77376E-01  3.90807E-02
    7279.080    141.649   6.450  1.01121E+00  9.76195E-01  3.54167E-02
    7281.547    144.116   6.500  1.00933E+00  9.75013E-01  3.47702E-02
    7284.033    146.602   6.550  1.01043E+00  9.73974E-01  3.69848E-02
    7286.538    149.107   6.600  1.01380E+00  9.72936E-01  4.15120E-02
    7289.062    151.631   6.650  1.01778E+00  9.71897E-01  4.66764E-02
    7291.605    154.175   6.700  1.02033E+00  9.70858E-01  5.03926E-02
    7294.167    156.737   6.750  1.01949E+00  9.69819E-01  5.06616E-02
    7296.748    159.318   6.800  1.01384E+00  9.68780E-01  4.60227E-02
    7299.349    161.918   6.850  1.00281E+00  9.67741E-01  3.58709E-02
    7301.968    164.538   6.900  9.86803E-01  9.66702E-01  2.05860E-02
    7304.606    167.176   6.950  9.67093E-01  9.65663E-01  1.46645E-03
    7307.264    169.834   7.000  9.45631E-01  9.64624E-01 -1.95053E-02
    7309.940    172.510   7.050  9.24845E-01  9.63788E-01 -4.00432E-02
    7312.636    175.206   7.100  9.06734E-01  9.62952E-01 -5.78766E-02
    7315.351    177.920   7.150  8.93144E-01  9.62115E-01 -7.10956E-02
    7318.084    180.654   7.200  8.85285E-01  9.61279E-01 -7.84323E-02
    7320.837    183.407   7.250  8.83582E-01  9.60443E-01 -7.94256E-02
    7323.609    186.178   7.300  8.87671E-01  9.59606E-01 -7.44287E-02
    7326.400    188.969   7.350  8.96546E-01  9.58770E-01 -6.44609E-02
    7329.209    191.779   7.400  9.08823E-01  9.57934E-01 -5.09402E-02
    7332.038    194.608   7.450  9.23039E-01  9.57098E-01 -3.53710E-02
    7334.886    197.456   7.500  9.37920E-01  9.56261E-01 -1.90724E-02
    7337.753    200.323   7.550  9.52749E-01  9.55406E-01 -2.76652E-03
    7340.639    203.209   7.600  9.66589E-01  9.54552E-01  1.25501E-02
    7343.544    206.114   7.650  9.78958E-01  9.53697E-01  2.63710E-02
    7346.469    209.038   7.700  9.89450E-01  9.52842E-01  3.82676E-02
    7349.412    211.982   7.750  9.97583E-01  9.51987E-01  4.77256E-02
    7352.374    214.944   7.800  1.00273E+00  9.51133E-01  5.40814E-02
    7355.355    217.925   7.850  1.00422E+00  9.50278E-01  5.66116E-02
    7358.356    220.925   7.900  1.00154E+00  9.49423E-01  5.47626E-02
    7361.375    223.945   7.950  9.94604E-01  9.48568E-01  4.84417E-02
    7364.414    226.983   8.000  9.84014E-01  9.47714E-01  3.82485E-02
    7367.471    230.041   8.050  9.70893E-01  9.46703E-01  2.55217E-02
    7370.548    233.117   8.100  9.57348E-01  9.45692E-01  1.23135E-02
    7373.643    236.213   8.150  9.45335E-01  9.44681E-01  6.92000E-04
    7376.758    239.328   8.200  9.36465E-01  9.43670E-01 -7.63116E-03
    7379.892    242.461   8.250  9.31570E-01  9.42659E-01 -1.17611E-02
    7383.045    245.614   8.300  9.30455E-01  9.41648E-01 -1.18865E-02
    7386.216    248.786   8.350  9.31942E-01  9.40637E-01 -9.24648E-03
    7389.407    251.977   8.400  9.34195E-01  9.39626E-01 -5.78323E-03
    7392.617    255.187   8.450  9.35269E-01  9.38615E-01 -3.56760E-03
    7395.846    258.416   8.500  9.33700E-01  9.37605E-01 -4.16779E-03
    7399.094    261.664   8.550  9.28739E-01  9.36444E-01 -8.23443E-03
    7402.361    264.931   8.600  9.21159E-01  9.35283E-01 -1.51144E-02
    7405.647    268.217   8.650  9.12497E-01  9.34122E-01 -2.31683E-02
    7408.952    271.522   8.700  9.04774E-01  9.32961E-01 -3.02357E-02
    7412.277    274.846   8.750  8.99873E-01  9.31800E-01 -3.42883E-02
    7415.620    278.190   8.800  8.98981E-01  9.30640E-01 -3.40402E-02
    7418.982    281.552   8.850  9.02241E-01  9.29479E-01 -2.93220E-02
    7422.364    284.933   8.900  9.08741E-01  9.28318E-01 -2.11004E-02
    7425.764    288.334   8.950  9.16830E-01  9.27157E-01 -1.11438E-02
    7429.183    291.753   9.000  9.24653E-01  9.25996E-01 -1.45083E-03
    7432.622    295.192   9.050  9.30745E-01  9.24866E-01  6.35928E-03
    7436.079    298.649   9.100  9.34409E-01  9.23735E-01  1.15576E-02
    7439.556    302.126   9.150  9.35816E-01  9.22604E-01  1.43206E-02
    7443.052    305.621   9.200  9.35811E-01  9.21473E-01  1.55575E-02
    7446.566    309.136   9.250  9.35489E-01  9.20343E-01  1.64528E-02
    7450.100    312.670   9.300  9.35704E-01  9.19212E-01  1.79338E-02
    7453.653    316.223   9.350  9.36690E-01  9.18081E-01  2.02575E-02
    7457.225    319.795   9.400  9.37931E-01  9.16950E-01  2.28647E-02
    7460.816    323.385   9.450  9.38330E-01  9.15820E-01  2.45580E-02
    7464.426    326.995   9.500  9.36612E-01  9.14689E-01  2.39429E-02
    7468.055    330.624   9.550  9.31999E-01  9.13626E-01  2.00865E-02
    7471.703    334.273   9.600  9.24089E-01  9.12562E-01  1.26145E-02
    7475.370    337.940   9.650  9.13670E-01  9.11499E-01  2.37890E-03
    7479.056    341.626   9.700  9.02424E-01  9.10436E-01 -8.78551E-03
    7482.761    345.331   9.750  8.92519E-01  9.09372E-01 -1.85011E-02
    7486.486    349.055   9.800  8.86022E-01  9.08309E-01 -2.44914E-02
    7490.229    352.799   9.850  8.84304E-01  9.07246E-01 -2.52368E-02
    7493.991    356.561   9.900  8.87617E-01  9.06182E-01 -2.04440E-02
    7497.773    360.342   9.950  8.94968E-01  9.05119E-01 -1.11894E-02
    7501.573    364.143  10.000  9.04338E-01  9.04056E-01  3.12000E-04
    7505.393    367.962  10.050  9.13081E-01  9.02941E-01  1.12025E-02
    7509.231    371.801  10.100  9.18852E-01  9.01827E-01  1.88312E-02
    7513.089    375.658  10.150  9.19913E-01  9.00712E-01  2.12625E-02
    7516.965    379.535  10.200  9.15661E-01  8.99598E-01  1.78092E-02
    7520.861    383.431  10.250  9.06752E-01  8.98484E-01  9.17830E-03
    7524.776    387.346  10.300  8.94915E-01  8.97369E-01 -2.72760E-03
    7528.710    391.279  10.350  8.82514E-01  8.96255E-01 -1.52885E-02
    7532.663    395.232  10.400  8.71989E-01  8.95140E-01 -2.57902E-02
    7536.634    399.204  10.450  8.65304E-01  8.94026E-01 -3.20342E-02
    7540.625    403.195  10.500  8.63544E-01  8.92911E-01 -3.27931E-02
    7544.635    407.205  10.550  8.66737E-01  8.91797E-01 -2.80165E-02
    7548.665    411.234  10.600  8.73920E-01  8.90683E-01 -1.87629E-02
    7552.713    415.282  10.650  8.83415E-01  8.89568E-01 -6.89553E-03
    7556.780    419.349  10.700  8.93240E-01  8.88454E-01  5.36994E-03
    7560.866    423.436  10.750  9.01540E-01  8.87339E-01  1.59523E-02
    7564.971    427.541  10.800  9.06955E-01  8.86225E-01  2.33164E-02
    7569.096    431.665  10.850  9.08844E-01  8.85110E-01  2.67264E-02
    7573.239    435.809  10.900  9.07321E-01  8.83996E-01  2.62980E-02
    7577.401    439.971  10.950  9.03129E-01  8.82881E-01  2.28555E-02
    7581.583    444.152  11.000  8.97380E-01  8.81767E-01  1.76451E-02
    7585.783    448.353  11.050  8.91083E-01  8.80443E-01  1.20426E-02
    7590.003    452.573  11.100  8.85299E-01  8.79120E-01  7.00495E-03
    7594.241    456.811  11.150  8.80525E-01  8.77796E-01  3.09830E-03
    7598.499    461.069  11.200  8.76803E-01  8.76472E-01  3.75917E-04
    7602.776    465.345  11.250  8.73812E-01  8.75148E-01 -1.52194E-03
    7607.072    469.641  11.300  8.71060E-01  8.73825E-01 -3.15318E-03
    7611.386    473.956  11.350  8.68110E-01  8.72501E-01 -5.01533E-03
    7615.720    478.290  11.400  8.64772E-01  8.71177E-01 -7.32654E-03
    7620.073    482.643  11.450  8.61197E-01  8.69853E-01 -9.91709E-03
    7624.445    487.015  11.500  8.57838E-01  8.68530E-01 -1.22679E-02
    7628.836    491.406  11.550  8.55297E-01  8.67206E-01 -1.36850E-02
    7633.246    495.816  11.600  8.54106E-01  8.65882E-01 -1.35539E-02
    7637.675    500.245  11.650  8.54506E-01  8.64559E-01 -1.15868E-02
    7642.123    504.693  11.700  8.56326E-01  8.63235E-01 -7.97573E-03
    7646.591    509.160  11.750  8.58977E-01  8.61911E-01 -3.39210E-03
    7651.077    513.647  11.800  8.61605E-01  8.60587E-01  1.17796E-03
    7655.582    518.152  11.850  8.63329E-01  8.59264E-01  4.71542E-03
    7660.107    522.676  11.900  8.63517E-01  8.57940E-01  6.47827E-03
    7664.650    527.220  11.950  8.61977E-01  8.56616E-01  6.23618E-03
    7669.212    531.782  12.000  8.59023E-01  8.55292E-01  4.34716E-03
    7673.794    536.364  12.050  8.55367E-01  8.53977E-01  1.62191E-03
    7678.394    540.964  12.100  8.51900E-01  8.52662E-01 -8.90563E-04
    7683.014    545.584  12.150  8.49407E-01  8.51347E-01 -2.27040E-03
    7687.653    550.222  12.200  8.48298E-01  8.50031E-01 -2.03208E-03
    7692.310    554.880  12.250  8.48473E-01  8.48716E-01 -2.85547E-04
    7696.987    559.557  12.300  8.49362E-01  8.47401E-01  2.30564E-03
    7701.683    564.253  12.350  8.50126E-01  8.46086E-01  4.75881E-03
    7706.398    568.968  12.400  8.49960E-01  8.44770E-01  6.12155E-03
    7711.132    573.701  12.450  8.48379E-01  8.43455E-01  5.81628E-03
    7715.885    578.454  12.500  8.45401E-01  8.42140E-01  3.85893E-03
    7720.657    583.226  12.550  8.41560E-01  8.40824E-01  8.71874E-04
    7725.448    588.017  12.600  8.37724E-01  8.39509E-01 -2.11850E-03
    7730.258    592.828  12.650  8.34800E-01  8.38194E-01 -4.03383E-03
    7735.087    597.657  12.700  8.33413E-01  8.36879E-01 -4.12584E-03
    7739.935    602.505  12.750  8.33672E-01  8.35563E-01 -2.25539E-03
    7744.803    607.372  12.800  8.35112E-01  8.34248E-01  1.03164E-03
    7749.689    612.258  12.850  8.36832E-01  8.32933E-01  4.66317E-03
    7754.594    617.164  12.900  8.37783E-01  8.31618E-01  7.38588E-03
    7759.519    622.088  12.950  8.37122E-01  8.30302E-01  8.18224E-03
    7764.462    627.032  13.000  8.34495E-01  8.28987E-01  6.61912E-03
    7769.425    631.994  13.050  8.30064E-01  8.27609E-01  2.95548E-03
    7774.406    636.976  13.100  8.24732E-01  8.26231E-01 -1.80724E-03
    7779.407    641.976  13.150  8.19634E-01  8.24853E-01 -6.30303E-03
    7784.426    646.996  13.200  8.15845E-01  8.23475E-01 -9.23172E-03
    7789.465    652.035  13.250  8.14025E-01  8.22097E-01 -9.78235E-03
    7794.523    657.092  13.300  8.14212E-01  8.20719E-01 -7.89964E-03
    7799.600    662.169  13.350  8.15801E-01  8.19341E-01 -4.30428E-03
    7804.695    667.265  13.400  8.17750E-01  8.17963E-01 -2.59382E-04
    7809.810    672.380  13.450  8.18913E-01  8.16585E-01  2.84075E-03
    7814.944    677.514  13.500  8.18418E-01  8.15207E-01  3.92506E-03
    7820.097    682.667  13.550  8.15949E-01  8.13829E-01  2.59619E-03
    7825.269    687.839  13.600  8.11851E-01  8.12451E-01 -7.35255E-04
    7830.460    693.030  13.650  8.07025E-01  8.11073E-01 -4.97347E-03
    7835.671    698.240  13.700  8.02647E-01  8.09695E-01 -8.67527E-03
    7840.900    703.470  13.750  7.99806E-01  8.08317E-01 -1.04939E-02
    7846.148    708.718  13.800  7.99175E-01  8.06939E-01 -9.58949E-03
    7851.415    713.985  13.850  8.00808E-01  8.05561E-01 -5.88112E-03
    7856.702    719.271  13.900  8.04126E-01  8.04183E-01 -6.98967E-05
    7862.007    724.577  13.950  8.08093E-01  8.02805E-01  6.56587E-03
    7867.332    729.901  14.000  8.11503E-01  8.01427E-01  1.25325E-02
    7872.675    735.245  14.050  8.13275E-01  7.99972E-01  1.65763E-02
    7878.038    740.607  14.100  8.12808E-01  7.98518E-01  1.78395E-02
    7883.419    745.989  14.150  8.10021E-01  7.97063E-01  1.62067E-02
    7888.820    751.390  14.200  8.05367E-01  7.95609E-01  1.22280E-02
    7894.240    756.809  14.250  7.99661E-01  7.94154E-01  6.91227E-03
    7899.678    762.248  14.300  7.93828E-01  7.92700E-01  1.41923E-03
    7905.136    767.706  14.350  7.88664E-01  7.91245E-01 -3.25345E-03
    7910.613    773.183  14.400  7.84644E-01  7.89791E-01 -6.49743E-03
    7916.109    778.679  14.450  7.81868E-01  7.88337E-01 -8.18115E-03
    7921.624    784.194  14.500  7.80104E-01  7.86882E-01 -8.58895E-03
    7927.158    789.728  14.550  7.78931E-01  7.85428E-01 -8.24812E-03
    7932.711    795.281  14.600  7.77912E-01  7.83973E-01 -7.70914E-03
    7938.283    800.853  14.650  7.76750E-01  7.82519E-01 -7.35212E-03
    7943.874    806.444  14.700  7.75365E-01  7.81064E-01 -7.27652E-03
    7949.484    812.054  14.750  7.73902E-01  7.79610E-01 -7.30086E-03
    7955.114    817.683  14.800  7.72645E-01  7.78155E-01 -7.06232E-03
    7960.762    823.332  14.850  7.71891E-01  7.76701E-01 -6.17625E-03
    7966.429    828.999  14.900  7.71827E-01  7.75246E-01 -4.39981E-03
    7972.116    834.685  14.950  7.72437E-01  7.73792E-01 -1.74660E-03
    7977.821    840.391  15.000  7.73486E-01  7.72337E-01  1.48280E-03
    7983.546    846.115  15.050  7.74584E-01  7.70899E-01  4.76814E-03
    7989.289    851.859  15.100  7.75244E-01  7.69460E-01  7.49894E-03
    7995.052    857.621  15.150  7.75048E-01  7.68021E-01  9.12716E-03
    8000.833    863.403  15.200  7.73746E-01  7.66582E-01  9.32359E-03
    8006.634    869.204  15.250  7.71335E-01  7.65143E-01  8.07364E-03
    8012.454    875.024  15.300  7.68062E-01  7.63704E-01  5.69317E-03
    8018.293    880.862  15.350  7.64373E-01  7.62265E-01  2.75903E-03
    8024.151    886.720  15.400  7.60804E-01  7.60826E-01 -2.98536E-05
    8030.027    892.597  15.450  7.57845E-01  7.59388E-01 -2.02690E-03
    8035.923    898.493  15.500  7.55819E-01  7.57949E-01 -2.80380E-03
    8041.838    904.408  15.550  7.54793E-01  7.56510E-01 -2.26418E-03
    8047.772    910.342  15.600  7.54562E-01  7.55071E-01 -6.72621E-04
    8053.726    916.295  15.650  7.54699E-01  7.53632E-01  1.41251E-03
    8059.698    922.267  15.700  7.54672E-01  7.52193E-01  3.28865E-03
    8065.689    928.259  15.750  7.53991E-01  7.50754E-01  4.30314E-03
    8071.699    934.269  15.800  7.52348E-01  7.49315E-01  4.03907E-03
    8077.728    940.298  15.850  7.49704E-01  7.47876E-01  2.43928E-03
    8083.777    946.346  15.900  7.46310E-01  7.46438E-01 -1.69955E-04
    8089.844    952.414  15.950  7.42636E-01  7.44999E-01 -3.16602E-03
    8095.931    958.500  16.000  7.39235E-01  7.43560E-01 -5.80528E-03
    8102.036    964.606  16.050  7.36536E-01  7.42066E-01 -7.43767E-03
    8108.161    970.730  16.100  7.34845E-01  7.40571E-01 -7.71888E-03
    8114.304    976.874  16.150  7.34145E-01  7.39077E-01 -6.66124E-03
    8120.467    983.037  16.200  7.34165E-01  7.37583E-01 -4.62587E-03
    8126.649    989.218  16.250  7.34466E-01  7.36088E-01 -2.20079E-03
    8132.849    995.419  16.300  7.34579E-01  7.34594E-01 -1.99584E-05
    8139.069   1001.639  16.350  7.34143E-01  7.33100E-01  1.42144E-03
    8145.308   1007.878  16.400  7.32999E-01  7.31605E-01  1.90145E-03
    8151.566   1014.136  16.450  7.31221E-01  7.30111E-01  1.51784E-03
    8157.843   1020.413  16.500  7.29080E-01  7.28617E-01  6.35040E-04
    8164.139   1026.709  16.550  7.26940E-01  7.27123E-01 -2.50537E-04
    8170.454   1033.024  16.600  7.25132E-01  7.25628E-01 -6.83141E-04
    8176.788   1039.358  16.650  7.23843E-01  7.24134E-01 -4.01540E-04
    8183.141   1045.711  16.700  7.23058E-01  7.22640E-01  5.78238E-04
    8189.513   1052.083  16.750  7.22575E-01  7.21145E-01  1.98029E-03
    8195.905   1058.474  16.800  7.22086E-01  7.19651E-01  3.37991E-03
    8202.315   1064.885  16.850  7.21296E-01  7.18157E-01  4.36677E-03
    8208.744   1071.314  16.900  7.20032E-01  7.16662E-01  4.69762E-03
    8215.193   1077.762  16.950  7.18303E-01  7.15168E-01  4.37920E-03
    8221.660   1084.230  17.000  7.16280E-01  7.13674E-01  3.64908E-03
    8228.147   1090.716  17.050  7.14241E-01  7.12199E-01  2.86428E-03
    8234.652   1097.222  17.100  7.12385E-01  7.10724E-01  2.33450E-03
    8241.177   1103.746  17.150  7.10810E-01  7.09249E-01  2.19921E-03
    8247.720   1110.290  17.200  7.09440E-01  7.07775E-01  2.35122E-03
    8254.283   1116.853  17.250  7.08042E-01  7.06300E-01  2.46531E-03
    8260.865   1123.435  17.300  7.06319E-01  7.04825E-01  2.11894E-03
    8267.466   1130.035  17.350  7.04028E-01  7.03350E-01  9.62965E-04
    8274.086   1136.655  17.400  7.01089E-01  7.01875E-01 -1.11993E-03
    8280.724   1143.294  17.450  6.97647E-01  7.00400E-01 -3.92875E-03
    8287.382   1149.952  17.500  6.94055E-01  6.98926E-01 -6.96515E-03
    8294.059   1156.629  17.550  6.90780E-01  6.97451E-01 -9.55971E-03
    8300.755   1163.325  17.600  6.88272E-01  6.95976E-01 -1.10641E-02
    8307.470   1170.040  17.650  6.86827E-01  6.94501E-01 -1.10460E-02
    8314.205   1176.774  17.700  6.86494E-01  6.93026E-01 -9.42227E-03
    8320.958   1183.528  17.750  6.87065E-01  6.91552E-01 -6.48627E-03
    8327.730   1190.300  17.800  6.88129E-01  6.90077E-01 -2.82181E-03
    8334.521   1197.091  17.850  6.89199E-01  6.88602E-01  8.66570E-04
    8341.332   1203.901  17.900  6.89842E-01  6.87127E-01  3.94985E-03
    8348.161   1210.731  17.950  6.89790E-01  6.85652E-01  6.03389E-03
    8355.010   1217.579  18.000  6.88990E-01  6.84178E-01  7.03351E-03
    8361.877   1224.447  18.050  6.87581E-01  6.82696E-01  7.15507E-03
    8368.764   1231.333  18.100  6.85818E-01  6.81214E-01  6.75901E-03
    8375.669   1238.239  18.150  6.83956E-01  6.79732E-01  6.21519E-03
    8382.594   1245.164  18.200  6.82160E-01  6.78250E-01  5.76548E-03
    8389.538   1252.107  18.250  6.80460E-01  6.76768E-01  5.45649E-03
    8396.500   1259.070  18.300  6.78764E-01  6.75286E-01  5.15205E-03
    8403.482   1266.052  18.350  6.76911E-01  6.73804E-01  4.61308E-03
    8410.483   1273.053  18.400  6.74749E-01  6.72322E-01  3.61153E-03
    8417.503   1280.073  18.450  6.72206E-01  6.70840E-01  2.03788E-03
    8424.542   1287.111  18.500  6.69335E-01  6.69358E-01 -3.41978E-05
    8431.600   1294.169  18.550  6.66309E-01  6.67876E-01 -2.34698E-03
    8438.677   1301.246  18.600  6.63381E-01  6.66394E-01 -4.52201E-03
    8445.773   1308.343  18.650  6.60813E-01  6.64912E-01 -6.16680E-03
    8452.888   1315.458  18.700  6.58795E-01  6.63430E-01 -6.98987E-03
    8460.022   1322.592  18.750  6.57392E-01  6.61948E-01 -6.88583E-03
    8467.175   1329.745  18.800  6.56530E-01  6.60466E-01 -5.96249E-03
    8474.348   1336.917  18.850  6.56019E-01  6.58984E-01 -4.50223E-03
    8481.539   1344.109  18.900  6.55614E-01  6.57502E-01 -2.87281E-03
    8488.750   1351.319  18.950  6.55089E-01  6.56020E-01 -1.41989E-03
    8495.979   1358.549  19.000  6.54291E-01  6.54538E-01 -3.77378E-04
    8503.227   1365.797  19.050  6.53182E-01  6.53068E-01  1.74360E-04
    8510.495   1373.065  19.100  6.51795E-01  6.51598E-01  3.02344E-04
    8517.782   1380.351  19.150  6.50248E-01  6.50129E-01  1.83349E-04
    8525.087   1387.657  19.200  6.48683E-01  6.48659E-01  3.71209E-05
    8532.412   1394.982  19.250  6.47227E-01  6.47189E-01  5.88432E-05
    8539.756   1402.325  19.300  6.45957E-01  6.45719E-01  3.68711E-04
    8547.118   1409.688  19.350  6.44886E-01  6.44250E-01  9.88522E-04
    8554.500   1417.070  19.400  6.43965E-01  6.42780E-01  1.84566E-03
    8561.901   1424.471  19.450  6.43103E-01  6.41310E-01  2.79772E-03
    8569.321   1431.891  19.500  6.42185E-01  6.39840E-01  3.66811E-03
    8576.760   1439.330  19.550  6.41102E-01  6.38371E-01  4.28340E-03
    8584.218   1446.788  19.600  6.39768E-01  6.36901E-01  4.50642E-03
    8591.695   1454.265  19.650  6.38136E-01  6.35431E-01  4.26140E-03
    8599.191   1461.761  19.700  6.36209E-01  6.33962E-01  3.54932E-03
    8606.707   1469.276  19.750  6.34040E-01  6.32492E-01  2.45141E-03
    8614.241   1476.811  19.800  6.31727E-01  6.31022E-01  1.11904E-03
    8621.794   1484.364  19.850  6.29394E-01  6.29552E-01 -2.51040E-04
    8629.367   1491.936  19.900  6.27171E-01  6.28083E-01 -1.45391E-03
    8636.958   1499.528  19.950  6.25161E-01  6.26613E-01 -2.31995E-03
    8644.568   1507.138  20.000  6.23424E-01  6.25143E-01 -2.75421E-03
