# # Once                                                         FEFF 9.6.4  
# # POT  SCF 100  6.0000   0, core-hole, AFOLP (folp(0)= 1.150)
# # Abs   Z=57 Rmt= 1.828 Rnm= 1.828 L3 shell
# # Pot 1 Z=57 Rmt= 1.897 Rnm= 1.899
# # Pot 2 Z=14 Rmt= 1.349 Rnm= 1.400
# # Pot 3 Z=26 Rmt= 1.366 Rnm= 1.416
# # Gam_ch=3.160E+00 H-L exch Vi= 0.000E+00 Vr= 0.000E+00
# # Mu=-1.628E+01 kf=2.103E+00 Vint=-2.519E+01 Rs_int= 1.725
# # PATH  Rmax= 6.000,  Keep_limit= 0.00, Heap_limit 0.00  Pwcrit= 2.50%
#  S02=0.800  Temp=  20.00  Debye_temp= 370.00  Global_sig2= 0.00150
#  Energy zero shift, vr, vi    0.00000E+00   0.00000E+00
#  Curved wave amplitude ratio filter   4.000%
#     file         sig2 tot  cw amp ratio   deg  nlegs   reff  inp sig2
#           1       0.00393    100.00      6.00     2   3.3135
#           2       0.00393     49.73      3.00     2   3.3221
#           3       0.00393     49.66      3.00     2   3.3241
#           4       0.00394     49.17      3.00     2   3.3396
#           5       0.00394     48.76      3.00     2   3.3525
#           6       0.00394     48.47      3.00     2   3.3619
#           7       0.00569     56.99      3.00     2   3.3754
#          17       0.00389      6.16      1.00     2   4.9342
#          18       0.00389      6.15      1.00     2   4.9376
#          19       0.00389     18.27      3.00     2   4.9534
#          20       0.00389     18.26      3.00     2   4.9546
#          21       0.00388     16.89      3.00     2   5.0887
#          22       0.00560     14.20      3.00     2   5.0914
#          23       0.00388     16.66      3.00     2   5.1115
#          24       0.00388     16.56      3.00     2   5.1220
#          25       0.00388     16.46      3.00     2   5.1325
#          26       0.00388     16.30      3.00     2   5.1493
#          27       0.00388     16.06      3.00     2   5.1757
#          28       0.00388     16.04      3.00     2   5.1772
#          29       0.00455      6.56      6.00     3   5.3783
#          31       0.00405      4.09      6.00     3   5.4484
#          32       0.00405      4.24      6.00     3   5.4512
#          33       0.00405      4.15      6.00     3   5.4642
#          34       0.00404      4.20      6.00     3   5.5006
#          35       0.00441      8.32      6.00     3   5.5092
#          36       0.00451      6.53      6.00     3   5.5106
#          37       0.00286     14.30      3.00     2   5.7036
#          38       0.00286     14.13      3.00     2   5.7267
#          39       0.00389     21.67      6.00     2   5.8760
#          40       0.00389     24.75      6.00     3   5.8787
#          41       0.00561      8.36      3.00     2   5.8798
#          42       0.00389     23.98      6.00     3   5.8807
#          43       0.00390     17.23      3.00     4   5.8810
#          44       0.00561     19.05      6.00     3   5.8833
#          45       0.00391     16.09      3.00     4   5.8855
#          46       0.00562     12.28      3.00     4   5.8868
#          47       0.00389     10.76      3.00     2   5.8882
#          48       0.00389     24.33      6.00     3   5.8913
#          49       0.00389     10.73      3.00     2   5.8935
#          50       0.00389     10.73      3.00     2   5.8936
#          51       0.00389     24.95      6.00     3   5.8944
#          52       0.00390     16.75      3.00     4   5.8943
#          53       0.00389     17.75      3.00     4   5.8952
#          54       0.00390     30.81      6.00     3   5.8978
#          55       0.00389     10.70      3.00     2   5.8989
#          56       0.00393     22.43      3.00     4   5.9022
#          57       0.00389     23.22      6.00     3   5.9049
#          58       0.00389     10.65      3.00     2   5.9068
#          59       0.00389     24.06      6.00     3   5.9096
#          60       0.00391     15.25      3.00     4   5.9109
#          61       0.00390     16.57      3.00     4   5.9124
#    51/  61 paths used
#  xsedge+50, used to normalize mu           8.5219E-04
#  -----------------------------------------------------------------------
#  omega    e    k    mu    mu0     chi     @#
    5487.827    -16.267   0.050  9.09770E-01  1.21415E+00 -1.19837E-01
    5487.856    -16.238   0.100  9.18154E-01  1.22413E+00 -1.19285E-01
    5487.903    -16.191   0.150  9.43568E-01  1.25427E+00 -1.17640E-01
    5487.970    -16.124   0.200  9.69966E-01  1.28441E+00 -1.15725E-01
    5488.056    -16.038   0.250  1.01416E+00  1.33463E+00 -1.12616E-01
    5488.160    -15.933   0.300  1.06114E+00  1.38485E+00 -1.08843E-01
    5488.284    -15.810   0.350  1.12550E+00  1.45298E+00 -1.03980E-01
    5488.427    -15.667   0.400  1.19510E+00  1.52112E+00 -9.80558E-02
    5488.589    -15.505   0.450  1.27917E+00  1.60111E+00 -9.14823E-02
    5488.770    -15.324   0.500  1.37082E+00  1.68111E+00 -8.35593E-02
    5488.970    -15.124   0.550  1.47207E+00  1.76312E+00 -7.53919E-02
    5489.189    -14.905   0.600  1.58234E+00  1.84513E+00 -6.55732E-02
    5489.427    -14.667   0.650  1.69594E+00  1.91740E+00 -5.49562E-02
    5489.684    -14.409   0.700  1.81920E+00  1.98967E+00 -4.20730E-02
    5489.961    -14.133   0.750  1.93749E+00  2.04123E+00 -2.63749E-02
    5490.256    -13.838   0.800  2.06426E+00  2.09279E+00 -7.48138E-03
    5490.570    -13.524   0.850  2.17595E+00  2.11571E+00  1.66703E-02
    5490.904    -13.190   0.900  2.28991E+00  2.13864E+00  4.43268E-02
    5491.256    -12.838   0.950  2.37755E+00  2.13027E+00  7.74027E-02
    5491.627    -12.466   1.000  2.45394E+00  2.12190E+00  1.11544E-01
    5492.018    -12.076   1.050  2.48954E+00  2.08581E+00  1.45421E-01
    5492.428    -11.666   1.100  2.49713E+00  2.04973E+00  1.73698E-01
    5492.856    -11.238   1.150  2.45532E+00  1.99405E+00  1.91873E-01
    5493.304    -10.790   1.200  2.37859E+00  1.93837E+00  1.97197E-01
    5493.771    -10.323   1.250  2.26131E+00  1.87268E+00  1.85914E-01
    5494.256     -9.837   1.300  2.11879E+00  1.80698E+00  1.60035E-01
    5494.761     -9.333   1.350  1.95933E+00  1.73944E+00  1.19944E-01
    5495.285     -8.809   1.400  1.79493E+00  1.67190E+00  7.16033E-02
    5495.828     -8.266   1.450  1.63933E+00  1.60807E+00  1.92230E-02
    5496.390     -7.704   1.500  1.49694E+00  1.54424E+00 -3.08328E-02
    5496.971     -7.123   1.550  1.37904E+00  1.48727E+00 -7.40669E-02
    5497.571     -6.523   1.600  1.28181E+00  1.43030E+00 -1.06945E-01
    5498.190     -5.904   1.650  1.21137E+00  1.38142E+00 -1.27699E-01
    5498.828     -5.265   1.700  1.15861E+00  1.33253E+00 -1.36432E-01
    5499.486     -4.608   1.750  1.12641E+00  1.29189E+00 -1.34383E-01
    5500.162     -3.932   1.800  1.10368E+00  1.25125E+00 -1.24211E-01
    5500.857     -3.237   1.850  1.09402E+00  1.21971E+00 -1.08552E-01
    5501.572     -2.522   1.900  1.08586E+00  1.18818E+00 -9.07208E-02
    5502.305     -1.789   1.950  1.08724E+00  1.16679E+00 -7.19122E-02
    5503.057     -1.036   2.000  1.08539E+00  1.14540E+00 -5.53427E-02
    5503.829     -0.265   2.050  1.08630E+00  1.12973E+00 -4.08519E-02
    5504.620      0.526   2.100  1.08307E+00  1.11406E+00 -2.97336E-02
    5505.429      1.335   2.150  1.07669E+00  1.09838E+00 -2.12499E-02
    5506.258      2.164   2.200  1.06848E+00  1.08271E+00 -1.42298E-02
    5507.106      3.012   2.250  1.06187E+00  1.06856E+00 -6.80509E-03
    5507.972      3.878   2.300  1.05543E+00  1.05441E+00  1.05477E-03
    5508.858      4.764   2.350  1.04964E+00  1.04027E+00  9.88283E-03
    5509.763      5.669   2.400  1.04427E+00  1.02612E+00  1.94834E-02
    5510.687      6.593   2.450  1.04217E+00  1.01481E+00  2.97026E-02
    5511.630      7.536   2.500  1.03852E+00  1.00350E+00  3.84679E-02
    5512.592      8.498   2.550  1.03169E+00  9.92190E-01  4.38899E-02
    5513.573      9.479   2.600  1.02067E+00  9.80880E-01  4.47299E-02
    5514.573     10.479   2.650  1.01325E+00  9.74832E-01  4.32449E-02
    5515.592     11.498   2.700  1.00290E+00  9.68783E-01  3.84510E-02
    5516.630     12.537   2.750  9.90493E-01  9.62734E-01  3.13275E-02
    5517.688     13.594   2.800  9.77027E-01  9.56686E-01  2.29853E-02
    5518.764     14.670   2.850  9.67972E-01  9.57344E-01  1.19418E-02
    5519.859     15.766   2.900  9.59785E-01  9.58002E-01  1.99242E-03
    5520.974     16.880   2.950  9.53636E-01  9.58660E-01 -5.58039E-03
    5522.107     18.014   3.000  9.49720E-01  9.59318E-01 -1.06025E-02
    5523.260     19.166   3.050  9.46646E-01  9.62298E-01 -1.71476E-02
    5524.431     20.338   3.100  9.46887E-01  9.65278E-01 -1.99835E-02
    5525.622     21.528   3.150  9.50911E-01  9.68259E-01 -1.86964E-02
    5526.832     22.738   3.200  9.58160E-01  9.71239E-01 -1.39819E-02
    5528.060     23.967   3.250  9.67711E-01  9.75928E-01 -8.70530E-03
    5529.308     25.214   3.300  9.79206E-01  9.80618E-01 -1.48243E-03
    5530.575     26.481   3.350  9.91434E-01  9.85307E-01  6.37578E-03
    5531.861     27.767   3.400  1.00307E+00  9.89996E-01  1.34852E-02
    5533.166     29.072   3.450  1.01220E+00  9.93675E-01  1.89720E-02
    5534.490     30.396   3.500  1.01895E+00  9.97354E-01  2.19460E-02
    5535.833     31.739   3.550  1.02270E+00  1.00103E+00  2.18643E-02
    5537.195     33.101   3.600  1.02335E+00  1.00471E+00  1.86733E-02
    5538.576     34.482   3.650  1.01958E+00  1.00653E+00  1.30195E-02
    5539.976     35.882   3.700  1.01370E+00  1.00834E+00  5.32520E-03
    5541.395     37.302   3.750  1.00652E+00  1.01016E+00 -3.59782E-03
    5542.834     38.740   3.800  9.98925E-01  1.01197E+00 -1.28640E-02
    5544.291     40.197   3.850  9.89334E-01  1.01132E+00 -2.16708E-02
    5545.767     41.674   3.900  9.80965E-01  1.01067E+00 -2.92712E-02
    5547.263     43.169   3.950  9.74540E-01  1.01001E+00 -3.49535E-02
    5548.777     44.683   4.000  9.70677E-01  1.00936E+00 -3.81097E-02
    5550.311     46.217   4.050  9.68060E-01  1.00655E+00 -3.80342E-02
    5551.863     47.769   4.100  9.68943E-01  1.00375E+00 -3.44890E-02
    5553.435     49.341   4.150  9.73303E-01  1.00094E+00 -2.74684E-02
    5555.026     50.932   4.200  9.80743E-01  9.98136E-01 -1.73371E-02
    5556.635     52.541   4.250  9.89779E-01  9.94417E-01 -4.64457E-03
    5558.264     54.170   4.300  9.99731E-01  9.90698E-01  9.08792E-03
    5559.912     55.818   4.350  1.00918E+00  9.86978E-01  2.24377E-02
    5561.579     57.485   4.400  1.01674E+00  9.83259E-01  3.39993E-02
    5563.265     59.171   4.450  1.02104E+00  9.79579E-01  4.22985E-02
    5564.970     60.876   4.500  1.02153E+00  9.75898E-01  4.67672E-02
    5566.694     62.600   4.550  1.01812E+00  9.72218E-01  4.72713E-02
    5568.437     64.343   4.600  1.01123E+00  9.68537E-01  4.41673E-02
    5570.199     66.105   4.650  1.00232E+00  9.65821E-01  3.78956E-02
    5571.980     67.886   4.700  9.91564E-01  9.63104E-01  2.96481E-02
    5573.780     69.686   4.750  9.79682E-01  9.60387E-01  2.01704E-02
    5575.600     71.506   4.800  9.67125E-01  9.57670E-01  9.91762E-03
    5577.438     73.344   4.850  9.55365E-01  9.56245E-01 -9.25071E-04
    5579.295     75.201   4.900  9.43097E-01  9.54820E-01 -1.23403E-02
    5581.172     77.078   4.950  9.30312E-01  9.53394E-01 -2.43414E-02
    5583.067     78.973   5.000  9.17298E-01  9.51969E-01 -3.66280E-02
    5584.982     80.888   5.050  9.06116E-01  9.51825E-01 -4.82850E-02
    5586.915     82.821   5.100  8.96800E-01  9.51681E-01 -5.79711E-02
    5588.868     84.774   5.150  8.91048E-01  9.51538E-01 -6.38900E-02
    5590.839     86.746   5.200  8.90615E-01  9.51394E-01 -6.41913E-02
    5592.830     88.736   5.250  8.97972E-01  9.52207E-01 -5.72002E-02
    5594.840     90.746   5.300  9.12545E-01  9.53021E-01 -4.26294E-02
    5596.869     92.775   5.350  9.33537E-01  9.53834E-01 -2.13469E-02
    5598.917     94.823   5.400  9.58832E-01  9.54647E-01  4.39551E-03
    5600.984     96.890   5.450  9.85069E-01  9.55120E-01  3.14073E-02
    5603.069     98.976   5.500  1.00839E+00  9.55594E-01  5.52868E-02
    5605.175    101.081   5.550  1.02520E+00  9.56067E-01  7.22840E-02
    5607.299    103.205   5.600  1.03292E+00  9.56541E-01  7.97340E-02
    5609.442    105.348   5.650  1.03063E+00  9.57296E-01  7.64284E-02
    5611.604    107.510   5.700  1.01912E+00  9.58050E-01  6.35416E-02
    5613.785    109.691   5.750  1.00098E+00  9.58805E-01  4.38005E-02
    5615.985    111.892   5.800  9.79805E-01  9.59560E-01  2.09905E-02
    5618.205    114.111   5.850  9.59994E-01  9.60826E-01 -8.60401E-04
    5620.443    116.349   5.900  9.44207E-01  9.62093E-01 -1.84421E-02
    5622.700    118.607   5.950  9.34206E-01  9.63359E-01 -2.99788E-02
    5624.977    120.883   6.000  9.30108E-01  9.64626E-01 -3.53976E-02
    5627.272    123.179   6.050  9.27772E-01  9.62863E-01 -3.60332E-02
    5629.587    125.493   6.100  9.27790E-01  9.61100E-01 -3.42499E-02
    5631.921    127.827   6.150  9.27819E-01  9.59338E-01 -3.24498E-02
    5634.273    130.179   6.200  9.26325E-01  9.57575E-01 -3.22159E-02
    5636.645    132.551   6.250  9.23085E-01  9.55812E-01 -3.37843E-02
    5639.036    134.942   6.300  9.19251E-01  9.54049E-01 -3.59698E-02
    5641.446    137.352   6.350  9.16956E-01  9.52287E-01 -3.65689E-02
    5643.874    139.781   6.400  9.18566E-01  9.50524E-01 -3.31212E-02
    5646.322    142.229   6.450  9.25824E-01  9.48761E-01 -2.38042E-02
    5648.789    144.695   6.500  9.39117E-01  9.46998E-01 -8.19058E-03
    5651.275    147.181   6.550  9.57015E-01  9.45178E-01  1.23293E-02
    5653.780    149.687   6.600  9.76525E-01  9.43359E-01  3.46266E-02
    5656.304    152.211   6.650  9.93778E-01  9.41539E-01  5.46671E-02
    5658.848    154.754   6.700  1.00492E+00  9.39719E-01  6.83946E-02
    5661.410    157.316   6.750  1.00709E+00  9.37899E-01  7.27519E-02
    5663.991    159.897   6.800  9.99165E-01  9.36079E-01  6.64842E-02
    5666.591    162.498   6.850  9.82066E-01  9.34259E-01  5.05006E-02
    5669.211    165.117   6.900  9.58595E-01  9.32439E-01  2.76947E-02
    5671.849    167.755   6.950  9.32755E-01  9.30620E-01  2.26647E-03
    5674.507    170.413   7.000  9.08808E-01  9.28800E-01 -2.12695E-02
    5677.183    173.089   7.050  8.91038E-01  9.27708E-01 -3.90759E-02
    5679.879    175.785   7.100  8.80780E-01  9.26617E-01 -4.89235E-02
    5682.593    178.500   7.150  8.78235E-01  9.25525E-01 -5.05574E-02
    5685.327    181.233   7.200  8.81952E-01  9.24434E-01 -4.54908E-02
    5688.080    183.986   7.250  8.89413E-01  9.23342E-01 -3.63918E-02
    5690.852    186.758   7.300  8.97844E-01  9.22251E-01 -2.62211E-02
    5693.642    189.549   7.350  9.05011E-01  9.21159E-01 -1.73770E-02
    5696.452    192.358   7.400  9.09778E-01  9.20068E-01 -1.10908E-02
    5699.281    195.187   7.450  9.12276E-01  9.18976E-01 -7.23354E-03
    5702.129    198.035   7.500  9.13661E-01  9.17885E-01 -4.56753E-03
    5704.996    200.902   7.550  9.15899E-01  9.17047E-01 -1.24244E-03
    5707.882    203.788   7.600  9.20105E-01  9.16209E-01  4.22022E-03
    5710.787    206.693   7.650  9.26821E-01  9.15372E-01  1.24121E-02
    5713.711    209.618   7.700  9.35430E-01  9.14534E-01  2.26723E-02
    5716.655    212.561   7.750  9.44245E-01  9.13697E-01  3.31740E-02
    5719.617    215.523   7.800  9.50956E-01  9.12859E-01  4.14060E-02
    5722.598    218.504   7.850  9.53303E-01  9.12022E-01  4.49052E-02
    5725.599    221.505   7.900  9.49776E-01  9.11184E-01  4.20146E-02
    5728.618    224.524   7.950  9.40118E-01  9.10347E-01  3.24397E-02
    5731.656    227.563   8.000  9.25495E-01  9.09509E-01  1.74330E-02
    5734.714    230.620   8.050  9.07594E-01  9.08070E-01 -5.19554E-04
    5737.791    233.697   8.100  8.90079E-01  9.06631E-01 -1.81050E-02
    5740.886    236.792   8.150  8.75836E-01  9.05192E-01 -3.21594E-02
    5744.001    239.907   8.200  8.66943E-01  9.03753E-01 -4.03870E-02
    5747.135    243.041   8.250  8.64206E-01  9.02314E-01 -4.18743E-02
    5750.287    246.193   8.300  8.67055E-01  9.00874E-01 -3.72185E-02
    5753.459    249.365   8.350  8.73804E-01  8.99435E-01 -2.82513E-02
    5756.650    252.556   8.400  8.82187E-01  8.97996E-01 -1.74520E-02
    5759.860    255.766   8.450  8.90013E-01  8.96557E-01 -7.23460E-03
    5763.089    258.995   8.500  8.95733E-01  8.95118E-01  6.81590E-04
    5766.337    262.243   8.550  8.98451E-01  8.93340E-01  5.67251E-03
    5769.604    265.510   8.600  8.98899E-01  8.91562E-01  8.16077E-03
    5772.890    268.796   8.650  8.98119E-01  8.89785E-01  9.29243E-03
    5776.195    272.101   8.700  8.97343E-01  8.88007E-01  1.04324E-02
    5779.519    275.426   8.750  8.97481E-01  8.86229E-01  1.26032E-02
    5782.863    278.769   8.800  8.98766E-01  8.84451E-01  1.60703E-02
    5786.225    282.131   8.850  9.00631E-01  8.82674E-01  2.02066E-02
    5789.606    285.512   8.900  9.01888E-01  8.80896E-01  2.36765E-02
    5793.007    288.913   8.950  9.01125E-01  8.79118E-01  2.48786E-02
    5796.426    292.332   9.000  8.97202E-01  8.77340E-01  2.25056E-02
    5799.865    295.771   9.050  8.89945E-01  8.75820E-01  1.60400E-02
    5803.322    299.228   9.100  8.79563E-01  8.74299E-01  5.99144E-03
    5806.799    302.705   9.150  8.67466E-01  8.72778E-01 -6.05808E-03
    5810.295    306.201   9.200  8.55641E-01  8.71257E-01 -1.78486E-02
    5813.809    309.715   9.250  8.46154E-01  8.69736E-01 -2.70116E-02
    5817.343    313.249   9.300  8.40609E-01  8.68215E-01 -3.16905E-02
    5820.896    316.802   9.350  8.39721E-01  8.66694E-01 -3.10314E-02
    5824.468    320.374   9.400  8.43141E-01  8.65173E-01 -2.54029E-02
    5828.059    323.965   9.450  8.49562E-01  8.63653E-01 -1.62810E-02
    5831.669    327.575   9.500  8.57092E-01  8.62132E-01 -5.83594E-03
    5835.298    331.204   9.550  8.64071E-01  8.60903E-01  3.67392E-03
    5838.946    334.852   9.600  8.68696E-01  8.59675E-01  1.04805E-02
    5842.613    338.519   9.650  8.70228E-01  8.58447E-01  1.37105E-02
    5846.299    342.205   9.700  8.68854E-01  8.57219E-01  1.35635E-02
    5850.004    345.910   9.750  8.65534E-01  8.55990E-01  1.11441E-02
    5853.728    349.635   9.800  8.61633E-01  8.54762E-01  8.03643E-03
    5857.472    353.378   9.850  8.58449E-01  8.53534E-01  5.75846E-03
    5861.234    357.140   9.900  8.56792E-01  8.52306E-01  5.26570E-03
    5865.015    360.922   9.950  8.56739E-01  8.51077E-01  6.65540E-03
    5868.816    364.722  10.000  8.57626E-01  8.49849E-01  9.15834E-03
