# # Once                                                         FEFF 9.6.4  
# # POT  SCF 100  6.0000   0, core-hole, AFOLP (folp(0)= 1.150)
# # Abs   Z=50 Rmt= 1.596 Rnm= 1.641 K  shell
# # Pot 1 Z=41 Rmt= 1.539 Rnm= 1.611
# # Pot 2 Z=50 Rmt= 1.591 Rnm= 1.635
# # Gam_ch=1.050E+01 H-L exch Vi= 0.000E+00 Vr= 0.000E+00
# # Mu=-8.347E+00 kf=1.971E+00 Vint=-1.822E+01 Rs_int= 1.840
# # PATH  Rmax= 7.000,  Keep_limit= 0.00, Heap_limit 0.00  Pwcrit= 2.50%
#  S02=1.000  Temp=   0.00  Debye_temp=   0.00  Global_sig2= 0.00000
#  Energy zero shift, vr, vi    0.00000E+00   0.00000E+00
#  Curved wave amplitude ratio filter   4.000%
#     file         sig2 tot  cw amp ratio   deg  nlegs   reff  inp sig2
#           1       0.00000    100.00     12.00     2   2.9572
#           3       0.00000     19.05      8.00     2   4.5813
#           4       0.00000     21.31     12.00     2   4.7683
#           5       0.00000      5.70     24.00     3   5.1853
#           6       0.00000      8.55      6.00     2   5.2900
#           7       0.00000      5.56     24.00     3   5.6022
#           9       0.00000      7.42     12.00     4   5.9144
#          10       0.00000     18.33     24.00     2   6.0605
#          11       0.00000     21.04     48.00     3   6.1286
#          12       0.00000     11.46     24.00     4   6.1966
#    10/  12 paths used
#  xsedge+50, used to normalize mu           6.7480E-05
#  -----------------------------------------------------------------------
#  omega    e    k    mu    mu0     chi     @#
   29234.654     -8.337   0.050  4.76160E-01  6.22256E-01 -1.01933E-01
   29234.683     -8.309   0.100  4.77697E-01  6.23632E-01 -1.01907E-01
   29234.731     -8.261   0.150  4.82463E-01  6.27860E-01 -1.01784E-01
   29234.797     -8.194   0.200  4.87324E-01  6.32089E-01 -1.01594E-01
   29234.883     -8.109   0.250  4.95710E-01  6.39151E-01 -1.01074E-01
   29234.988     -8.004   0.300  5.04359E-01  6.46214E-01 -1.00363E-01
   29235.112     -7.880   0.350  5.16880E-01  6.56013E-01 -9.89787E-02
   29235.255     -7.737   0.400  5.29908E-01  6.65813E-01 -9.72155E-02
   29235.416     -7.575   0.450  5.47208E-01  6.78141E-01 -9.42919E-02
   29235.597     -7.394   0.500  5.65310E-01  6.90469E-01 -9.07467E-02
   29235.797     -7.194   0.550  5.88010E-01  7.04973E-01 -8.54692E-02
   29236.017     -6.975   0.600  6.11791E-01  7.19478E-01 -7.93118E-02
   29236.255     -6.737   0.650  6.40194E-01  7.35591E-01 -7.08720E-02
   29236.512     -6.480   0.700  6.69822E-01  7.51704E-01 -6.13662E-02
   29236.788     -6.204   0.750  7.03592E-01  7.68675E-01 -4.92342E-02
   29237.083     -5.908   0.800  7.38421E-01  7.85645E-01 -3.60636E-02
   29237.398     -5.594   0.850  7.76188E-01  8.02602E-01 -2.03713E-02
   29237.731     -5.261   0.900  8.14366E-01  8.19560E-01 -4.04585E-03
   29238.083     -4.908   0.950  8.53473E-01  8.35637E-01  1.40348E-02
   29238.455     -4.537   1.000  8.91794E-01  8.51715E-01  3.18641E-02
   29238.845     -4.146   1.050  9.28484E-01  8.66206E-01  5.00259E-02
   29239.255     -3.737   1.100  9.62808E-01  8.80698E-01  6.66477E-02
   29239.684     -3.308   1.150  9.92688E-01  8.93124E-01  8.16533E-02
   29240.131     -2.861   1.200  1.01872E+00  9.05550E-01  9.37835E-02
   29240.598     -2.394   1.250  1.03823E+00  9.15696E-01  1.02576E-01
   29241.084     -1.908   1.300  1.05305E+00  9.25841E-01  1.07594E-01
   29241.589     -1.403   1.350  1.06051E+00  9.33745E-01  1.08279E-01
   29242.112     -0.879   1.400  1.06357E+00  9.41649E-01  1.05182E-01
   29242.655     -0.336   1.450  1.05994E+00  9.47505E-01  9.79119E-02
   29243.217      0.226   1.500  1.05331E+00  9.53362E-01  8.78646E-02
   29243.798      0.807   1.550  1.04190E+00  9.57469E-01  7.48784E-02
   29244.398      1.407   1.600  1.02953E+00  9.61576E-01  6.08088E-02
   29245.018      2.026   1.650  1.01477E+00  9.64275E-01  4.55461E-02
   29245.656      2.664   1.700  1.00101E+00  9.66974E-01  3.09587E-02
   29246.313      3.321   1.750  9.86861E-01  9.68614E-01  1.67153E-02
   29246.989      3.997   1.800  9.75000E-01  9.70254E-01  4.37972E-03
   29247.685      4.693   1.850  9.63840E-01  9.71152E-01 -6.78951E-03
   29248.399      5.407   1.900  9.55422E-01  9.72049E-01 -1.55365E-02
   29249.132      6.141   1.950  9.47912E-01  9.72434E-01 -2.30325E-02
   29249.885      6.893   2.000  9.43210E-01  9.72819E-01 -2.79549E-02
   29250.656      7.665   2.050  9.39390E-01  9.73833E-01 -3.26068E-02
   29251.447      8.455   2.100  9.38979E-01  9.74847E-01 -3.40480E-02
   29252.257      9.265   2.150  9.41855E-01  9.75861E-01 -3.23683E-02
   29253.085     10.093   2.200  9.47621E-01  9.76875E-01 -2.79213E-02
   29253.933     10.941   2.250  9.55776E-01  9.78923E-01 -2.21622E-02
   29254.800     11.808   2.300  9.67717E-01  9.80971E-01 -1.27299E-02
   29255.686     12.694   2.350  9.81966E-01  9.83018E-01 -1.01384E-03
   29256.590     13.599   2.400  9.96332E-01  9.85066E-01  1.08894E-02
   29257.514     14.523   2.450  1.00447E+00  9.83268E-01  2.06357E-02
   29258.457     15.466   2.500  1.01158E+00  9.81470E-01  2.95159E-02
   29259.419     16.428   2.550  1.01650E+00  9.79673E-01  3.63514E-02
   29260.400     17.409   2.600  1.01799E+00  9.77875E-01  3.98811E-02
   29261.401     18.409   2.650  1.01716E+00  9.76762E-01  4.03779E-02
   29262.420     19.428   2.700  1.01310E+00  9.75649E-01  3.76259E-02
   29263.458     20.466   2.750  1.00556E+00  9.74536E-01  3.13432E-02
   29264.515     21.523   2.800  9.94565E-01  9.73422E-01  2.14750E-02
   29265.592     22.600   2.850  9.83123E-01  9.73521E-01  9.76746E-03
   29266.687     23.695   2.900  9.69638E-01  9.73620E-01 -4.05691E-03
   29267.801     24.809   2.950  9.54766E-01  9.73719E-01 -1.93384E-02
   29268.935     25.943   3.000  9.39456E-01  9.73818E-01 -3.51133E-02
   29270.087     27.095   3.050  9.26558E-01  9.74680E-01 -4.91358E-02
   29271.259     28.267   3.100  9.15900E-01  9.75542E-01 -6.08515E-02
   29272.449     29.458   3.150  9.08672E-01  9.76404E-01 -6.90529E-02
   29273.659     30.667   3.200  9.05903E-01  9.77266E-01 -7.26991E-02
   29274.888     31.896   3.250  9.09546E-01  9.78440E-01 -7.00364E-02
   29276.136     33.144   3.300  9.18290E-01  9.79615E-01 -6.22098E-02
   29277.402     34.411   3.350  9.31654E-01  9.80789E-01 -4.97404E-02
   29278.688     35.697   3.400  9.48664E-01  9.81964E-01 -3.36389E-02
   29279.993     37.001   3.450  9.68682E-01  9.83404E-01 -1.48382E-02
   29281.317     38.325   3.500  9.89002E-01  9.84844E-01  4.18112E-03
   29282.660     39.668   3.550  1.00797E+00  9.86285E-01  2.17579E-02
   29284.022     41.031   3.600  1.02415E+00  9.87725E-01  3.64607E-02
   29285.403     42.412   3.650  1.03632E+00  9.89143E-01  4.71123E-02
   29286.804     43.812   3.700  1.04382E+00  9.90561E-01  5.30636E-02
   29288.223     45.231   3.750  1.04668E+00  9.91979E-01  5.43775E-02
   29289.661     46.669   3.800  1.04542E+00  9.93397E-01  5.15939E-02
   29291.118     48.127   3.850  1.04031E+00  9.94579E-01  4.52663E-02
   29292.595     49.603   3.900  1.03289E+00  9.95761E-01  3.66751E-02
   29294.090     51.098   3.950  1.02428E+00  9.96943E-01  2.69472E-02
   29295.605     52.613   4.000  1.01547E+00  9.98125E-01  1.70652E-02
   29297.138     54.146   4.050  1.00670E+00  9.99118E-01  7.44666E-03
   29298.691     55.699   4.100  9.98912E-01  1.00011E+00 -1.17615E-03
   29300.262     57.271   4.150  9.92431E-01  1.00110E+00 -8.49997E-03
   29301.853     58.861   4.200  9.87400E-01  1.00210E+00 -1.43864E-02
   29303.463     60.471   4.250  9.82812E-01  1.00259E+00 -1.93428E-02
   29305.092     62.100   4.300  9.79845E-01  1.00309E+00 -2.27061E-02
   29306.739     63.748   4.350  9.78590E-01  1.00358E+00 -2.43926E-02
   29308.406     65.414   4.400  9.79075E-01  1.00408E+00 -2.43783E-02
   29310.092     67.100   4.450  9.80805E-01  1.00440E+00 -2.29908E-02
   29311.797     68.805   4.500  9.84401E-01  1.00471E+00 -1.97868E-02
   29313.521     70.529   4.550  9.89510E-01  1.00503E+00 -1.51130E-02
   29315.264     72.272   4.600  9.95603E-01  1.00535E+00 -9.48791E-03
   29317.026     74.034   4.650  1.00230E+00  1.00552E+00 -3.12767E-03
   29318.807     75.816   4.700  1.00899E+00  1.00568E+00  3.22019E-03
   29320.608     77.616   4.750  1.01496E+00  1.00584E+00  8.87918E-03
   29322.427     79.435   4.800  1.01970E+00  1.00600E+00  1.33287E-02
   29324.265     81.273   4.850  1.02327E+00  1.00591E+00  1.68850E-02
   29326.123     83.131   4.900  1.02514E+00  1.00582E+00  1.87958E-02
   29327.999     85.007   4.950  1.02521E+00  1.00573E+00  1.89482E-02
   29329.895     86.903   5.000  1.02349E+00  1.00564E+00  1.73622E-02
   29331.809     88.817   5.050  1.02077E+00  1.00568E+00  1.46694E-02
   29333.743     90.751   5.100  1.01632E+00  1.00573E+00  1.02905E-02
   29335.695     92.703   5.150  1.01031E+00  1.00578E+00  4.40851E-03
   29337.667     94.675   5.200  1.00316E+00  1.00583E+00 -2.59474E-03
   29339.658     96.666   5.250  9.95566E-01  1.00594E+00 -1.00865E-02
   29341.667     98.676   5.300  9.87917E-01  1.00606E+00 -1.76318E-02
   29343.696    100.704   5.350  9.81235E-01  1.00618E+00 -2.42354E-02
   29345.744    102.752   5.400  9.76602E-01  1.00629E+00 -2.88469E-02
   29347.811    104.819   5.450  9.74652E-01  1.00642E+00 -3.08625E-02
   29349.897    106.905   5.500  9.76193E-01  1.00655E+00 -2.94872E-02
   29352.002    109.010   5.550  9.81440E-01  1.00668E+00 -2.45136E-02
   29354.126    111.134   5.600  9.90048E-01  1.00681E+00 -1.62782E-02
   29356.269    113.277   5.650  1.00092E+00  1.00707E+00 -5.97821E-03
   29358.431    115.439   5.700  1.01294E+00  1.00733E+00  5.44328E-03
   29360.613    117.621   5.750  1.02467E+00  1.00759E+00  1.65753E-02
   29362.813    119.821   5.800  1.03472E+00  1.00785E+00  2.60736E-02
   29365.032    122.040   5.850  1.04193E+00  1.00819E+00  3.27363E-02
   29367.270    124.279   5.900  1.04588E+00  1.00853E+00  3.62365E-02
   29369.528    126.536   5.950  1.04655E+00  1.00886E+00  3.65524E-02
   29371.804    128.813   6.000  1.04437E+00  1.00920E+00  3.41006E-02
   29374.100    131.108   6.050  1.03982E+00  1.00935E+00  2.95450E-02
   29376.414    133.423   6.100  1.03398E+00  1.00950E+00  2.37382E-02
   29378.748    135.756   6.150  1.02749E+00  1.00965E+00  1.72998E-02
   29381.101    138.109   6.200  1.02073E+00  1.00980E+00  1.05960E-02
   29383.472    140.481   6.250  1.01378E+00  1.00995E+00  3.71288E-03
   29385.863    142.871   6.300  1.00652E+00  1.01010E+00 -3.46644E-03
   29388.273    145.281   6.350  9.98789E-01  1.01025E+00 -1.11072E-02
   29390.702    147.710   6.400  9.90547E-01  1.01039E+00 -1.92407E-02
   29393.150    150.158   6.450  9.82060E-01  1.01054E+00 -2.76114E-02
   29395.617    152.625   6.500  9.73959E-01  1.01069E+00 -3.56075E-02
   29398.103    155.111   6.550  9.67401E-01  1.01059E+00 -4.18832E-02
   29400.608    157.616   6.600  9.63278E-01  1.01049E+00 -4.58025E-02
   29403.132    160.140   6.650  9.62494E-01  1.01038E+00 -4.64842E-02
   29405.675    162.683   6.700  9.65665E-01  1.01028E+00 -4.33259E-02
   29408.237    165.246   6.750  9.72950E-01  1.01018E+00 -3.61671E-02
   29410.819    167.827   6.800  9.83968E-01  1.01007E+00 -2.53740E-02
   29413.419    170.427   6.850  9.97814E-01  1.00997E+00 -1.18209E-02
   29416.038    173.046   6.900  1.01318E+00  1.00987E+00  3.22681E-03
   29418.677    175.685   6.950  1.02857E+00  1.00976E+00  1.83014E-02
   29421.334    178.342   7.000  1.04247E+00  1.00966E+00  3.19501E-02
   29424.011    181.019   7.050  1.05316E+00  1.00932E+00  4.27195E-02
   29426.706    183.714   7.100  1.06017E+00  1.00897E+00  4.99282E-02
   29429.421    186.429   7.150  1.06312E+00  1.00863E+00  5.31726E-02
   29432.155    189.163   7.200  1.06199E+00  1.00828E+00  5.24483E-02
   29434.907    191.915   7.250  1.05714E+00  1.00794E+00  4.80794E-02
   29437.679    194.687   7.300  1.04913E+00  1.00759E+00  4.06207E-02
   29440.470    197.478   7.350  1.03868E+00  1.00725E+00  3.07611E-02
   29443.280    200.288   7.400  1.02656E+00  1.00690E+00  1.92480E-02
   29446.109    203.117   7.450  1.01354E+00  1.00656E+00  6.84203E-03
   29448.957    205.965   7.500  1.00040E+00  1.00621E+00 -5.70431E-03
   29451.824    208.832   7.550  9.88045E-01  1.00594E+00 -1.75672E-02
   29454.710    211.718   7.600  9.77086E-01  1.00567E+00 -2.80794E-02
   29457.615    214.623   7.650  9.68113E-01  1.00540E+00 -3.66536E-02
   29460.539    217.547   7.700  9.61614E-01  1.00513E+00 -4.28080E-02
   29463.482    220.490   7.750  9.57924E-01  1.00486E+00 -4.62061E-02
   29466.444    223.453   7.800  9.57191E-01  1.00460E+00 -4.66963E-02
   29469.426    226.434   7.850  9.59350E-01  1.00433E+00 -4.43361E-02
   29472.426    229.434   7.900  9.64128E-01  1.00406E+00 -3.93886E-02
   29475.445    232.454   7.950  9.71079E-01  1.00379E+00 -3.22888E-02
   29478.484    235.492   8.000  9.79647E-01  1.00352E+00 -2.35815E-02
   29481.541    238.550   8.050  9.89410E-01  1.00336E+00 -1.37847E-02
   29484.618    241.626   8.100  9.99671E-01  1.00320E+00 -3.48590E-03
   29487.714    244.722   8.150  1.00994E+00  1.00304E+00  6.83469E-03
   29490.828    247.836   8.200  1.01982E+00  1.00288E+00  1.67697E-02
   29493.962    250.970   8.250  1.02894E+00  1.00272E+00  2.59695E-02
   29497.115    254.123   8.300  1.03698E+00  1.00256E+00  3.41057E-02
   29500.287    257.295   8.350  1.04358E+00  1.00240E+00  4.08278E-02
   29503.477    260.486   8.400  1.04834E+00  1.00224E+00  4.57328E-02
   29506.687    263.696   8.450  1.05081E+00  1.00208E+00  4.83634E-02
   29509.916    266.924   8.500  1.05051E+00  1.00192E+00  4.82472E-02
   29513.164    270.172   8.550  1.04691E+00  1.00179E+00  4.48093E-02
   29516.431    273.440   8.600  1.03993E+00  1.00166E+00  3.80035E-02
   29519.717    276.726   8.650  1.02964E+00  1.00154E+00  2.79190E-02
   29523.023    280.031   8.700  1.01650E+00  1.00141E+00  1.49982E-02
   29526.347    283.355   8.750  1.00135E+00  1.00128E+00  6.75190E-05
   29529.690    286.698   8.800  9.85360E-01  1.00115E+00 -1.56958E-02
   29533.052    290.061   8.850  9.69974E-01  1.00103E+00 -3.08662E-02
   29536.434    293.442   8.900  9.56707E-01  1.00090E+00 -4.39342E-02
   29539.834    296.842   8.950  9.46960E-01  1.00077E+00 -5.35073E-02
   29543.254    300.262   9.000  9.41807E-01  1.00064E+00 -5.85146E-02
   29546.692    303.700   9.050  9.41850E-01  1.00046E+00 -5.82938E-02
   29550.150    307.158   9.100  9.47071E-01  1.00027E+00 -5.29223E-02
   29553.626    310.635   9.150  9.56819E-01  1.00008E+00 -4.30455E-02
   29557.122    314.130   9.200  9.69920E-01  9.99896E-01 -2.98289E-02
   29560.637    317.645   9.250  9.84856E-01  9.99710E-01 -1.47827E-02
   29564.170    321.179   9.300  9.99992E-01  9.99523E-01  4.66426E-04
   29567.723    324.731   9.350  1.01382E+00  9.99337E-01  1.44146E-02
   29571.295    328.303   9.400  1.02515E+00  9.99150E-01  2.58859E-02
   29574.886    331.894   9.450  1.03328E+00  9.98964E-01  3.41659E-02
   29578.496    335.504   9.500  1.03798E+00  9.98777E-01  3.90429E-02
   29582.125    339.133   9.550  1.03941E+00  9.98516E-01  4.07342E-02
   29585.773    342.781   9.600  1.03822E+00  9.98254E-01  3.98175E-02
   29589.440    346.448   9.650  1.03513E+00  9.97992E-01  3.70066E-02
   29593.126    350.135   9.700  1.03081E+00  9.97731E-01  3.29722E-02
   29596.832    353.840   9.750  1.02576E+00  9.97469E-01  2.82019E-02
   29600.556    357.564   9.800  1.02021E+00  9.97207E-01  2.29312E-02
   29604.299    361.307   9.850  1.01415E+00  9.96946E-01  1.71546E-02
   29608.061    365.070   9.900  1.00742E+00  9.96684E-01  1.07091E-02
   29611.843    368.851   9.950  9.99836E-01  9.96422E-01  3.40522E-03
   29615.643    372.652  10.000  9.91319E-01  9.96160E-01 -4.83034E-03
   29619.463    376.471  10.050  9.81957E-01  9.95907E-01 -1.39222E-02
   29623.301    380.310  10.100  9.72310E-01  9.95654E-01 -2.33019E-02
   29627.159    384.167  10.150  9.63166E-01  9.95401E-01 -3.21841E-02
   29631.036    388.044  10.200  9.55500E-01  9.95148E-01 -3.95945E-02
   29634.931    391.940  10.250  9.50322E-01  9.94895E-01 -4.45231E-02
   29638.846    395.854  10.300  9.48499E-01  9.94642E-01 -4.61021E-02
   29642.780    399.788  10.350  9.50586E-01  9.94389E-01 -4.37751E-02
   29646.733    403.741  10.400  9.56696E-01  9.94136E-01 -3.74241E-02
   29650.705    407.713  10.450  9.66447E-01  9.93883E-01 -2.74313E-02
   29654.696    411.704  10.500  9.78969E-01  9.93630E-01 -1.46617E-02
   29658.706    415.714  10.550  9.93009E-01  9.93377E-01 -3.67717E-04
   29662.735    419.743  10.600  1.00709E+00  9.93124E-01  1.39717E-02
   29666.783    423.791  10.650  1.01970E+00  9.92871E-01  2.68526E-02
   29670.850    427.858  10.700  1.02954E+00  9.92618E-01  3.69577E-02
   29674.936    431.944  10.750  1.03565E+00  9.92365E-01  4.33404E-02
   29679.041    436.050  10.800  1.03760E+00  9.92112E-01  4.55522E-02
   29683.166    440.174  10.850  1.03547E+00  9.91859E-01  4.36872E-02
   29687.309    444.317  10.900  1.02987E+00  9.91606E-01  3.83350E-02
   29691.472    448.480  10.950  1.02174E+00  9.91353E-01  3.04498E-02
   29695.653    452.661  11.000  1.01221E+00  9.91100E-01  2.11603E-02
   29699.854    456.862  11.050  1.00220E+00  9.90754E-01  1.14794E-02
   29704.073    461.081  11.100  9.92750E-01  9.90409E-01  2.34881E-03
   29708.312    465.320  11.150  9.84409E-01  9.90063E-01 -5.67418E-03
   29712.569    469.578  11.200  9.77366E-01  9.89718E-01 -1.24003E-02
   29716.846    473.854  11.250  9.71505E-01  9.89372E-01 -1.79431E-02
   29721.142    478.150  11.300  9.66556E-01  9.89027E-01 -2.25752E-02
   29725.457    482.465  11.350  9.62268E-01  9.88682E-01 -2.65453E-02
   29729.790    486.799  11.400  9.58584E-01  9.88336E-01 -2.99118E-02
   29734.143    491.152  11.450  9.55731E-01  9.87991E-01 -3.24452E-02
   29738.515    495.524  11.500  9.54215E-01  9.87645E-01 -3.36346E-02
   29742.906    499.915  11.550  9.54704E-01  9.87300E-01 -3.28075E-02
   29747.316    504.325  11.600  9.57819E-01  9.86954E-01 -2.93353E-02
   29751.745    508.754  11.650  9.63903E-01  9.86609E-01 -2.28701E-02
   29756.194    513.202  11.700  9.72823E-01  9.86263E-01 -1.35434E-02
   29760.661    517.669  11.750  9.83873E-01  9.85918E-01 -2.06116E-03
   29765.147    522.155  11.800  9.95831E-01  9.85573E-01  1.03447E-02
   29769.652    526.661  11.850  1.00715E+00  9.85227E-01  2.21107E-02
   29774.177    531.185  11.900  1.01624E+00  9.84882E-01  3.16434E-02
   29778.720    535.728  11.950  1.02183E+00  9.84536E-01  3.76535E-02
   29783.283    540.291  12.000  1.02324E+00  9.84191E-01  3.94371E-02
   29787.864    544.872  12.050  1.02046E+00  9.83809E-01  3.70276E-02
   29792.465    549.473  12.100  1.01423E+00  9.83427E-01  3.11360E-02
   29797.084    554.092  12.150  1.00583E+00  9.83045E-01  2.30384E-02
   29801.723    558.731  12.200  9.96710E-01  9.82662E-01  1.42084E-02
   29806.381    563.389  12.250  9.88167E-01  9.82280E-01  5.95586E-03
   29811.057    568.066  12.300  9.81042E-01  9.81898E-01 -8.66844E-04
   29815.753    572.761  12.350  9.75580E-01  9.81516E-01 -6.01101E-03
   29820.468    577.476  12.400  9.71470E-01  9.81134E-01 -9.79040E-03
   29825.202    582.210  12.450  9.68052E-01  9.80752E-01 -1.28703E-02
   29829.955    586.963  12.500  9.64632E-01  9.80370E-01 -1.59552E-02
   29834.727    591.735  12.550  9.60787E-01  9.79988E-01 -1.94743E-02
   29839.518    596.526  12.600  9.56576E-01  9.79606E-01 -2.33658E-02
   29844.328    601.336  12.650  9.52592E-01  9.79224E-01 -2.70313E-02
   29849.157    606.165  12.700  9.49810E-01  9.78842E-01 -2.94784E-02
   29854.005    611.014  12.750  9.49307E-01  9.78460E-01 -2.96134E-02
   29858.873    615.881  12.800  9.51906E-01  9.78078E-01 -2.65953E-02
   29863.759    620.767  12.850  9.57879E-01  9.77696E-01 -2.01452E-02
   29868.664    625.673  12.900  9.66781E-01  9.77314E-01 -1.07111E-02
   29873.589    630.597  12.950  9.77486E-01  9.76931E-01  5.64165E-04
   29878.532    635.540  13.000  9.88411E-01  9.76549E-01  1.20723E-02
   29883.495    640.503  13.050  9.97911E-01  9.76132E-01  2.21759E-02
   29888.476    645.484  13.100  1.00447E+00  9.75715E-01  2.92895E-02
   29893.477    650.485  13.150  1.00730E+00  9.75298E-01  3.26141E-02
   29898.497    655.505  13.200  1.00640E+00  9.74881E-01  3.21445E-02
   29903.535    660.543  13.250  1.00248E+00  9.74463E-01  2.85871E-02
   29908.593    665.601  13.300  9.96668E-01  9.74046E-01  2.30898E-02
   29913.670    670.678  13.350  9.90156E-01  9.73629E-01  1.68769E-02
   29918.766    675.774  13.400  9.83885E-01  9.73212E-01  1.09040E-02
   29923.881    680.889  13.450  9.78312E-01  9.72795E-01  5.63977E-03
   29929.015    686.023  13.500  9.73391E-01  9.72377E-01  1.03648E-03
   29934.168    691.176  13.550  9.68721E-01  9.71960E-01 -3.31371E-03
   29939.340    696.348  13.600  9.63827E-01  9.71543E-01 -7.89845E-03
   29944.531    701.539  13.650  9.58447E-01  9.71126E-01 -1.29845E-02
   29949.741    706.749  13.700  9.52746E-01  9.70709E-01 -1.84043E-02
   29954.970    711.978  13.750  9.47358E-01  9.70291E-01 -2.35086E-02
   29960.218    717.226  13.800  9.43248E-01  9.69874E-01 -2.73068E-02
   29965.486    722.494  13.850  9.41434E-01  9.69457E-01 -2.87530E-02
   29970.772    727.780  13.900  9.42652E-01  9.69040E-01 -2.70883E-02
   29976.077    733.086  13.950  9.47080E-01  9.68623E-01 -2.21252E-02
   29981.402    738.410  14.000  9.54212E-01  9.68206E-01 -1.43788E-02
   29986.745    743.754  14.050  9.62958E-01  9.67738E-01 -4.91384E-03
   29992.108    749.116  14.100  9.71819E-01  9.67270E-01  4.67882E-03
   29997.489    754.498  14.150  9.79274E-01  9.66803E-01  1.28351E-02
   30002.890    759.898  14.200  9.84197E-01  9.66335E-01  1.83919E-02
   30008.310    765.318  14.250  9.86123E-01  9.65868E-01  2.08679E-02
   30013.749    770.757  14.300  9.85328E-01  9.65400E-01  2.05416E-02
   30019.206    776.215  14.350  9.82680E-01  9.64933E-01  1.83033E-02
   30024.683    781.691  14.400  9.79324E-01  9.64465E-01  1.53322E-02
   30030.179    787.187  14.450  9.76299E-01  9.63998E-01  1.27006E-02
   30035.694    792.702  14.500  9.74212E-01  9.63530E-01  1.10344E-02
   30041.228    798.236  14.550  9.73063E-01  9.63063E-01  1.03351E-02
   30046.781    803.789  14.600  9.72283E-01  9.62595E-01  1.00181E-02
   30052.353    809.361  14.650  9.70974E-01  9.62127E-01  9.15238E-03
   30057.944    814.953  14.700  9.68250E-01  9.61660E-01  6.82186E-03
   30063.555    820.563  14.750  9.63594E-01  9.61192E-01  2.48757E-03
   30069.184    826.192  14.800  9.57091E-01  9.60725E-01 -3.76577E-03
   30074.832    831.840  14.850  9.49473E-01  9.60257E-01 -1.11810E-02
   30080.500    837.508  14.900  9.41961E-01  9.59790E-01 -1.84946E-02
   30086.186    843.194  14.950  9.35941E-01  9.59322E-01 -2.42668E-02
   30091.891    848.900  15.000  9.32591E-01  9.58855E-01 -2.72728E-02
   30097.616    854.624  15.050  9.32518E-01  9.58348E-01 -2.68386E-02
   30103.359    860.368  15.100  9.35748E-01  9.57842E-01 -2.29701E-02
   30109.122    866.130  15.150  9.41543E-01  9.57335E-01 -1.64284E-02
   30114.904    871.912  15.200  9.48720E-01  9.56829E-01 -8.43995E-03
   30120.704    877.713  15.250  9.55987E-01  9.56322E-01 -3.49399E-04
   30126.524    883.532  15.300  9.62269E-01  9.55816E-01  6.72534E-03
   30132.363    889.371  15.350  9.66940E-01  9.55309E-01  1.21282E-02
   30138.221    895.229  15.400  9.69875E-01  9.54802E-01  1.57259E-02
   30144.098    901.106  15.450  9.71339E-01  9.54296E-01  1.77922E-02
   30149.994    907.002  15.500  9.71761E-01  9.53789E-01  1.87725E-02
   30155.909    912.917  15.550  9.71487E-01  9.53283E-01  1.90261E-02
   30161.843    918.851  15.600  9.70605E-01  9.52776E-01  1.86456E-02
   30167.796    924.804  15.650  9.68919E-01  9.52270E-01  1.74221E-02
   30173.768    930.776  15.700  9.66058E-01  9.51763E-01  1.49673E-02
   30179.759    936.767  15.750  9.61704E-01  9.51257E-01  1.09451E-02
   30185.769    942.778  15.800  9.55824E-01  9.50750E-01  5.31920E-03
   30191.799    948.807  15.850  9.48829E-01  9.50244E-01 -1.48349E-03
   30197.847    954.855  15.900  9.41571E-01  9.49737E-01 -8.57019E-03
   30203.914    960.923  15.950  9.35175E-01  9.49231E-01 -1.47599E-02
   30210.001    967.009  16.000  9.30741E-01  9.48724E-01 -1.88956E-02
   30216.106    973.115  16.050  9.28973E-01  9.48193E-01 -2.02087E-02
   30222.231    979.239  16.100  9.30035E-01  9.47662E-01 -1.85445E-02
   30228.375    985.383  16.150  9.33362E-01  9.47131E-01 -1.44949E-02
   30234.537    991.545  16.200  9.37829E-01  9.46600E-01 -9.23908E-03
   30240.719    997.727  16.250  9.42077E-01  9.46069E-01 -4.20774E-03
   30246.920   1003.928  16.300  9.44921E-01  9.45538E-01 -6.50793E-04
   30253.139   1010.148  16.350  9.45721E-01  9.45007E-01  7.53411E-04
   30259.378   1016.386  16.400  9.44589E-01  9.44476E-01  1.18982E-04
   30265.636   1022.644  16.450  9.42358E-01  9.43945E-01 -1.67685E-03
   30271.913   1028.921  16.500  9.40317E-01  9.43414E-01 -3.27492E-03
   30278.209   1035.217  16.550  9.39776E-01  9.42883E-01 -3.28706E-03
   30284.524   1041.532  16.600  9.41614E-01  9.42352E-01 -7.81658E-04
   30290.858   1047.866  16.650  9.45931E-01  9.41821E-01  4.35339E-03
   30297.211   1054.220  16.700  9.51945E-01  9.41290E-01  1.12921E-02
   30303.584   1060.592  16.750  9.58151E-01  9.40759E-01  1.84447E-02
   30309.975   1066.983  16.800  9.62734E-01  9.40228E-01  2.38825E-02
   30316.385   1073.393  16.850  9.64080E-01  9.39697E-01  2.58909E-02
   30322.814   1079.823  16.900  9.61270E-01  9.39166E-01  2.34853E-02
   30329.263   1086.271  16.950  9.54374E-01  9.38635E-01  1.67325E-02
   30335.730   1092.739  17.000  9.44475E-01  9.38104E-01  6.77718E-03
   30342.217   1099.225  17.050  9.33409E-01  9.37554E-01 -4.41245E-03
   30348.722   1105.731  17.100  9.23254E-01  9.37003E-01 -1.46452E-02
   30355.247   1112.255  17.150  9.15812E-01  9.36452E-01 -2.20012E-02
   30361.791   1118.799  17.200  9.12161E-01  9.35901E-01 -2.53226E-02
   30368.353   1125.362  17.250  9.12437E-01  9.35351E-01 -2.44566E-02
   30374.935   1131.943  17.300  9.15878E-01  9.34800E-01 -2.02089E-02
   30381.536   1138.544  17.350  9.21118E-01  9.34249E-01 -1.40341E-02
   30388.156   1145.164  17.400  9.26620E-01  9.33699E-01 -7.57032E-03
   30394.795   1151.803  17.450  9.31124E-01  9.33148E-01 -2.16621E-03
   30401.453   1158.461  17.500  9.33956E-01  9.32597E-01  1.45503E-03
   30408.130   1165.138  17.550  9.35128E-01  9.32046E-01  3.30219E-03
   30414.826   1171.834  17.600  9.35205E-01  9.31496E-01  3.97742E-03
   30421.541   1178.549  17.650  9.35006E-01  9.30945E-01  4.35701E-03
   30428.275   1185.283  17.700  9.35248E-01  9.30394E-01  5.21133E-03
   30435.028   1192.036  17.750  9.36264E-01  9.29844E-01  6.89786E-03
   30441.800   1198.808  17.800  9.37878E-01  9.29293E-01  9.22978E-03
   30448.592   1205.600  17.850  9.39485E-01  9.28742E-01  1.15582E-02
   30455.402   1212.410  17.900  9.40295E-01  9.28191E-01  1.30306E-02
   30462.231   1219.240  17.950  9.39640E-01  9.27641E-01  1.29271E-02
   30469.080   1226.088  18.000  9.37249E-01  9.27090E-01  1.09511E-02
   30475.947   1232.955  18.050  9.33320E-01  9.26507E-01  7.34919E-03
   30482.834   1239.842  18.100  9.28643E-01  9.25924E-01  2.93503E-03
   30489.739   1246.748  18.150  9.24160E-01  9.25341E-01 -1.27587E-03
   30496.664   1253.672  18.200  9.20701E-01  9.24758E-01 -4.38503E-03
   30503.608   1260.616  18.250  9.18700E-01  9.24175E-01 -5.92122E-03
   30510.571   1267.579  18.300  9.18047E-01  9.23592E-01 -6.00038E-03
   30517.552   1274.560  18.350  9.18139E-01  9.23009E-01 -5.27360E-03
   30524.553   1281.561  18.400  9.18111E-01  9.22426E-01 -4.67515E-03
   30531.573   1288.581  18.450  9.17181E-01  9.21843E-01 -5.05442E-03
   30538.612   1295.620  18.500  9.14974E-01  9.21260E-01 -6.81989E-03
   30545.670   1302.678  18.550  9.11720E-01  9.20677E-01 -9.72421E-03
   30552.747   1309.755  18.600  9.08242E-01  9.20094E-01 -1.28758E-02
   30559.843   1316.851  18.650  9.05724E-01  9.19511E-01 -1.49879E-02
   30566.958   1323.966  18.700  9.05329E-01  9.18928E-01 -1.47940E-02
   30574.092   1331.101  18.750  9.07781E-01  9.18344E-01 -1.14996E-02
   30581.246   1338.254  18.800  9.13062E-01  9.17761E-01 -5.11922E-03
   30588.418   1345.426  18.850  9.20316E-01  9.17178E-01  3.41993E-03
   30595.609   1352.618  18.900  9.28016E-01  9.16595E-01  1.24564E-02
   30602.820   1359.828  18.950  9.34350E-01  9.16012E-01  2.00142E-02
   30610.049   1367.057  19.000  9.37718E-01  9.15429E-01  2.43432E-02
   30617.298   1374.306  19.050  9.37187E-01  9.14846E-01  2.44153E-02
   30624.565   1381.573  19.100  9.32730E-01  9.14263E-01  2.01952E-02
   30631.852   1388.860  19.150  9.25340E-01  9.13681E-01  1.27590E-02
   30639.157   1396.166  19.200  9.16696E-01  9.13098E-01  3.94076E-03
   30646.482   1403.490  19.250  9.08688E-01  9.12515E-01 -4.19338E-03
   30653.826   1410.834  19.300  9.02877E-01  9.11932E-01 -9.92802E-03
   30661.189   1418.197  19.350  9.00084E-01  9.11349E-01 -1.23597E-02
   30668.571   1425.579  19.400  9.00202E-01  9.10766E-01 -1.15984E-02
   30675.971   1432.980  19.450  9.02306E-01  9.10183E-01 -8.65396E-03
   30683.391   1440.400  19.500  9.05004E-01  9.09600E-01 -5.05304E-03
   30690.830   1447.839  19.550  9.06913E-01  9.09017E-01 -2.31523E-03
   30698.288   1455.297  19.600  9.07110E-01  9.08434E-01 -1.45847E-03
   30705.766   1462.774  19.650  9.05409E-01  9.07852E-01 -2.69057E-03
   30713.262   1470.270  19.700  9.02388E-01  9.07269E-01 -5.37950E-03
   30720.777   1477.785  19.750  8.99158E-01  9.06686E-01 -8.30329E-03
   30728.311   1485.319  19.800  8.96961E-01  9.06103E-01 -1.00899E-02
   30735.864   1492.873  19.850  8.96739E-01  9.05520E-01 -9.69769E-03
   30743.437   1500.445  19.900  8.98804E-01  9.04937E-01 -6.77823E-03
   30751.028   1508.036  19.950  9.02724E-01  9.04354E-01 -1.80307E-03
   30758.639   1515.647  20.000  9.07460E-01  9.03771E-01  4.08205E-03
