# # Once                                                         FEFF 9.6.4  
# # POT  SCF 100  6.0000   0, core-hole, AFOLP (folp(0)= 1.150)
# # Abs   Z=26 Rmt= 1.409 Rnm= 1.478 L3 shell
# # Pot 1 Z=26 Rmt= 1.405 Rnm= 1.465
# # Pot 2 Z=14 Rmt= 1.373 Rnm= 1.434
# # Pot 3 Z=57 Rmt= 1.933 Rnm= 1.947
# # Gam_ch=4.170E-01 H-L exch Vi= 0.000E+00 Vr= 0.000E+00
# # Mu=-1.513E+01 kf=1.979E+00 Vint=-2.264E+01 Rs_int= 1.833
# # PATH  Rmax= 6.000,  Keep_limit= 0.00, Heap_limit 0.00  Pwcrit= 2.50%
#  S02=0.800  Temp=  20.00  Debye_temp= 370.00  Global_sig2= 0.00150
#  Energy zero shift, vr, vi    0.00000E+00   0.00000E+00
#  Curved wave amplitude ratio filter   4.000%
#     file         sig2 tot  cw amp ratio   deg  nlegs   reff  inp sig2
#           1       0.00427    100.00      7.00     2   2.4817
#           2       0.00570     18.98      1.00     2   2.4817
#           3       0.00465     19.36     16.00     3   3.7636
#           4       0.00503     26.04      6.00     2   3.9599
#           5       0.00677      9.52      2.00     2   3.9599
#           6       0.00505      9.85     16.00     3   4.5130
#           7       0.00503     12.66     12.00     3   4.6066
#           8       0.00493     15.51      5.00     2   4.8049
#           9       0.00493     20.20      8.00     3   4.8375
#          11       0.00497      9.33      2.00     3   4.8375
#          12       0.00504     12.59      4.00     4   4.8701
#          13       0.00519      6.36      1.00     4   4.8701
#          14       0.00491      9.10      4.00     3   4.9633
#          15       0.00491     10.41      4.00     4   4.9633
#          16       0.01257     12.50      7.00     4   4.9633
#          17       0.00390     16.55      4.00     2   4.9796
#          18       0.00409     16.63     20.00     3   5.3978
#          19       0.00453      5.50      4.00     3   5.3978
#          20       0.00486     15.24      7.00     2   5.7104
#          21       0.00487      8.58      4.00     2   5.7500
#          22       0.00490      9.66     12.00     3   5.7849
#          23       0.00498      4.22      2.00     3   5.7849
#    22/  23 paths used
#  xsedge+50, used to normalize mu           9.1393E-03
#  -----------------------------------------------------------------------
#  omega    e    k    mu    mu0     chi     @#
     712.608    -15.135   0.000  1.33780E+01  2.91853E+00  1.40491E+00
     712.618    -15.125   0.050  1.34005E+01  3.09408E+00  1.40919E+00
     712.646    -15.097   0.100  1.33983E+01  3.26963E+00  1.41019E+00
     712.694    -15.049   0.150  1.32571E+01  3.65300E+00  1.40515E+00
     712.761    -14.983   0.200  1.29745E+01  4.03637E+00  1.37778E+00
     712.846    -14.897   0.250  1.22077E+01  4.20525E+00  1.32722E+00
     712.951    -14.792   0.300  1.12915E+01  4.37414E+00  1.24153E+00
     713.075    -14.668   0.350  1.00759E+01  4.24528E+00  1.14197E+00
     713.218    -14.525   0.400  8.81869E+00  4.11643E+00  1.01343E+00
     713.380    -14.363   0.450  7.63108E+00  3.86312E+00  8.91133E-01
     713.561    -14.182   0.500  6.48608E+00  3.60982E+00  7.53622E-01
     713.761    -13.982   0.550  5.54173E+00  3.34552E+00  6.30923E-01
     713.980    -13.763   0.600  4.66407E+00  3.08122E+00  5.03241E-01
     714.218    -13.525   0.650  3.97003E+00  2.85045E+00  3.88259E-01
     714.475    -13.268   0.700  3.34063E+00  2.61969E+00  2.74974E-01
     714.751    -12.992   0.750  2.85784E+00  2.43276E+00  1.75496E-01
     715.047    -12.697   0.800  2.43394E+00  2.24584E+00  8.46345E-02
     715.361    -12.382   0.850  2.08444E+00  2.09959E+00 -7.31247E-03
     715.694    -12.049   0.900  1.77223E+00  1.95334E+00 -9.43104E-02
     716.047    -11.696   0.950  1.54295E+00  1.84060E+00 -1.64780E-01
     716.418    -11.325   1.000  1.38227E+00  1.72785E+00 -2.04215E-01
     716.809    -10.934   1.050  1.28669E+00  1.64147E+00 -2.20909E-01
     717.218    -10.525   1.100  1.24108E+00  1.55508E+00 -2.06622E-01
     717.647    -10.096   1.150  1.23240E+00  1.48904E+00 -1.76464E-01
     718.095     -9.649   1.200  1.24888E+00  1.42300E+00 -1.25359E-01
     718.561     -9.182   1.250  1.27787E+00  1.37258E+00 -7.07084E-02
     719.047     -8.696   1.300  1.30635E+00  1.32217E+00 -1.22589E-02
     719.552     -8.191   1.350  1.33052E+00  1.28382E+00  3.72761E-02
     720.076     -7.667   1.400  1.33859E+00  1.24548E+00  7.66035E-02
     720.619     -7.124   1.450  1.33627E+00  1.21651E+00  1.00824E-01
     721.181     -6.562   1.500  1.31822E+00  1.18755E+00  1.12651E-01
     721.762     -5.981   1.550  1.29273E+00  1.16597E+00  1.11232E-01
     722.362     -5.381   1.600  1.25868E+00  1.14438E+00  1.02111E-01
     722.981     -4.762   1.650  1.22477E+00  1.12859E+00  8.70401E-02
     723.619     -4.124   1.700  1.19120E+00  1.11280E+00  7.18890E-02
     724.276     -3.467   1.750  1.16439E+00  1.10162E+00  5.80670E-02
     724.953     -2.791   1.800  1.14258E+00  1.09045E+00  4.86617E-02
     725.648     -2.095   1.850  1.12786E+00  1.08295E+00  4.21481E-02
     726.362     -1.381   1.900  1.11664E+00  1.07545E+00  3.88781E-02
     727.096     -0.647   1.950  1.10811E+00  1.07123E+00  3.49125E-02
     727.848      0.105   2.000  1.09834E+00  1.06701E+00  2.97442E-02
     728.620      0.877   2.050  1.08555E+00  1.06525E+00  1.92673E-02
     729.410      1.667   2.100  1.06802E+00  1.06348E+00  4.30640E-03
     730.220      2.477   2.150  1.04603E+00  1.06172E+00 -1.48833E-02
     731.049      3.305   2.200  1.02178E+00  1.05995E+00 -3.61936E-02
     731.896      4.153   2.250  9.95461E-01  1.05443E+00 -5.58777E-02
     732.763      5.020   2.300  9.75980E-01  1.04891E+00 -6.90530E-02
     733.649      5.906   2.350  9.66541E-01  1.04339E+00 -7.27059E-02
     734.554      6.811   2.400  9.67317E-01  1.03787E+00 -6.66968E-02
     735.478      7.734   2.450  9.72076E-01  1.03187E+00 -5.64897E-02
     736.421      8.677   2.500  9.79349E-01  1.02588E+00 -4.39235E-02
     737.383      9.639   2.550  9.86001E-01  1.01988E+00 -3.19606E-02
     738.364     10.621   2.600  9.89466E-01  1.01389E+00 -2.30201E-02
     739.364     11.621   2.650  9.94847E-01  1.01256E+00 -1.66768E-02
     740.383     12.640   2.700  9.96866E-01  1.01124E+00 -1.35104E-02
     741.421     13.678   2.750  9.95686E-01  1.00991E+00 -1.33572E-02
     742.479     14.735   2.800  9.92288E-01  1.00859E+00 -1.52835E-02
     743.555     15.812   2.850  9.87234E-01  1.00681E+00 -1.83776E-02
     744.650     16.907   2.900  9.82372E-01  1.00503E+00 -2.12998E-02
     745.765     18.021   2.950  9.79045E-01  1.00325E+00 -2.27837E-02
     746.898     19.155   3.000  9.78088E-01  1.00147E+00 -2.20382E-02
     748.051     20.307   3.050  9.77532E-01  9.98658E-01 -1.99747E-02
     749.222     21.479   3.100  9.79187E-01  9.95849E-01 -1.58024E-02
     750.413     22.670   3.150  9.82143E-01  9.93039E-01 -1.03667E-02
     751.622     23.879   3.200  9.85153E-01  9.90230E-01 -4.84424E-03
     752.851     25.108   3.250  9.86502E-01  9.86661E-01 -1.52972E-04
     754.099     26.356   3.300  9.86228E-01  9.83093E-01  3.02052E-03
     755.366     27.623   3.350  9.83732E-01  9.79525E-01  4.07329E-03
     756.652     28.908   3.400  9.79000E-01  9.75957E-01  2.96066E-03
     757.957     30.213   3.450  9.72096E-01  9.70922E-01  1.14903E-03
     759.281     31.537   3.500  9.64489E-01  9.65888E-01 -1.37760E-03
     760.624     32.880   3.550  9.57306E-01  9.60854E-01 -3.51545E-03
     761.986     34.242   3.600  9.51714E-01  9.55820E-01 -4.09315E-03
     763.367     35.624   3.650  9.49010E-01  9.50363E-01 -1.35924E-03
     764.767     37.024   3.700  9.49112E-01  9.44907E-01  4.25194E-03
     766.186     38.443   3.750  9.51772E-01  9.39450E-01  1.25477E-02
     767.624     39.881   3.800  9.56127E-01  9.33993E-01  2.27017E-02
     769.082     41.339   3.850  9.60167E-01  9.27835E-01  3.34095E-02
     770.558     42.815   3.900  9.62654E-01  9.21676E-01  4.26613E-02
     772.054     44.310   3.950  9.62200E-01  9.15517E-01  4.89690E-02
     773.568     45.825   4.000  9.57884E-01  9.09358E-01  5.12898E-02
     775.101     47.358   4.050  9.48945E-01  9.03194E-01  4.87245E-02
     776.654     48.911   4.100  9.36117E-01  8.97031E-01  4.19472E-02
     778.226     50.483   4.150  9.20420E-01  8.90867E-01  3.19611E-02
     779.816     52.073   4.200  9.03153E-01  8.84703E-01  2.01084E-02
     781.426     53.683   4.250  8.85591E-01  8.78833E-01  7.42123E-03
     783.055     55.312   4.300  8.68900E-01  8.72963E-01 -4.49465E-03
     784.703     56.959   4.350  8.53750E-01  8.67093E-01 -1.48744E-02
     786.370     58.626   4.400  8.40373E-01  8.61223E-01 -2.34219E-02
     788.055     60.312   4.450  8.28724E-01  8.55538E-01 -3.03357E-02
     789.760     62.017   4.500  8.18563E-01  8.49853E-01 -3.56515E-02
     791.484     63.741   4.550  8.09608E-01  8.44168E-01 -3.96601E-02
     793.227     65.484   4.600  8.01709E-01  8.38483E-01 -4.25065E-02
     794.990     67.246   4.650  7.95499E-01  8.33331E-01 -4.40268E-02
     796.771     69.028   4.700  7.90653E-01  8.28179E-01 -4.39700E-02
     798.571     70.828   4.750  7.87387E-01  8.23027E-01 -4.20488E-02
     800.390     72.647   4.800  7.85844E-01  8.17875E-01 -3.80532E-02
     802.229     74.485   4.850  7.86410E-01  8.12938E-01 -3.17208E-02
     804.086     76.343   4.900  7.88395E-01  8.08001E-01 -2.35976E-02
     805.962     78.219   4.950  7.91320E-01  8.03064E-01 -1.42278E-02
     807.858     80.115   5.000  7.94599E-01  7.98126E-01 -4.30210E-03
     809.772     82.029   5.050  7.97778E-01  7.93262E-01  5.54399E-03
     811.706     83.963   5.100  8.00173E-01  7.88397E-01  1.45492E-02
     813.659     85.915   5.150  8.01477E-01  7.83532E-01  2.23170E-02
     815.630     87.887   5.200  8.01572E-01  7.78667E-01  2.86737E-02
     817.621     89.878   5.250  8.00560E-01  7.73948E-01  3.35335E-02
     819.631     91.888   5.300  7.98414E-01  7.69228E-01  3.70199E-02
     821.660     93.916   5.350  7.95242E-01  7.64509E-01  3.92417E-02
     823.707     95.964   5.400  7.91086E-01  7.59790E-01  4.02298E-02
     825.774     98.031   5.450  7.85673E-01  7.54948E-01  3.97622E-02
     827.860    100.117   5.500  7.79172E-01  7.50106E-01  3.78721E-02
     829.965    102.222   5.550  7.71533E-01  7.45265E-01  3.44617E-02
     832.089    104.346   5.600  7.62768E-01  7.40423E-01  2.95172E-02
     834.232    106.489   5.650  7.52750E-01  7.35411E-01  2.30685E-02
     836.395    108.651   5.700  7.41991E-01  7.30400E-01  1.55322E-02
     838.576    110.833   5.750  7.30790E-01  7.25388E-01  7.29143E-03
     840.776    113.033   5.800  7.19455E-01  7.20376E-01 -1.25240E-03
     842.995    115.252   5.850  7.08223E-01  7.15329E-01 -9.73440E-03
     845.234    117.491   5.900  6.97304E-01  7.10283E-01 -1.79116E-02
     847.491    119.748   5.950  6.86756E-01  7.05236E-01 -2.56964E-02
     849.768    122.024   6.000  6.76615E-01  7.00189E-01 -3.30312E-02
     852.063    124.320   6.050  6.66986E-01  6.95023E-01 -3.95908E-02
     854.378    126.635   6.100  6.58106E-01  6.89857E-01 -4.51865E-02
     856.711    128.968   6.150  6.50332E-01  6.84691E-01 -4.92858E-02
     859.064    131.321   6.200  6.44153E-01  6.79525E-01 -5.11439E-02
     861.436    133.693   6.250  6.40098E-01  6.74360E-01 -4.99355E-02
     863.826    136.083   6.300  6.38589E-01  6.69194E-01 -4.49670E-02
     866.236    138.493   6.350  6.39781E-01  6.64028E-01 -3.59172E-02
     868.665    140.922   6.400  6.43437E-01  6.58862E-01 -2.30381E-02
     871.113    143.370   6.450  6.48882E-01  6.53696E-01 -7.24962E-03
     873.580    145.837   6.500  6.55060E-01  6.48531E-01  9.91476E-03
     876.066    148.323   6.550  6.60870E-01  6.43585E-01  2.64592E-02
     878.571    150.828   6.600  6.64823E-01  6.38640E-01  4.04060E-02
     881.095    153.352   6.650  6.65878E-01  6.33695E-01  5.00731E-02
     883.638    155.895   6.700  6.63441E-01  6.28750E-01  5.44226E-02
     886.201    158.457   6.750  6.57481E-01  6.23804E-01  5.32714E-02
     888.782    161.039   6.800  6.48525E-01  6.18859E-01  4.73212E-02
     891.382    163.639   6.850  6.37530E-01  6.13914E-01  3.79919E-02
     894.002    166.258   6.900  6.25671E-01  6.08969E-01  2.70988E-02
     896.640    168.897   6.950  6.14075E-01  6.04023E-01  1.64500E-02
     899.297    171.554   7.000  6.03600E-01  5.99078E-01  7.46426E-03
     901.974    174.231   7.050  5.95031E-01  5.94511E-01  8.64793E-04
     904.670    176.926   7.100  5.87956E-01  5.89944E-01 -3.33641E-03
     907.384    179.641   7.150  5.81972E-01  5.85377E-01 -5.76112E-03
     910.118    182.375   7.200  5.76463E-01  5.80810E-01 -7.41518E-03
     912.871    185.127   7.250  5.70809E-01  5.76243E-01 -9.34803E-03
     915.642    187.899   7.300  5.64573E-01  5.71676E-01 -1.23213E-02
     918.433    190.690   7.350  5.57635E-01  5.67110E-01 -1.65752E-02
     921.243    193.500   7.400  5.50215E-01  5.62543E-01 -2.17514E-02
     924.072    196.329   7.450  5.42811E-01  5.57976E-01 -2.69897E-02
     926.920    199.177   7.500  5.36051E-01  5.53409E-01 -3.11644E-02
     929.787    202.044   7.550  5.30832E-01  5.49154E-01 -3.31686E-02
     932.673    204.930   7.600  5.27204E-01  5.44899E-01 -3.23045E-02
     935.578    207.835   7.650  5.25229E-01  5.40644E-01 -2.83809E-02
     938.502    210.759   7.700  5.24648E-01  5.36390E-01 -2.18023E-02
     941.445    213.702   7.750  5.24942E-01  5.32135E-01 -1.34709E-02
     944.408    216.664   7.800  5.25464E-01  5.27880E-01 -4.56481E-03
     947.389    219.646   7.850  5.25590E-01  5.23625E-01  3.74373E-03
     950.389    222.646   7.900  5.24859E-01  5.19370E-01  1.05520E-02
     953.409    225.666   7.950  5.23056E-01  5.15115E-01  1.54024E-02
     956.447    228.704   8.000  5.20225E-01  5.10861E-01  1.83279E-02
     959.505    231.762   8.050  5.16770E-01  5.06766E-01  1.97451E-02
     962.581    234.838   8.100  5.12887E-01  5.02672E-01  2.03360E-02
     965.677    237.934   8.150  5.08889E-01  4.98577E-01  2.07035E-02
     968.792    241.048   8.200  5.04953E-01  4.94482E-01  2.12054E-02
     971.925    244.182   8.250  5.01078E-01  4.90388E-01  2.18390E-02
     975.078    247.335   8.300  4.97087E-01  4.86293E-01  2.22461E-02
     978.250    250.507   8.350  4.92699E-01  4.82199E-01  2.18330E-02
     981.441    253.698   8.400  4.87622E-01  4.78104E-01  1.99690E-02
     984.651    256.907   8.450  4.81663E-01  4.74010E-01  1.62040E-02
     987.880    260.136   8.500  4.74804E-01  4.69915E-01  1.04447E-02
     991.128    263.384   8.550  4.67487E-01  4.66070E-01  3.05380E-03
     994.395    266.651   8.600  4.59807E-01  4.62225E-01 -5.25370E-03
     997.681    269.938   8.650  4.52238E-01  4.58380E-01 -1.34619E-02
    1000.986    273.243   8.700  4.45266E-01  4.54535E-01 -2.04904E-02
    1004.310    276.567   8.750  4.39293E-01  4.50690E-01 -2.54159E-02
    1007.653    279.910   8.800  4.34551E-01  4.46845E-01 -2.76568E-02
    1011.016    283.273   8.850  4.31070E-01  4.43000E-01 -2.70768E-02
    1014.397    286.654   8.900  4.28680E-01  4.39156E-01 -2.39877E-02
    1017.797    290.054   8.950  4.27063E-01  4.35311E-01 -1.90578E-02
    1021.217    293.474   9.000  4.25824E-01  4.31466E-01 -1.31546E-02
    1024.655    296.912   9.050  4.24832E-01  4.27901E-01 -7.21798E-03
    1028.113    300.370   9.100  4.23537E-01  4.24337E-01 -1.89756E-03
    1031.590    303.846   9.150  4.21750E-01  4.20773E-01  2.33784E-03
    1035.085    307.342   9.200  4.19410E-01  4.17208E-01  5.31108E-03
    1038.600    310.857   9.250  4.16563E-01  4.13644E-01  7.10368E-03
    1042.134    314.391   9.300  4.13328E-01  4.10080E-01  7.97391E-03
    1045.687    317.943   9.350  4.09848E-01  4.06515E-01  8.25463E-03
    1049.258    321.515   9.400  4.06256E-01  4.02951E-01  8.25950E-03
    1052.849    325.106   9.450  4.02646E-01  3.99387E-01  8.21816E-03
    1056.459    328.716   9.500  3.99064E-01  3.95822E-01  8.24929E-03
    1060.088    332.345   9.550  3.95810E-01  3.92518E-01  8.44847E-03
    1063.736    335.993   9.600  3.92557E-01  3.89213E-01  8.65564E-03
    1067.403    339.660   9.650  3.89265E-01  3.85909E-01  8.76110E-03
    1071.090    343.346   9.700  3.85891E-01  3.82604E-01  8.65536E-03
    1074.795    347.052   9.750  3.82404E-01  3.79299E-01  8.24725E-03
    1078.519    350.776   9.800  3.78781E-01  3.75995E-01  7.46760E-03
    1082.262    354.519   9.850  3.75007E-01  3.72690E-01  6.26568E-03
    1086.025    358.282   9.900  3.71074E-01  3.69386E-01  4.60771E-03
    1089.806    362.063   9.950  3.66983E-01  3.66081E-01  2.48477E-03
    1093.607    365.863  10.000  3.62752E-01  3.62777E-01 -6.87929E-05
