# # Once                                                         FEFF 9.6.4  
# # POT  SCF 100  6.0000   0, core-hole, AFOLP (folp(0)= 1.150)
# # Abs   Z=26 Rmt= 1.363 Rnm= 1.405 K  shell
# # Pot 1 Z=57 Rmt= 1.840 Rnm= 1.840
# # Pot 2 Z=14 Rmt= 1.357 Rnm= 1.400
# # Pot 3 Z=26 Rmt= 1.303 Rnm= 1.346
# # Gam_ch=1.309E+00 H-L exch Vi= 0.000E+00 Vr= 0.000E+00
# # Mu=-1.767E+01 kf=2.231E+00 Vint=-2.875E+01 Rs_int= 1.626
# # PATH  Rmax= 6.000,  Keep_limit= 0.00, Heap_limit 0.00  Pwcrit= 2.50%
#  S02=0.800  Temp=  20.00  Debye_temp= 370.00  Global_sig2= 0.00350
#  Energy zero shift, vr, vi    0.00000E+00   0.00000E+00
#  Curved wave amplitude ratio filter   4.000%
#     file         sig2 tot  cw amp ratio   deg  nlegs   reff  inp sig2
#           1       0.00644    100.00      1.00     2   2.4398
#           2       0.00645     99.29      1.00     2   2.4486
#           3       0.00645     98.73      1.00     2   2.4555
#           4       0.00646     98.20      1.00     2   2.4622
#           5       0.00647     97.47      1.00     2   2.4715
#           6       0.00653     92.76      1.00     2   2.5333
#           7       0.00808     87.56      1.00     2   2.5343
#           8       0.00657     89.83      1.00     2   2.5737
#           9       0.00658    179.10      2.00     2   2.5775
#          10       0.00596     74.09      1.00     2   3.3312
#          11       0.00596     73.09      1.00     2   3.3525
#          12       0.00702     46.81      1.00     2   3.4656
#          13       0.00682     10.23      2.00     3   3.6812
#          14       0.00799      6.50      2.00     3   3.7009
#          15       0.00684     10.23      2.00     3   3.7014
#          16       0.00801      6.26      2.00     3   3.7245
#          17       0.00686     18.70      4.00     3   3.7285
#          18       0.00686      8.82      2.00     3   3.7305
#          19       0.00687      7.41      2.00     3   3.7364
#          20       0.00687      8.99      2.00     3   3.7476
#          21       0.00687      9.11      2.00     3   3.7476
#          22       0.00688      8.84      2.00     3   3.7541
#          23       0.00688      8.87      2.00     3   3.7578
#          24       0.00694      7.42      2.00     3   3.8422
#          25       0.00694      7.98      2.00     3   3.8423
#          26       0.00696      7.39      2.00     3   3.8662
#          27       0.00701     35.99      1.00     2   3.8723
#          28       0.00699     31.97      1.00     2   4.0656
#          29       0.00871     22.06      1.00     2   4.1184
#          30       0.00698     30.85      1.00     2   4.1250
#          31       0.00871     21.60      1.00     2   4.1480
#          32       0.00697     30.19      1.00     2   4.1618
#          33       0.00697     30.11      1.00     2   4.1658
#          34       0.00709      8.04      2.00     3   4.1718
#          35       0.00697     30.00      1.00     2   4.1723
#          36       0.00710      7.88      2.00     3   4.1805
#          37       0.00697     29.76      1.00     2   4.1857
#          38       0.00697     29.75      1.00     2   4.1863
#          39       0.00697     29.64      1.00     2   4.1927
#          40       0.00697     29.51      1.00     2   4.1999
#          41       0.00697     29.39      1.00     2   4.2071
#          42       0.00696     28.60      1.00     2   4.2536
#          43       0.00709      9.67      2.00     3   4.3879
#          44       0.00709      6.22      2.00     3   4.3923
#          45       0.00709      6.19      2.00     3   4.3956
#          46       0.00709      6.14      2.00     3   4.4055
#          47       0.00704     11.52      2.00     3   4.4771
#          48       0.00862      6.25      2.00     3   4.4930
#          49       0.00862      6.20      2.00     3   4.5078
#          50       0.00692     24.66      1.00     2   4.5124
#          51       0.00692     24.45      1.00     2   4.5282
#          52       0.00705     10.62      2.00     3   4.5308
#          53       0.00705     10.64      2.00     3   4.5328
#          54       0.00691     24.28      1.00     2   4.5405
#          55       0.00862     16.38      1.00     2   4.5507
#          56       0.00709      5.74      2.00     3   4.5519
#          57       0.00706      9.98      2.00     3   4.5743
#          58       0.00691     23.79      1.00     2   4.5775
#          59       0.00707      9.48      2.00     3   4.5880
#          60       0.00691     23.59      1.00     2   4.5922
#          61       0.00753     10.74      2.00     3   4.5937
#          62       0.00706      9.63      2.00     3   4.5953
#          63       0.00707      6.09      2.00     3   4.5967
#          64       0.00707      9.48      2.00     3   4.5980
#          65       0.00707      9.43      2.00     3   4.5988
#          66       0.00691     23.50      1.00     2   4.5995
#          67       0.00707      9.36      2.00     3   4.6004
#          68       0.00708      5.75      2.00     3   4.6107
#          69       0.00708      9.07      2.00     3   4.6106
#          70       0.00707      9.23      2.00     3   4.6115
#          71       0.00863      4.42      2.00     3   4.6136
#          72       0.00708      8.91      2.00     3   4.6139
#          73       0.00707      5.96      2.00     3   4.6201
#          74       0.00707      9.15      2.00     3   4.6198
#          75       0.00707      9.30      2.00     3   4.6201
#          76       0.00690     23.23      1.00     2   4.6205
#          77       0.00707      5.91      2.00     3   4.6234
#          78       0.00707      9.23      2.00     3   4.6234
#          79       0.00761      8.83      2.00     3   4.6255
#          80       0.00706      9.53      2.00     3   4.6356
#          81       0.00706      6.18      2.00     3   4.6399
#          82       0.00706      9.52      2.00     3   4.6399
#          83       0.00764      7.98      2.00     3   4.6564
#          84       0.00697     15.59      2.00     3   4.7064
#          85       0.00697     10.62      2.00     3   4.7196
#          86       0.00697     15.20      2.00     3   4.7227
#          87       0.00723     16.35      2.00     3   4.7255
#          88       0.00859      7.35      2.00     3   4.7267
#          89       0.00697     10.78      2.00     3   4.7342
#          90       0.00696     15.36      2.00     3   4.7390
#          91       0.00697     10.37      2.00     3   4.7862
#          92       0.00697     13.43      2.00     3   4.8012
#          93       0.00697      9.51      2.00     3   4.8128
#          94       0.00697     13.55      2.00     3   4.8128
#          95       0.00697     13.19      2.00     3   4.8267
#          96       0.00688     20.42      1.00     2   4.8582
#          97       0.00688     22.31      2.00     3   4.8689
#          98       0.01525      5.65      1.00     4   4.8796
#          99       0.00689     37.35      2.00     3   4.8829
#         101       0.00696     20.12      2.00     4   4.8885
#         102       0.01529      5.56      1.00     4   4.8973
#         103       0.00687     19.98      1.00     2   4.8998
#         104       0.00687     51.38      2.00     3   4.8999
#         105       0.00687     40.48      1.00     4   4.8999
#         108       0.00698     17.98      1.00     4   4.9077
#         109       0.01532      5.50      1.00     4   4.9111
#         111       0.01535      5.43      1.00     4   4.9244
#         114       0.00687     19.54      1.00     2   4.9416
#         115       0.01539      5.35      1.00     4   4.9431
#         116       0.00687     19.39      1.00     2   4.9566
#         117       0.00691     40.18      2.00     3   4.9650
#         118       0.00688     19.94      2.00     3   4.9660
#         120       0.00688     32.85      2.00     3   4.9867
#         121       0.00708     21.11      1.00     4   4.9884
#         122       0.00687     19.03      1.00     2   4.9919
#         123       0.00687     19.00      1.00     2   4.9946
#         124       0.00700     16.26      2.00     4   4.9955
#         125       0.00688     19.41      2.00     3   4.9985
#         126       0.00687     18.83      1.00     2   5.0126
#         127       0.00700     14.19      1.00     4   5.0169
#         128       0.01114      7.16      4.00     4   5.0173
#         129       0.00688     19.42      2.00     3   5.0218
#         130       0.00688     32.93      2.00     3   5.0218
#         132       0.00688     29.48      2.00     3   5.0285
#         133       0.00700     15.61      2.00     4   5.0293
#         134       0.00688     36.10      2.00     3   5.0324
#         135       0.00698     16.09      2.00     4   5.0490
#         136       0.00698     14.84      1.00     4   5.0490
#         137       0.00695     19.01      1.00     4   5.0523
#         138       0.00702     11.24      1.00     4   5.0651
#         139       0.01564      4.82      1.00     4   5.0667
#         140       0.00686     18.09      1.00     2   5.0896
#         141       0.00587     26.41      1.00     2   5.1115
#         142       0.00688     30.03      2.00     3   5.1213
#         143       0.00587     26.25      1.00     2   5.1231
#         144       0.01579      4.51      1.00     4   5.1474
#         145       0.00700     12.78      1.00     4   5.1530
#         146       0.01581      8.97      2.00     4   5.1549
#         147       0.00610      4.69      2.00     3   5.3616
#         148       0.00610      4.55      2.00     3   5.3649
#         149       0.00687     15.52      1.00     2   5.3925
#         150       0.00687     15.51      1.00     2   5.3949
#         151       0.00855      9.71      1.00     2   5.3981
#         152       0.00687     15.44      1.00     2   5.4034
#         153       0.00606      8.47      2.00     3   5.4484
#         154       0.00606      8.40      2.00     3   5.4606
#         155       0.00606      5.34      2.00     3   5.4621
#         156       0.00610      4.43      2.00     3   5.4873
#         157       0.00611      4.23      2.00     3   5.4896
#         158       0.00605      5.38      2.00     3   5.5006
#         159       0.00611      4.17      2.00     3   5.5075
#         160       0.00652      8.57      2.00     3   5.5106
#         161       0.00610      4.38      2.00     3   5.5159
#         162       0.00610      7.71      2.00     3   5.5159
#         163       0.00611      7.52      2.00     3   5.5235
#         164       0.00701      6.23      2.00     3   5.6946
#         165       0.00702      4.20      2.00     3   5.7178
#         166       0.00702      5.18      2.00     3   5.7178
#         167       0.00689     13.20      1.00     2   5.7264
#         168       0.00702      5.67      2.00     3   5.7287
#         169       0.00690     26.11      2.00     2   5.7501
#         170       0.00690     12.81      1.00     2   5.7900
#         172       0.00690     12.74      1.00     2   5.8014
#         173       0.00860      7.74      1.00     2   5.8037
#         174       0.00694      9.04      2.00     3   5.8050
#         175       0.00691     12.64      1.00     2   5.8183
#         177       0.00694      8.68      2.00     3   5.8260
#         178       0.00763     10.88      2.00     3   5.8833
#         179       0.00765      9.80      2.00     4   5.8868
#         180       0.00591     18.14      1.00     2   5.8936
#         181       0.00591     38.71      2.00     3   5.8944
#         182       0.00591     24.74      1.00     4   5.8952
#         183       0.00862      7.34      1.00     2   5.9006
#         184       0.00591     18.06      1.00     2   5.9037
#         186       0.00591     17.09      2.00     3   5.9062
#         187       0.00591     37.44      2.00     3   5.9062
#         188       0.00592     13.99      2.00     4   5.9087
#         189       0.00592     23.13      1.00     4   5.9087
#         190       0.00862      7.28      1.00     2   5.9155
#         192       0.00863      7.14      1.00     2   5.9529
#         193       0.00695      9.06      2.00     3   5.9613
#         194       0.00863      7.08      1.00     2   5.9677
#         195       0.00693     11.70      1.00     2   5.9839
#         196       0.00863      7.08      2.00     3   5.9969
#   184/ 193 paths used
#  xsedge+50, used to normalize mu           3.2603E-04
#  -----------------------------------------------------------------------
#  omega    e    k    mu    mu0     chi     @#
    7120.662    -17.675   0.000  2.61271E-01  2.74063E-01 -2.59668E-02
    7120.671    -17.665   0.050  2.67869E-01  2.78968E-01 -2.24960E-02
    7120.700    -17.636   0.100  2.74429E-01  2.83873E-01 -1.91132E-02
    7120.748    -17.589   0.150  2.93386E-01  2.98277E-01 -9.85494E-03
    7120.814    -17.522   0.200  3.11971E-01  3.12682E-01 -1.42455E-03
    7120.900    -17.436   0.250  3.39507E-01  3.34547E-01  9.87598E-03
    7121.005    -17.332   0.300  3.65930E-01  3.56413E-01  1.88106E-02
    7121.129    -17.208   0.350  3.94056E-01  3.80573E-01  2.63830E-02
    7121.271    -17.065   0.400  4.19985E-01  4.04734E-01  2.95489E-02
    7121.433    -16.903   0.450  4.40793E-01  4.26514E-01  2.73226E-02
    7121.614    -16.722   0.500  4.58329E-01  4.48294E-01  1.89663E-02
    7121.814    -16.522   0.550  4.68198E-01  4.66667E-01  2.85078E-03
    7122.033    -16.303   0.600  4.74226E-01  4.85040E-01 -1.98550E-02
    7122.271    -16.065   0.650  4.73041E-01  5.00945E-01 -5.04058E-02
    7122.529    -15.808   0.700  4.68349E-01  5.16851E-01 -8.62167E-02
    7122.805    -15.531   0.750  4.58003E-01  5.31386E-01 -1.28150E-01
    7123.100    -15.236   0.800  4.45483E-01  5.45922E-01 -1.72364E-01
    7123.414    -14.922   0.850  4.28422E-01  5.59843E-01 -2.21328E-01
    7123.748    -14.588   0.900  4.11428E-01  5.73764E-01 -2.68388E-01
    7124.100    -14.236   0.950  3.92125E-01  5.87484E-01 -3.16727E-01
    7124.472    -13.865   1.000  3.77663E-01  6.01203E-01 -3.55532E-01
    7124.862    -13.474   1.050  3.74176E-01  6.14920E-01 -3.75340E-01
    7125.272    -13.064   1.100  3.79344E-01  6.28637E-01 -3.81150E-01
    7125.700    -12.636   1.150  3.91061E-01  6.42395E-01 -3.76675E-01
    7126.148    -12.188   1.200  4.10709E-01  6.56152E-01 -3.60716E-01
    7126.615    -11.721   1.250  4.36381E-01  6.69934E-01 -3.36529E-01
    7127.101    -11.236   1.300  4.69240E-01  6.83717E-01 -3.03113E-01
    7127.605    -10.731   1.350  5.08182E-01  6.97425E-01 -2.62356E-01
    7128.129    -10.207   1.400  5.52021E-01  7.11133E-01 -2.16461E-01
    7128.672     -9.664   1.450  5.99118E-01  7.24644E-01 -1.67638E-01
    7129.234     -9.102   1.500  6.47556E-01  7.38154E-01 -1.18816E-01
    7129.815     -8.521   1.550  6.95333E-01  7.51332E-01 -7.21639E-02
    7130.415     -7.921   1.600  7.40909E-01  7.64509E-01 -2.98944E-02
    7131.034     -7.302   1.650  7.82702E-01  7.77189E-01  6.87031E-03
    7131.673     -6.664   1.700  8.19804E-01  7.89869E-01  3.67067E-02
    7132.330     -6.006   1.750  8.51741E-01  8.01885E-01  6.02249E-02
    7133.006     -5.330   1.800  8.77934E-01  8.13902E-01  7.62154E-02
    7133.701     -4.635   1.850  8.98879E-01  8.25094E-01  8.66464E-02
    7134.416     -3.921   1.900  9.14733E-01  8.36285E-01  9.09018E-02
    7135.149     -3.187   1.950  9.26697E-01  8.46479E-01  9.18579E-02
    7135.902     -2.435   2.000  9.34953E-01  8.56672E-01  8.85954E-02
    7136.673     -1.663   2.050  9.39948E-01  8.65137E-01  8.38845E-02
    7137.464     -0.873   2.100  9.42161E-01  8.73602E-01  7.61685E-02
    7138.273     -0.063   2.150  9.42336E-01  8.82067E-01  6.63501E-02
    7139.102      0.766   2.200  9.41194E-01  8.90532E-01  5.52716E-02
    7139.950      1.613   2.250  9.36243E-01  8.95494E-01  4.42555E-02
    7140.817      2.480   2.300  9.30070E-01  9.00456E-01  3.20173E-02
    7141.702      3.366   2.350  9.23535E-01  9.05417E-01  1.95002E-02
    7142.607      4.271   2.400  9.17581E-01  9.10379E-01  7.71711E-03
    7143.531      5.195   2.450  9.08291E-01  9.13064E-01 -5.09449E-03
    7144.474      6.138   2.500  9.01506E-01  9.15748E-01 -1.51462E-02
    7145.436      7.100   2.550  8.98612E-01  9.18432E-01 -2.09993E-02
    7146.417      8.081   2.600  9.00137E-01  9.21116E-01 -2.21457E-02
    7147.417      9.081   2.650  9.09995E-01  9.29465E-01 -2.04056E-02
    7148.437     10.100   2.700  9.21411E-01  9.37814E-01 -1.70689E-02
    7149.475     11.138   2.750  9.33010E-01  9.46162E-01 -1.35903E-02
    7150.532     12.196   2.800  9.43763E-01  9.54511E-01 -1.10281E-02
    7151.608     13.272   2.850  9.49999E-01  9.59518E-01 -9.72426E-03
    7152.704     14.367   2.900  9.55264E-01  9.64525E-01 -9.41931E-03
    7153.818     15.482   2.950  9.60024E-01  9.69531E-01 -9.62821E-03
    7154.952     16.615   3.000  9.65042E-01  9.74538E-01 -9.57573E-03
    7156.104     17.768   3.050  9.67366E-01  9.77145E-01 -9.84196E-03
    7157.276     18.939   3.100  9.71010E-01  9.79752E-01 -8.78113E-03
    7158.466     20.130   3.150  9.76739E-01  9.82359E-01 -5.63480E-03
    7159.676     21.340   3.200  9.84942E-01  9.84966E-01 -2.36698E-05
    7160.905     22.568   3.250  9.92453E-01  9.85577E-01  6.87539E-03
    7162.153     23.816   3.300  1.00180E+00  9.86187E-01  1.56042E-02
    7163.419     25.083   3.350  1.01223E+00  9.86797E-01  2.53895E-02
    7164.705     26.369   3.400  1.02263E+00  9.87408E-01  3.51345E-02
    7166.010     27.674   3.450  1.03061E+00  9.87320E-01  4.32028E-02
    7167.334     28.998   3.500  1.03644E+00  9.87231E-01  4.91405E-02
    7168.677     30.341   3.550  1.03926E+00  9.87143E-01  5.20707E-02
    7170.039     31.703   3.600  1.03852E+00  9.87055E-01  5.14424E-02
    7171.420     33.084   3.650  1.03302E+00  9.85951E-01  4.70927E-02
    7172.820     34.484   3.700  1.02426E+00  9.84847E-01  3.94676E-02
    7174.240     35.903   3.750  1.01287E+00  9.83744E-01  2.91934E-02
    7175.678     37.342   3.800  9.99720E-01  9.82640E-01  1.71320E-02
    7177.135     38.799   3.850  9.85805E-01  9.81722E-01  4.09892E-03
    7178.612     40.275   3.900  9.71998E-01  9.80805E-01 -8.85314E-03
    7180.107     41.771   3.950  9.59155E-01  9.79888E-01 -2.08629E-02
    7181.622     43.285   4.000  9.47911E-01  9.78970E-01 -3.12887E-02
    7183.155     44.819   4.050  9.38461E-01  9.77936E-01 -3.98028E-02
    7184.708     46.371   4.100  9.31253E-01  9.76901E-01 -4.60692E-02
    7186.279     47.943   4.150  9.26211E-01  9.75867E-01 -5.01594E-02
    7187.870     49.534   4.200  9.23134E-01  9.74832E-01 -5.22699E-02
    7189.480     51.143   4.250  9.22355E-01  9.74093E-01 -5.23450E-02
    7191.108     52.772   4.300  9.23252E-01  9.73355E-01 -5.07240E-02
    7192.756     54.420   4.350  9.25671E-01  9.72616E-01 -4.75584E-02
    7194.423     56.087   4.400  9.29518E-01  9.71877E-01 -4.29414E-02
    7196.109     57.773   4.450  9.35375E-01  9.71542E-01 -3.66774E-02
    7197.814     59.478   4.500  9.42427E-01  9.71207E-01 -2.91966E-02
    7199.538     61.202   4.550  9.50421E-01  9.70872E-01 -2.07548E-02
    7201.281     62.945   4.600  9.59011E-01  9.70538E-01 -1.17012E-02
    7203.043     64.707   4.650  9.68013E-01  9.70361E-01 -2.38322E-03
    7204.824     66.488   4.700  9.76703E-01  9.70183E-01  6.61920E-03
    7206.625     68.288   4.750  9.84770E-01  9.70006E-01  1.49910E-02
    7208.444     70.107   4.800  9.92041E-01  9.69829E-01  2.25557E-02
    7210.282     71.946   4.850  9.98785E-01  9.69933E-01  2.92938E-02
    7212.139     73.803   4.900  1.00484E+00  9.70037E-01  3.53287E-02
    7214.016     75.680   4.950  1.01032E+00  9.70141E-01  4.07785E-02
    7215.911     77.575   5.000  1.01525E+00  9.70245E-01  4.56759E-02
    7217.826     79.490   5.050  1.01966E+00  9.70444E-01  4.99287E-02
    7219.759     81.423   5.100  1.02298E+00  9.70643E-01  5.30782E-02
    7221.712     83.376   5.150  1.02461E+00  9.70842E-01  5.45150E-02
    7223.684     85.347   5.200  1.02386E+00  9.71041E-01  5.35357E-02
    7225.674     87.338   5.250  1.01990E+00  9.71209E-01  4.93406E-02
    7227.684     89.348   5.300  1.01242E+00  9.71377E-01  4.15826E-02
    7229.713     91.377   5.350  1.00143E+00  9.71544E-01  3.02747E-02
    7231.761     93.425   5.400  9.87442E-01  9.71712E-01  1.59291E-02
    7233.828     95.492   5.450  9.71201E-01  9.71756E-01 -5.61941E-04
    7235.914     97.577   5.500  9.54379E-01  9.71799E-01 -1.76390E-02
    7238.019     99.682   5.550  9.38552E-01  9.71843E-01 -3.37066E-02
    7240.143    101.807   5.600  9.25234E-01  9.71886E-01 -4.72312E-02
    7242.286    103.950   5.650  9.15526E-01  9.71669E-01 -5.68486E-02
    7244.448    106.112   5.700  9.10362E-01  9.71451E-01 -6.18674E-02
    7246.629    108.293   5.750  9.09914E-01  9.71233E-01 -6.21107E-02
    7248.830    110.493   5.800  9.13809E-01  9.71015E-01 -5.79538E-02
    7251.049    112.713   5.850  9.21094E-01  9.70536E-01 -5.01168E-02
    7253.287    114.951   5.900  9.30761E-01  9.70058E-01 -3.98555E-02
    7255.545    117.208   5.950  9.41610E-01  9.69579E-01 -2.83828E-02
    7257.821    119.485   6.000  9.52533E-01  9.69101E-01 -1.68227E-02
    7260.117    121.780   6.050  9.62187E-01  9.68156E-01 -6.06697E-03
    7262.431    124.095   6.100  9.70316E-01  9.67210E-01  3.16126E-03
    7264.765    126.429   6.150  9.76607E-01  9.66265E-01  1.05377E-02
    7267.118    128.781   6.200  9.81006E-01  9.65319E-01  1.60025E-02
    7269.489    131.153   6.250  9.83669E-01  9.64374E-01  1.97072E-02
    7271.880    133.544   6.300  9.84894E-01  9.63429E-01  2.19505E-02
    7274.290    135.954   6.350  9.85059E-01  9.62483E-01  2.31129E-02
    7276.719    138.382   6.400  9.84556E-01  9.61538E-01  2.35938E-02
    7279.167    140.830   6.450  9.83739E-01  9.60593E-01  2.37536E-02
    7281.634    143.297   6.500  9.82871E-01  9.59647E-01  2.38620E-02
    7284.120    145.783   6.550  9.81600E-01  9.58330E-01  2.39523E-02
    7286.625    148.288   6.600  9.80428E-01  9.57013E-01  2.41452E-02
    7289.149    150.812   6.650  9.79213E-01  9.55696E-01  2.42947E-02
    7291.692    153.356   6.700  9.77664E-01  9.54378E-01  2.40983E-02
    7294.254    155.918   6.750  9.75387E-01  9.53061E-01  2.31467E-02
    7296.835    158.499   6.800  9.71971E-01  9.51744E-01  2.10086E-02
    7299.436    161.099   6.850  9.67087E-01  9.50427E-01  1.73360E-02
    7302.055    163.719   6.900  9.60590E-01  9.49110E-01  1.19670E-02
    7304.694    166.357   6.950  9.52583E-01  9.47792E-01  5.00257E-03
    7307.351    169.015   7.000  9.43449E-01  9.46475E-01 -3.16588E-03
    7310.028    171.691   7.050  9.33898E-01  9.45245E-01 -1.18939E-02
    7312.723    174.387   7.100  9.24576E-01  9.44015E-01 -2.04118E-02
    7315.438    177.101   7.150  9.16338E-01  9.42785E-01 -2.78223E-02
    7318.171    179.835   7.200  9.09975E-01  9.41555E-01 -3.32824E-02
    7320.924    182.588   7.250  9.06087E-01  9.40324E-01 -3.61501E-02
    7323.696    185.360   7.300  9.04969E-01  9.39094E-01 -3.60987E-02
    7326.487    188.150   7.350  9.06567E-01  9.37864E-01 -3.31684E-02
    7329.297    190.960   7.400  9.10499E-01  9.36634E-01 -2.77492E-02
    7332.125    193.789   7.450  9.16128E-01  9.35404E-01 -2.05038E-02
    7334.973    196.637   7.500  9.22675E-01  9.34174E-01 -1.22542E-02
    7337.840    199.504   7.550  9.29690E-01  9.33217E-01 -3.76415E-03
    7340.726    202.390   7.600  9.36080E-01  9.32260E-01  4.08287E-03
    7343.632    205.295   7.650  9.41229E-01  9.31302E-01  1.06244E-02
    7346.556    208.219   7.700  9.44744E-01  9.30345E-01  1.54321E-02
    7349.499    211.163   7.750  9.46471E-01  9.29388E-01  1.83359E-02
    7352.461    214.125   7.800  9.46486E-01  9.28431E-01  1.94075E-02
    7355.443    217.106   7.850  9.45045E-01  9.27474E-01  1.89141E-02
    7358.443    220.107   7.900  9.42521E-01  9.26517E-01  1.72528E-02
    7361.462    223.126   7.950  9.39342E-01  9.25560E-01  1.48787E-02
    7364.501    226.164   8.000  9.35920E-01  9.24602E-01  1.22360E-02
    7367.558    229.222   8.050  9.32766E-01  9.23784E-01  9.72075E-03
    7370.635    232.299   8.100  9.29973E-01  9.22965E-01  7.59323E-03
    7373.730    235.394   8.150  9.27647E-01  9.22146E-01  5.96646E-03
    7376.845    238.509   8.200  9.25749E-01  9.21327E-01  4.80072E-03
    7379.979    241.642   8.250  9.24124E-01  9.20509E-01  3.92956E-03
    7383.132    244.795   8.300  9.22548E-01  9.19690E-01  3.11008E-03
    7386.303    247.967   8.350  9.20789E-01  9.18871E-01  2.08875E-03
    7389.494    251.158   8.400  9.18667E-01  9.18052E-01  6.70292E-04
    7392.704    254.368   8.450  9.16111E-01  9.17234E-01 -1.22544E-03
    7395.933    257.597   8.500  9.13182E-01  9.16415E-01 -3.53229E-03
    7399.181    260.845   8.550  9.09950E-01  9.15523E-01 -6.09448E-03
    7402.448    264.112   8.600  9.06811E-01  9.14630E-01 -8.55994E-03
    7405.734    267.398   8.650  9.04087E-01  9.13738E-01 -1.05736E-02
    7409.039    270.703   8.700  9.02063E-01  9.12846E-01 -1.18233E-02
    7412.364    274.027   8.750  9.00920E-01  9.11954E-01 -1.21091E-02
    7415.707    277.371   8.800  9.00694E-01  9.11062E-01 -1.13878E-02
    7419.069    280.733   8.850  9.01271E-01  9.10169E-01 -9.78213E-03
    7422.451    284.114   8.900  9.02416E-01  9.09277E-01 -7.54963E-03
    7425.851    287.515   8.950  9.03825E-01  9.08385E-01 -5.02206E-03
    7429.270    290.934   9.000  9.05198E-01  9.07493E-01 -2.52889E-03
    7432.709    294.373   9.050  9.06088E-01  9.06421E-01 -3.67701E-04
    7436.167    297.830   9.100  9.06619E-01  9.05349E-01  1.40196E-03
    7439.643    301.307   9.150  9.06801E-01  9.04278E-01  2.78989E-03
    7443.139    304.803   9.200  9.06726E-01  9.03206E-01  3.89484E-03
    7446.654    308.317   9.250  9.06507E-01  9.02135E-01  4.84371E-03
    7450.187    311.851   9.300  9.06227E-01  9.01063E-01  5.72617E-03
    7453.740    315.404   9.350  9.05889E-01  8.99991E-01  6.54605E-03
    7457.312    318.976   9.400  9.05405E-01  8.98920E-01  7.20623E-03
    7460.903    322.567   9.450  9.04621E-01  8.97848E-01  7.53306E-03
    7464.513    326.177   9.500  9.03364E-01  8.96776E-01  7.33390E-03
    7468.142    329.806   9.550  9.01457E-01  8.95587E-01  6.54282E-03
    7471.790    333.454   9.600  8.98903E-01  8.94398E-01  5.02736E-03
    7475.457    337.121   9.650  8.95820E-01  8.93209E-01  2.91759E-03
    7479.143    340.807   9.700  8.92475E-01  8.92020E-01  5.08500E-04
    7482.848    344.512   9.750  8.89227E-01  8.90831E-01 -1.79665E-03
    7486.573    348.236   9.800  8.86450E-01  8.89642E-01 -3.58071E-03
    7490.316    351.980   9.850  8.84429E-01  8.88453E-01 -4.51956E-03
    7494.078    355.742   9.900  8.83287E-01  8.87264E-01 -4.47162E-03
    7497.860    359.523   9.950  8.82946E-01  8.86075E-01 -3.52346E-03
    7501.660    363.324  10.000  8.83133E-01  8.84886E-01 -1.97668E-03
    7505.480    367.143  10.050  8.83478E-01  8.83740E-01 -2.96226E-04
    7509.318    370.982  10.100  8.83539E-01  8.82594E-01  1.06884E-03
    7513.176    374.840  10.150  8.82966E-01  8.81447E-01  1.71836E-03
    7517.053    378.716  10.200  8.81573E-01  8.80301E-01  1.44112E-03
    7520.948    382.612  10.250  8.79393E-01  8.79154E-01  2.71498E-04
    7524.863    386.527  10.300  8.76671E-01  8.78008E-01 -1.51789E-03
    7528.797    390.460  10.350  8.73796E-01  8.76861E-01 -3.48550E-03
    7532.750    394.413  10.400  8.71207E-01  8.75715E-01 -5.13330E-03
    7536.722    398.385  10.450  8.69278E-01  8.74568E-01 -6.03209E-03
    7540.713    402.376  10.500  8.68231E-01  8.73422E-01 -5.92677E-03
    7544.723    406.386  10.550  8.68081E-01  8.72275E-01 -4.79479E-03
    7548.752    410.415  10.600  8.68644E-01  8.71129E-01 -2.84417E-03
    7552.800    414.463  10.650  8.69586E-01  8.69982E-01 -4.54397E-04
    7556.867    418.531  10.700  8.70510E-01  8.68836E-01  1.92174E-03
    7560.953    422.617  10.750  8.71055E-01  8.67689E-01  3.86783E-03
    7565.058    426.722  10.800  8.70971E-01  8.66543E-01  5.09600E-03
    7569.183    430.846  10.850  8.70169E-01  8.65396E-01  5.49916E-03
    7573.326    434.990  10.900  8.68716E-01  8.64250E-01  5.15321E-03
    7577.488    439.152  10.950  8.66802E-01  8.63103E-01  4.27336E-03
    7581.670    443.334  11.000  8.64672E-01  8.61957E-01  3.14076E-03
    7585.870    447.534  11.050  8.62526E-01  8.60752E-01  2.05429E-03
    7590.090    451.754  11.100  8.60545E-01  8.59548E-01  1.15700E-03
    7594.329    455.992  11.150  8.58792E-01  8.58343E-01  5.21567E-04
    7598.586    460.250  11.200  8.57237E-01  8.57139E-01  1.14263E-04
    7602.863    464.527  11.250  8.55789E-01  8.55934E-01 -1.69043E-04
    7607.159    468.822  11.300  8.54344E-01  8.54730E-01 -4.49837E-04
    7611.473    473.137  11.350  8.52827E-01  8.53525E-01 -8.15493E-04
    7615.807    477.471  11.400  8.51221E-01  8.52321E-01 -1.28572E-03
    7620.160    481.824  11.450  8.49574E-01  8.51116E-01 -1.80625E-03
    7624.532    486.196  11.500  8.47976E-01  8.49912E-01 -2.26962E-03
    7628.923    490.587  11.550  8.46532E-01  8.48707E-01 -2.55425E-03
    7633.333    494.997  11.600  8.45319E-01  8.47503E-01 -2.56767E-03
    7637.762    499.426  11.650  8.44363E-01  8.46298E-01 -2.27937E-03
    7642.211    503.874  11.700  8.43624E-01  8.45094E-01 -1.73277E-03
    7646.678    508.341  11.750  8.43014E-01  8.43889E-01 -1.03345E-03
    7651.164    512.828  11.800  8.42416E-01  8.42685E-01 -3.18353E-04
    7655.669    517.333  11.850  8.41720E-01  8.41480E-01  2.83399E-04
    7660.194    521.857  11.900  8.40854E-01  8.40276E-01  6.85168E-04
    7664.737    526.401  11.950  8.39797E-01  8.39071E-01  8.62350E-04
    7669.299    530.963  12.000  8.38583E-01  8.37867E-01  8.51565E-04
    7673.881    535.545  12.050  8.37129E-01  8.36515E-01  7.31454E-04
    7678.482    540.145  12.100  8.35660E-01  8.35164E-01  5.92757E-04
    7683.101    544.765  12.150  8.34238E-01  8.33812E-01  5.08590E-04
    7687.740    549.403  12.200  8.32887E-01  8.32460E-01  5.10841E-04
    7692.398    554.061  12.250  8.31595E-01  8.31109E-01  5.82714E-04
    7697.074    558.738  12.300  8.30315E-01  8.29757E-01  6.69054E-04
    7701.770    563.434  12.350  8.28988E-01  8.28406E-01  7.00274E-04
    7706.485    568.149  12.400  8.27570E-01  8.27054E-01  6.21191E-04
    7711.219    572.883  12.450  8.26046E-01  8.25703E-01  4.14612E-04
    7715.972    577.635  12.500  8.24443E-01  8.24351E-01  1.11402E-04
    7720.744    582.407  12.550  8.22821E-01  8.23000E-01 -2.16562E-04
    7725.535    587.199  12.600  8.21253E-01  8.21648E-01 -4.78390E-04
    7730.345    592.009  12.650  8.19807E-01  8.20296E-01 -5.93887E-04
    7735.174    596.838  12.700  8.18516E-01  8.18945E-01 -5.21138E-04
    7740.022    601.686  12.750  8.17369E-01  8.17593E-01 -2.72710E-04
    7744.890    606.553  12.800  8.16311E-01  8.16242E-01  8.51076E-05
    7749.776    611.440  12.850  8.15258E-01  8.14890E-01  4.50200E-04
    7754.681    616.345  12.900  8.14122E-01  8.13539E-01  7.14259E-04
    7759.606    621.269  12.950  8.12835E-01  8.12187E-01  7.95019E-04
    7764.549    626.213  13.000  8.11373E-01  8.10835E-01  6.61044E-04
    7769.512    631.175  13.050  8.09778E-01  8.09506E-01  3.35535E-04
    7774.493    636.157  13.100  8.08095E-01  8.08176E-01 -9.99013E-05
    7779.494    641.157  13.150  8.06413E-01  8.06846E-01 -5.35268E-04
    7784.513    646.177  13.200  8.04820E-01  8.05517E-01 -8.61772E-04
    7789.552    651.216  13.250  8.03378E-01  8.04187E-01 -1.00244E-03
    7794.610    656.274  13.300  8.02106E-01  8.02857E-01 -9.33063E-04
    7799.687    661.350  13.350  8.00975E-01  8.01528E-01 -6.87433E-04
    7804.783    666.446  13.400  7.99921E-01  8.00198E-01 -3.45622E-04
    7809.897    671.561  13.450  7.98861E-01  7.98868E-01 -9.11390E-06
    7815.031    676.695  13.500  7.97722E-01  7.97539E-01  2.29541E-04
    7820.184    681.848  13.550  7.96459E-01  7.96209E-01  3.13459E-04
    7825.356    687.020  13.600  7.95068E-01  7.94879E-01  2.36727E-04
    7830.548    692.211  13.650  7.93585E-01  7.93550E-01  4.40888E-05
    7835.758    697.421  13.700  7.92073E-01  7.92220E-01 -1.84422E-04
    7840.987    702.651  13.750  7.90606E-01  7.90890E-01 -3.58882E-04
    7846.235    707.899  13.800  7.89238E-01  7.89561E-01 -4.07058E-04
    7851.502    713.166  13.850  7.87997E-01  7.88231E-01 -2.95960E-04
    7856.789    718.452  13.900  7.86869E-01  7.86901E-01 -4.11849E-05
    7862.094    723.758  13.950  7.85807E-01  7.85572E-01  2.98232E-04
    7867.419    729.082  14.000  7.84743E-01  7.84242E-01  6.37449E-04
    7872.762    734.426  14.050  7.83554E-01  7.82847E-01  8.99854E-04
    7878.125    739.788  14.100  7.82248E-01  7.81452E-01  1.01504E-03
    7883.506    745.170  14.150  7.80803E-01  7.80057E-01  9.53964E-04
    7888.907    750.571  14.200  7.79233E-01  7.78662E-01  7.31374E-04
    7894.327    755.990  14.250  7.77578E-01  7.77267E-01  3.99738E-04
    7899.765    761.429  14.300  7.75898E-01  7.75872E-01  3.31578E-05
    7905.223    766.887  14.350  7.74249E-01  7.74477E-01 -2.93444E-04
    7910.700    772.364  14.400  7.72676E-01  7.73082E-01 -5.23605E-04
    7916.196    777.860  14.450  7.71198E-01  7.71687E-01 -6.31683E-04
    7921.711    783.375  14.500  7.69809E-01  7.70292E-01 -6.25313E-04
    7927.245    788.909  14.550  7.68482E-01  7.68897E-01 -5.38176E-04
    7932.798    794.462  14.600  7.67181E-01  7.67502E-01 -4.16162E-04
    7938.370    800.034  14.650  7.65875E-01  7.66107E-01 -3.01747E-04
    7943.961    805.625  14.700  7.64542E-01  7.64712E-01 -2.21565E-04
    7949.571    811.235  14.750  7.63178E-01  7.63317E-01 -1.80714E-04
    7955.201    816.864  14.800  7.61796E-01  7.61922E-01 -1.64935E-04
    7960.849    822.513  14.850  7.60413E-01  7.60527E-01 -1.49193E-04
    7966.516    828.180  14.900  7.59048E-01  7.59132E-01 -1.09237E-04
    7972.203    833.866  14.950  7.57712E-01  7.57736E-01 -3.19909E-05
    7977.908    839.572  15.000  7.56401E-01  7.56341E-01  7.87120E-05
