# # Once                                                         FEFF 9.6.4  
# # POT  SCF 100  7.0000   0, core-hole, AFOLP (folp(0)= 1.150)
# # Abs   Z=60 Rmt= 1.754 Rnm= 1.775 L3 shell
# # Pot 1 Z=60 Rmt= 1.759 Rnm= 1.781
# # Pot 2 Z=26 Rmt= 1.349 Rnm= 1.400
# # Pot 3 Z= 5 Rmt= 1.086 Rnm= 1.161
# # Gam_ch=3.500E+00 H-L exch Vi= 0.000E+00 Vr= 0.000E+00
# # Mu=-1.703E+01 kf=2.109E+00 Vint=-2.642E+01 Rs_int= 1.720
# # PATH  Rmax= 8.000,  Keep_limit= 0.00, Heap_limit 0.00  Pwcrit= 2.50%
#  S02=1.000  Temp=   0.00  Debye_temp=   0.00  Global_sig2= 0.00000
#  Energy zero shift, vr, vi    0.00000E+00   0.00000E+00
#  Curved wave amplitude ratio filter   4.000%
#     file         sig2 tot  cw amp ratio   deg  nlegs   reff  inp sig2
#           1       0.00000    100.00      1.00     2   2.8385
#           2       0.00000    268.90      2.00     2   3.0438
#           3       0.00000     95.00      2.00     2   3.0438
#           4       0.00000     82.88      2.00     2   3.1139
#           5       0.00000    143.50      2.00     2   3.2560
#           6       0.00000    119.20      2.00     2   3.2560
#           7       0.00000     75.39      2.00     2   3.2674
#           8       0.00000    159.80      2.00     2   3.2674
#           9       0.00000    127.70      1.00     2   3.3513
#          10       0.00000     46.36      1.00     2   3.3513
#          11       0.00000    100.60      1.00     2   3.5189
#          12       0.00000    139.00      1.00     2   3.7601
#          13       0.00000     40.12      1.00     2   3.7601
#          14       0.00000     17.85      4.00     3   3.9804
#          15       0.00000     12.11      4.00     3   3.9804
#          16       0.00000      8.21      4.00     3   4.3262
#          17       0.00000     10.07      4.00     3   4.3716
#          18       0.00000      9.14      4.00     3   4.3716
#          19       0.00000     11.12      4.00     3   4.4233
#          20       0.00000     12.09      4.00     3   4.4233
#          21       0.00000      9.14      4.00     3   4.4467
#          22       0.00000     12.16      4.00     3   4.4467
#          23       0.00000      5.42      4.00     3   4.4754
#          24       0.00000      9.35      4.00     3   4.4769
#          25       0.00000      5.86      4.00     3   4.4769
#          26       0.00000     10.12      4.00     3   4.5031
#          27       0.00000     10.86      4.00     3   4.5031
#          28       0.00000      5.67      4.00     3   4.5060
#          29       0.00000      5.56      4.00     3   4.5060
#          30       0.00000      7.36      4.00     3   4.5407
#          31       0.00000     11.41      4.00     3   4.5407
#          32       0.00000      4.91      2.00     3   4.5849
#          33       0.00000      4.29      2.00     3   4.5849
#          34       0.00000     71.88      2.00     2   4.6130
#          35       0.00000     38.10      4.00     3   4.7691
#          36       0.00000     45.12      2.00     2   4.7871
#          37       0.00000     28.72      2.00     2   4.8006
#          38       0.00000     54.16      2.00     2   4.8006
#          39       0.00000     87.13      2.00     2   4.9095
#          40       0.00000     28.96      2.00     2   4.9095
#          41       0.00000      4.63      4.00     3   4.9101
#          42       0.00000     13.00      2.00     4   4.9252
#          43       0.00000     85.05      2.00     2   4.9584
#          44       0.00000     28.11      2.00     2   4.9584
#          45       0.00000     29.49      2.00     2   4.9789
#          46       0.00000     28.71      2.00     2   4.9931
#          47       0.00000     33.90      2.00     2   4.9931
#          49       0.00000      4.97      4.00     3   5.0269
#          50       0.00000      6.53      4.00     3   5.0278
#          51       0.00000      5.46      4.00     3   5.0278
#          52       0.00000     45.29      2.00     2   5.0540
#          53       0.00000     10.30      4.00     3   5.0657
#          54       0.00000     11.64      4.00     3   5.0657
#          57       0.00000     58.01      2.00     2   5.1275
#          58       0.00000     48.69      2.00     2   5.1275
#          59       0.00000      8.90      4.00     3   5.1309
#          60       0.00000      8.09      4.00     3   5.1309
#          61       0.00000      6.36      4.00     3   5.1412
#          62       0.00000      4.58      4.00     3   5.1412
#          63       0.00000      6.33      4.00     3   5.1707
#          64       0.00000      9.99      4.00     3   5.1707
#          65       0.00000      7.98      4.00     3   5.1964
#          66       0.00000      7.41      4.00     3   5.1964
#          67       0.00000     60.23      2.00     2   5.2126
#          68       0.00000     27.08      2.00     2   5.2126
#          69       0.00000      8.98      4.00     3   5.2258
#          70       0.00000     18.41      4.00     3   5.2258
#          71       0.00000     61.93      1.00     2   5.2360
#          72       0.00000     16.77      1.00     2   5.2360
#          73       0.00000      7.58      4.00     3   5.2580
#          74       0.00000      5.57      4.00     3   5.2580
#          75       0.00000      4.72      4.00     3   5.2887
#          76       0.00000      8.04      4.00     3   5.2887
#          77       0.00000     15.33      4.00     3   5.2979
#          78       0.00000      7.74      4.00     3   5.2979
#          79       0.00000      4.90      4.00     3   5.3230
#          80       0.00000     11.23      4.00     3   5.3430
#          81       0.00000      5.03      4.00     3   5.3430
#          82       0.00000     12.08      4.00     3   5.3674
#          83       0.00000      5.28      4.00     3   5.3674
#          84       0.00000      5.67      4.00     3   5.3709
#          85       0.00000      5.99      4.00     3   5.3709
#          86       0.00000      5.58      4.00     3   5.3730
#          87       0.00000      6.85      4.00     3   5.3730
#          88       0.00000      4.93      4.00     3   5.4112
#          89       0.00000      5.72      4.00     3   5.4112
#          90       0.00000      6.29      4.00     3   5.4159
#          91       0.00000      5.29      4.00     3   5.4159
#          92       0.00000      4.52      4.00     3   5.4226
#          93       0.00000     12.68      4.00     3   5.4409
#          94       0.00000     11.16      4.00     3   5.4409
#          95       0.00000      6.88      4.00     3   5.4732
#          96       0.00000      7.13      4.00     3   5.4732
#          97       0.00000      9.17      4.00     3   5.5187
#          98       0.00000      7.47      4.00     3   5.5187
#          99       0.00000      7.84      2.00     3   5.5196
#         100       0.00000     10.14      2.00     3   5.5196
#         101       0.00000     11.16      4.00     3   5.5351
#         102       0.00000      6.57      4.00     3   5.5351
#         105       0.00000      7.19      4.00     3   5.5781
#         108       0.00000      4.95      4.00     3   5.6125
#         109       0.00000      8.55      4.00     3   5.6125
#         110       0.00000     10.40      4.00     3   5.6374
#         112       0.00000      5.46      2.00     3   5.6566
#         114       0.00000     14.60      4.00     3   5.6603
#         115       0.00000      6.87      4.00     3   5.6603
#         116       0.00000      4.70      1.00     4   5.6770
#         117       0.00000      4.52      4.00     3   5.7326
#         118       0.00000      4.86      4.00     3   5.7326
#         119       0.00000     32.11      1.00     2   5.7366
#         120       0.00000      9.36      1.00     2   5.7366
#         123       0.00000     32.72      2.00     2   5.7619
#         124       0.00000     24.34      2.00     2   5.7619
#         125       0.00000     48.33      2.00     2   5.7650
#         126       0.00000     19.34      2.00     2   5.7650
#         127       0.00000    136.20      4.00     3   5.7668
#         128       0.00000     47.84      4.00     3   5.7668
#         129       0.00000    107.00      2.00     4   5.7686
#         130       0.00000     34.65      2.00     4   5.7686
#         131       0.00000     58.22      4.00     3   5.7694
#         132       0.00000     80.64      4.00     3   5.7694
#         133       0.00000     55.68      2.00     4   5.7769
#         134       0.00000     40.74      2.00     4   5.7769
#         135       0.00000     16.58      2.00     2   5.8272
#         136       0.00000     33.24      2.00     2   5.8272
#         137       0.00000     40.12      4.00     3   5.8282
#         138       0.00000     91.60      4.00     3   5.8282
#         139       0.00000     29.20      2.00     4   5.8293
#         140       0.00000     71.99      2.00     4   5.8293
#         141       0.00000      9.21      4.00     3   5.8434
#         142       0.00000      7.14      4.00     3   5.8447
#         144       0.00000     10.24      4.00     3   5.8667
#         146       0.00000     10.36      4.00     3   5.8790
#         147       0.00000      4.11      4.00     3   5.8790
#         152       0.00000      4.86      4.00     3   5.9478
#         154       0.00000     10.04      1.00     2   5.9629
#         155       0.00000     20.55      2.00     3   5.9629
#         156       0.00000     10.33      1.00     4   5.9629
#         157       0.00000      9.50      4.00     3   5.9640
#         158       0.00000      5.51      4.00     3   5.9640
#         159       0.00000      8.04      4.00     3   5.9642
#         160       0.00000      7.91      4.00     3   5.9642
#         162       0.00000      5.43      4.00     3   5.9789
#         163       0.00000     10.87      4.00     3   5.9981
#         164       0.00000      6.43      4.00     3   5.9981
#         165       0.00000      8.09      4.00     3   6.0072
#         166       0.00000      4.41      4.00     3   6.0072
#         167       0.00000      4.50      4.00     3   6.0206
#         168       0.00000      6.56      4.00     3   6.0645
#         169       0.00000      4.18      4.00     3   6.0645
#         173       0.00000      7.27      2.00     4   6.0876
#         178       0.00000      4.75      4.00     3   6.1155
#         180       0.00000      5.56      2.00     3   6.1358
#         181       0.00000      4.10      2.00     3   6.1358
#         182       0.00000     19.82      2.00     2   6.1364
#         183       0.00000     44.17      4.00     3   6.1369
#         184       0.00000     28.97      2.00     4   6.1374
#         185       0.00000     39.58      2.00     2   6.1454
#         186       0.00000     23.33      2.00     2   6.1454
#         191       0.00000      9.20      1.00     2   6.1633
#         192       0.00000      8.66      1.00     2   6.1633
#         193       0.00000      4.25      2.00     3   6.1887
#         196       0.00000      5.16      4.00     3   6.2246
#         198       0.00000      5.66      2.00     4   6.2278
#         200       0.00000      5.67      4.00     3   6.2402
#         202       0.00000      5.51      4.00     3   6.2451
#         203       0.00000      7.80      4.00     3   6.2451
#         204       0.00000     18.67      4.00     3   6.2670
#         205       0.00000      9.31      4.00     3   6.2670
#         206       0.00000      9.87      2.00     3   6.2932
#         208       0.00000      6.99      4.00     4   6.2998
#         212       0.00000      8.68      2.00     3   6.3034
#         214       0.00000     21.16      4.00     4   6.3112
#         215       0.00000      6.82      4.00     4   6.3112
#         216       0.00000     12.76      4.00     4   6.3112
#         218       0.00000      5.23      4.00     3   6.3178
#         219       0.00000      4.84      4.00     3   6.3178
#         220       0.00000      4.93      4.00     3   6.3210
#         223       0.00000      5.12      4.00     4   6.3228
#         226       0.00000      6.61      4.00     3   6.3313
#         227       0.00000      6.89      4.00     4   6.3313
#         228       0.00000      5.81      4.00     3   6.3541
#         229       0.00000      9.42      4.00     3   6.3541
#         230       0.00000     21.82      4.00     3   6.3541
#         231       0.00000     31.67      4.00     3   6.3541
#         232       0.00000      7.99      1.00     2   6.3574
#         233       0.00000      9.56      2.00     3   6.3574
#         234       0.00000     33.20      2.00     3   6.3574
#         235       0.00000     19.72      2.00     4   6.3574
#         236       0.00000     35.02      1.00     4   6.3574
#         237       0.00000      6.09      4.00     3   6.3657
#         238       0.00000      9.40      4.00     3   6.3657
#         239       0.00000      4.72      4.00     4   6.3699
#         244       0.00000      7.97      4.00     4   6.3813
#         248       0.00000      4.88      4.00     3   6.3863
#         252       0.00000     44.30      2.00     2   6.4144
#         253       0.00000     12.16      2.00     2   6.4144
#         261       0.00000      8.46      2.00     2   6.4831
#         262       0.00000      9.97      2.00     2   6.4831
#         263       0.00000     13.81      4.00     3   6.5040
#         264       0.00000     27.80      4.00     4   6.5120
#         267       0.00000      4.70      4.00     4   6.5234
#         268       0.00000      6.58      4.00     4   6.5234
#         274       0.00000     34.38      2.00     2   6.5542
#         275       0.00000     17.48      2.00     2   6.5542
#         278       0.00000     10.70      2.00     4   6.5627
#         279       0.00000      8.65      2.00     4   6.5627
#         280       0.00000      4.22      4.00     3   6.5636
#         281       0.00000      8.99      4.00     3   6.5636
#         288       0.00000      7.31      2.00     3   6.5811
#         289       0.00000      6.63      2.00     3   6.5811
#         294       0.00000     37.19      4.00     3   6.6076
#         295       0.00000     13.28      4.00     3   6.6076
#         306       0.00000     20.73      2.00     2   6.6469
#         309       0.00000      4.43      4.00     3   6.6675
#         310       0.00000      4.24      4.00     3   6.6675
#         312       0.00000     27.91      1.00     2   6.7025
#         313       0.00000     10.12      1.00     2   6.7025
#         314       0.00000     72.71      2.00     3   6.7025
#         315       0.00000     23.46      2.00     3   6.7025
#         318       0.00000     51.63      1.00     4   6.7025
#         320       0.00000     15.68      1.00     4   6.7025
#         321       0.00000     31.39      4.00     3   6.7354
#         322       0.00000     16.40      4.00     3   6.7354
#         325       0.00000      5.94      4.00     3   6.7423
#         326       0.00000      4.11      4.00     3   6.7423
#         333       0.00000     13.38      2.00     4   6.8008
#         334       0.00000      5.10      2.00     4   6.8008
#         336       0.00000      4.35      4.00     4   6.8039
#         337       0.00000      9.88      2.00     2   6.8099
#         338       0.00000     24.99      2.00     2   6.8099
#         339       0.00000     27.98      2.00     2   6.8128
#         340       0.00000     17.33      2.00     2   6.8128
#         344       0.00000      6.62      4.00     3   6.8777
#         345       0.00000      5.39      4.00     3   6.8923
#         347       0.00000      9.90      2.00     2   6.9083
#         348       0.00000     14.08      2.00     2   6.9083
#         349       0.00000     12.43      2.00     4   6.9165
#         350       0.00000      6.03      2.00     4   6.9165
#         351       0.00000     13.55      4.00     3   6.9177
#         352       0.00000     18.31      4.00     3   6.9177
#         353       0.00000      5.23      4.00     3   6.9250
#         354       0.00000     10.58      4.00     3   6.9502
#         355       0.00000      6.53      4.00     3   6.9502
#         359       0.00000      6.77      4.00     3   6.9944
#         360       0.00000      7.86      1.00     2   6.9987
#         362       0.00000     30.39      2.00     3   6.9988
#         363       0.00000     13.01      2.00     3   6.9988
#         364       0.00000     29.92      1.00     4   6.9989
#         365       0.00000     12.11      1.00     4   6.9989
#         366       0.00000      4.41      4.00     3   7.0009
#         367       0.00000     23.00      2.00     2   7.0098
#         368       0.00000     11.45      2.00     2   7.0098
#         374       0.00000      5.18      2.00     4   7.0227
#         375       0.00000      5.03      2.00     4   7.0227
#         377       0.00000      7.24      4.00     3   7.0270
#         380       0.00000      5.02      4.00     4   7.0338
#         382       0.00000      6.64      4.00     3   7.0387
#         386       0.00000      4.03      4.00     4   7.0551
#         389       0.00000      4.94      4.00     3   7.0656
#         390       0.00000     30.60      2.00     2   7.0718
#         391       0.00000      8.56      2.00     2   7.0718
#         396       0.00000      5.04      4.00     3   7.0915
#         397       0.00000      8.37      2.00     2   7.1037
#         398       0.00000     25.44      2.00     2   7.1037
#         399       0.00000      5.65      4.00     4   7.1062
#         400       0.00000      4.25      4.00     4   7.1062
#         401       0.00000      4.49      2.00     3   7.1084
#         402       0.00000     12.29      2.00     3   7.1084
#         403       0.00000      6.02      4.00     3   7.1082
#         405       0.00000      8.57      2.00     4   7.1114
#         406       0.00000     24.26      2.00     4   7.1114
#         411       0.00000     18.47      2.00     2   7.1397
#         412       0.00000     15.14      2.00     2   7.1397
#         416       0.00000      6.59      4.00     3   7.1646
#         417       0.00000     14.88      4.00     3   7.1757
#         418       0.00000      4.42      4.00     3   7.1757
#         423       0.00000     23.33      2.00     2   7.2125
#         424       0.00000     11.07      2.00     2   7.2125
#         425       0.00000     10.95      4.00     3   7.2238
#         426       0.00000      9.56      4.00     3   7.2238
#         428       0.00000      8.62      4.00     3   7.2253
#         432       0.00000      7.99      4.00     3   7.2396
#         434       0.00000      6.81      4.00     3   7.2445
#         440       0.00000      5.01      4.00     4   7.2906
#         441       0.00000      8.06      4.00     3   7.2915
#         445       0.00000     27.18      2.00     2   7.3125
#         446       0.00000      8.38      2.00     2   7.3125
#         449       0.00000      4.09      4.00     3   7.3327
#         451       0.00000      6.01      4.00     3   7.3750
#         453       0.00000      7.09      4.00     3   7.3821
#         456       0.00000     16.36      4.00     3   7.3957
#         457       0.00000      5.48      4.00     3   7.3957
#         458       0.00000      5.24      4.00     3   7.3974
#         462       0.00000      4.03      4.00     3   7.4145
#         463       0.00000      4.52      4.00     3   7.4145
#   296/ 367 paths used
#  xsedge+50, used to normalize mu           7.2744E-04
#  -----------------------------------------------------------------------
#  omega    e    k    mu    mu0     chi     @#
    6209.977    -17.024   0.050  1.03225E+00  1.27046E+00 -1.09984E-01
    6210.005    -16.995   0.100  1.04676E+00  1.27998E+00 -1.06594E-01
    6210.053    -16.948   0.150  1.09084E+00  1.30882E+00 -9.66086E-02
    6210.120    -16.881   0.200  1.13617E+00  1.33766E+00 -8.66722E-02
    6210.205    -16.795   0.250  1.21282E+00  1.38607E+00 -7.08546E-02
    6210.310    -16.690   0.300  1.29181E+00  1.43448E+00 -5.56102E-02
    6210.434    -16.567   0.350  1.40082E+00  1.50132E+00 -3.66120E-02
    6210.577    -16.424   0.400  1.51075E+00  1.56817E+00 -1.96334E-02
    6210.739    -16.262   0.450  1.64131E+00  1.64930E+00 -2.52721E-03
    6210.920    -16.081   0.500  1.76603E+00  1.73044E+00  1.04739E-02
    6211.120    -15.881   0.550  1.89099E+00  1.81831E+00  1.98718E-02
    6211.339    -15.662   0.600  1.99926E+00  1.90618E+00  2.37636E-02
    6211.577    -15.424   0.650  2.08045E+00  1.99035E+00  2.19482E-02
    6211.834    -15.166   0.700  2.13893E+00  2.07453E+00  1.50006E-02
    6212.110    -14.890   0.750  2.15451E+00  2.14359E+00  2.53753E-03
    6212.405    -14.595   0.800  2.15872E+00  2.21264E+00 -1.24912E-02
    6212.720    -14.281   0.850  2.13349E+00  2.25591E+00 -2.94572E-02
    6213.053    -13.947   0.900  2.12975E+00  2.29917E+00 -4.24167E-02
    6213.406    -13.595   0.950  2.13062E+00  2.30958E+00 -4.76765E-02
    6213.777    -13.223   1.000  2.17599E+00  2.31999E+00 -4.09880E-02
    6214.168    -12.833   1.050  2.23983E+00  2.29666E+00 -1.73730E-02
    6214.577    -12.423   1.100  2.33179E+00  2.27333E+00  1.92932E-02
    6215.006    -11.995   1.150  2.41185E+00  2.22200E+00  6.73715E-02
    6215.453    -11.547   1.200  2.47202E+00  2.17067E+00  1.15631E-01
    6215.920    -11.080   1.250  2.47953E+00  2.10125E+00  1.55669E-01
    6216.406    -10.594   1.300  2.43480E+00  2.03182E+00  1.78792E-01
    6216.911    -10.090   1.350  2.33447E+00  1.95469E+00  1.79909E-01
    6217.435     -9.566   1.400  2.19291E+00  1.87756E+00  1.60238E-01
    6217.978     -9.023   1.450  2.03102E+00  1.80101E+00  1.24102E-01
    6218.540     -8.461   1.500  1.86155E+00  1.72447E+00  7.88434E-02
    6219.121     -7.880   1.550  1.70744E+00  1.65380E+00  3.25560E-02
    6219.721     -7.280   1.600  1.56801E+00  1.58313E+00 -9.71606E-03
    6220.340     -6.661   1.650  1.45610E+00  1.52107E+00 -4.37567E-02
    6220.978     -6.022   1.700  1.36027E+00  1.45901E+00 -6.98748E-02
    6221.635     -5.365   1.750  1.28682E+00  1.40641E+00 -8.81087E-02
    6222.311     -4.689   1.800  1.22231E+00  1.35381E+00 -1.01036E-01
    6223.007     -3.994   1.850  1.17374E+00  1.31071E+00 -1.08777E-01
    6223.721     -3.279   1.900  1.13040E+00  1.26762E+00 -1.12759E-01
    6224.455     -2.546   1.950  1.10296E+00  1.23717E+00 -1.12985E-01
    6225.207     -1.793   2.000  1.08278E+00  1.20673E+00 -1.06960E-01
    6225.979     -1.022   2.050  1.08561E+00  1.18899E+00 -9.11124E-02
    6226.769     -0.231   2.100  1.09606E+00  1.17125E+00 -6.77187E-02
    6227.579      0.578   2.150  1.11034E+00  1.15352E+00 -3.97544E-02
    6228.407      1.407   2.200  1.12342E+00  1.13578E+00 -1.16350E-02
    6229.255      2.255   2.250  1.12815E+00  1.11534E+00  1.23020E-02
    6230.122      3.122   2.300  1.12293E+00  1.09490E+00  2.74375E-02
    6231.008      4.007   2.350  1.10738E+00  1.07446E+00  3.28807E-02
    6231.913      4.912   2.400  1.08401E+00  1.05402E+00  3.05679E-02
    6232.837      5.836   2.450  1.05856E+00  1.03532E+00  2.40210E-02
    6233.780      6.779   2.500  1.03421E+00  1.01662E+00  1.84483E-02
    6234.742      7.741   2.550  1.01309E+00  9.97925E-01  1.61479E-02
    6235.723      8.722   2.600  9.94914E-01  9.79226E-01  1.69541E-02
    6236.723      9.722   2.650  9.85228E-01  9.68908E-01  1.77249E-02
    6237.742     10.741   2.700  9.74195E-01  9.58591E-01  1.70327E-02
    6238.780     11.780   2.750  9.61924E-01  9.48273E-01  1.49764E-02
    6239.837     12.837   2.800  9.48743E-01  9.37956E-01  1.18949E-02
    6240.914     13.913   2.850  9.42122E-01  9.36356E-01  6.34501E-03
    6242.009     15.009   2.900  9.34889E-01  9.34756E-01  1.46549E-04
    6243.123     16.123   2.950  9.28036E-01  9.33156E-01 -5.61173E-03
    6244.257     17.257   3.000  9.22403E-01  9.31556E-01 -1.00106E-02
    6245.409     18.409   3.050  9.20802E-01  9.34127E-01 -1.44876E-02
    6246.581     19.581   3.100  9.21428E-01  9.36699E-01 -1.65040E-02
    6247.772     20.771   3.150  9.25351E-01  9.39270E-01 -1.49543E-02
    6248.981     21.981   3.200  9.32918E-01  9.41842E-01 -9.53104E-03
    6250.210     23.210   3.250  9.44641E-01  9.47346E-01 -2.86598E-03
    6251.458     24.457   3.300  9.58630E-01  9.52850E-01  6.07632E-03
    6252.725     25.724   3.350  9.73713E-01  9.58354E-01  1.60191E-02
    6254.011     27.010   3.400  9.88337E-01  9.63858E-01  2.53341E-02
    6255.315     28.315   3.450  1.00152E+00  9.69885E-01  3.24834E-02
    6256.639     29.639   3.500  1.01147E+00  9.75912E-01  3.62182E-02
    6257.982     30.982   3.550  1.01718E+00  9.81938E-01  3.56160E-02
    6259.344     32.344   3.600  1.01836E+00  9.87965E-01  3.04717E-02
    6260.726     33.725   3.650  1.01464E+00  9.93219E-01  2.13493E-02
    6262.126     35.125   3.700  1.00792E+00  9.98473E-01  9.36067E-03
    6263.545     36.545   3.750  9.99778E-01  1.00373E+00 -3.88928E-03
    6264.983     37.983   3.800  9.92047E-01  1.00898E+00 -1.65796E-02
    6266.441     39.440   3.850  9.83960E-01  1.01196E+00 -2.73371E-02
    6267.917     40.917   3.900  9.79259E-01  1.01494E+00 -3.47377E-02
    6269.412     42.412   3.950  9.78622E-01  1.01792E+00 -3.81521E-02
    6270.927     43.926   4.000  9.82014E-01  1.02090E+00 -3.76453E-02
    6272.460     45.460   4.050  9.86562E-01  1.02133E+00 -3.36735E-02
    6274.013     47.013   4.100  9.93645E-01  1.02175E+00 -2.72400E-02
    6275.585     48.584   4.150  1.00217E+00  1.02218E+00 -1.94002E-02
    6277.175     50.175   4.200  1.01112E+00  1.02261E+00 -1.11451E-02
    6278.785     51.785   4.250  1.01767E+00  1.02078E+00 -3.03329E-03
    6280.414     53.413   4.300  1.02322E+00  1.01896E+00  4.15265E-03
    6282.062     55.061   4.350  1.02743E+00  1.01714E+00  1.00807E-02
    6283.728     56.728   4.400  1.03016E+00  1.01532E+00  1.45823E-02
    6285.414     58.414   4.450  1.02995E+00  1.01222E+00  1.75012E-02
    6287.119     60.119   4.500  1.02816E+00  1.00913E+00  1.88829E-02
    6288.843     61.843   4.550  1.02502E+00  1.00603E+00  1.89191E-02
    6290.586     63.586   4.600  1.02086E+00  1.00294E+00  1.79464E-02
    6292.348     65.348   4.650  1.01571E+00  9.99563E-01  1.62442E-02
    6294.130     67.129   4.700  1.01059E+00  9.96187E-01  1.45596E-02
    6295.930     68.929   4.750  1.00597E+00  9.92811E-01  1.33588E-02
    6297.749     70.749   4.800  1.00199E+00  9.89436E-01  1.28037E-02
    6299.587     72.587   4.850  9.98926E-01  9.86601E-01  1.26146E-02
    6301.445     74.444   4.900  9.95660E-01  9.83766E-01  1.22159E-02
    6303.321     76.321   4.950  9.91269E-01  9.80932E-01  1.06542E-02
    6305.217     78.216   5.000  9.84887E-01  9.78097E-01  7.02244E-03
    6307.131     80.131   5.050  9.77082E-01  9.76260E-01  8.51297E-04
    6309.065     82.064   5.100  9.67067E-01  9.74423E-01 -7.63686E-03
    6311.017     84.017   5.150  9.55906E-01  9.72586E-01 -1.73519E-02
    6312.989     85.989   5.200  9.45317E-01  9.70749E-01 -2.65071E-02
    6314.980     87.979   5.250  9.38399E-01  9.70036E-01 -3.29782E-02
    6316.990     89.989   5.300  9.35768E-01  9.69323E-01 -3.49813E-02
    6319.018     92.018   5.350  9.38263E-01  9.68610E-01 -3.16412E-02
    6321.066     94.066   5.400  9.45548E-01  9.67897E-01 -2.33044E-02
    6323.133     96.133   5.450  9.57129E-01  9.68088E-01 -1.14142E-02
    6325.219     98.219   5.500  9.69661E-01  9.68279E-01  1.43825E-03
    6327.324    100.324   5.550  9.80578E-01  9.68470E-01  1.25810E-02
    6329.448    102.448   5.600  9.87795E-01  9.68661E-01  1.98585E-02
    6331.591    104.591   5.650  9.90843E-01  9.69452E-01  2.21575E-02
    6333.753    106.753   5.700  9.89311E-01  9.70243E-01  1.97129E-02
    6335.935    108.934   5.750  9.84625E-01  9.71033E-01  1.40229E-02
    6338.135    111.135   5.800  9.78912E-01  9.71824E-01  7.29863E-03
    6340.354    113.354   5.850  9.73797E-01  9.72121E-01  1.72404E-03
    6342.593    115.592   5.900  9.71451E-01  9.72417E-01 -9.92573E-04
    6344.850    117.850   5.950  9.72439E-01  9.72713E-01 -2.81544E-04
    6347.127    120.126   6.000  9.76163E-01  9.73010E-01  3.23212E-03
    6349.422    122.422   6.050  9.81069E-01  9.73216E-01  8.03724E-03
    6351.737    124.736   6.100  9.85065E-01  9.73422E-01  1.18997E-02
    6354.070    127.070   6.150  9.86371E-01  9.73628E-01  1.30051E-02
    6356.423    129.422   6.200  9.84038E-01  9.73835E-01  1.03986E-02
    6358.795    131.794   6.250  9.78228E-01  9.74041E-01  4.26120E-03
    6361.185    134.185   6.300  9.70149E-01  9.74247E-01 -4.16429E-03
    6363.595    136.595   6.350  9.61693E-01  9.74453E-01 -1.29485E-02
    6366.024    139.024   6.400  9.54908E-01  9.74660E-01 -2.00149E-02
    6368.472    141.472   6.450  9.51466E-01  9.74866E-01 -2.36784E-02
    6370.939    143.939   6.500  9.52267E-01  9.75072E-01 -2.30437E-02
    6373.425    146.425   6.550  9.55333E-01  9.73133E-01 -1.80252E-02
    6375.930    148.930   6.600  9.61604E-01  9.71193E-01 -9.73113E-03
    6378.454    151.454   6.650  9.69315E-01  9.69254E-01  6.27019E-05
    6380.997    153.997   6.700  9.76491E-01  9.67314E-01  9.35361E-03
    6383.560    156.559   6.750  9.81395E-01  9.65375E-01  1.63650E-02
    6386.141    159.140   6.800  9.82872E-01  9.63436E-01  1.98981E-02
    6388.741    161.741   6.850  9.80524E-01  9.61496E-01  1.95226E-02
    6391.360    164.360   6.900  9.74721E-01  9.59557E-01  1.55923E-02
    6393.999    166.998   6.950  9.66459E-01  9.57617E-01  9.11112E-03
    6396.656    169.656   7.000  9.57125E-01  9.55678E-01  1.49466E-03
    6399.333    172.332   7.050  9.48622E-01  9.54111E-01 -5.68022E-03
    6402.028    175.028   7.100  9.41855E-01  9.52544E-01 -1.10851E-02
    6404.743    177.743   7.150  9.37631E-01  9.50977E-01 -1.38683E-02
    6407.477    180.476   7.200  9.36174E-01  9.49410E-01 -1.37828E-02
    6410.229    183.229   7.250  9.37110E-01  9.47843E-01 -1.11994E-02
    6413.001    186.001   7.300  9.39590E-01  9.46276E-01 -6.99106E-03
    6415.792    188.792   7.350  9.42511E-01  9.44709E-01 -2.30328E-03
    6418.602    191.601   7.400  9.44804E-01  9.43142E-01  1.74553E-03
    6421.431    194.430   7.450  9.45722E-01  9.41575E-01  4.36360E-03
    6424.279    197.278   7.500  9.45036E-01  9.40008E-01  5.30067E-03
    6427.146    200.145   7.550  9.43773E-01  9.39118E-01  4.91273E-03
    6430.032    203.031   7.600  9.42048E-01  9.38229E-01  4.03491E-03
    6432.937    205.936   7.650  9.40751E-01  9.37339E-01  3.60887E-03
    6435.861    208.861   7.700  9.40543E-01  9.36449E-01  4.33417E-03
    6438.804    211.804   7.750  9.41560E-01  9.35560E-01  6.36020E-03
    6441.767    214.766   7.800  9.43301E-01  9.34670E-01  9.15773E-03
    6444.748    217.747   7.850  9.44732E-01  9.33780E-01  1.16334E-02
    6447.748    220.748   7.900  9.44616E-01  9.32891E-01  1.24685E-02
    6450.768    223.767   7.950  9.41939E-01  9.32001E-01  1.05791E-02
    6453.806    226.806   8.000  9.36315E-01  9.31111E-01  5.54558E-03
    6456.864    229.863   8.050  9.28195E-01  9.30265E-01 -2.20754E-03
    6459.940    232.940   8.100  9.18921E-01  9.29418E-01 -1.12036E-02
    6463.036    236.035   8.150  9.10294E-01  9.28571E-01 -1.95242E-02
    6466.150    239.150   8.200  9.04108E-01  9.27725E-01 -2.52471E-02
    6469.284    242.284   8.250  9.01668E-01  9.26878E-01 -2.69720E-02
    6472.437    245.436   8.300  9.03438E-01  9.26032E-01 -2.41916E-02
    6475.609    248.608   8.350  9.08947E-01  9.25185E-01 -1.73999E-02
    6478.800    251.799   8.400  9.16952E-01  9.24338E-01 -7.92088E-03
    6482.009    255.009   8.450  9.25789E-01  9.23492E-01  2.46576E-03
    6485.238    258.238   8.500  9.33788E-01  9.22645E-01  1.19694E-02
    6488.486    261.486   8.550  9.39032E-01  9.21205E-01  1.91772E-02
    6491.754    264.753   8.600  9.41342E-01  9.19765E-01  2.32466E-02
    6495.040    268.039   8.650  9.40536E-01  9.18326E-01  2.39663E-02
    6498.345    271.344   8.700  9.36917E-01  9.16886E-01  2.16479E-02
    6501.669    274.669   8.750  9.31122E-01  9.15446E-01  1.69670E-02
    6505.012    278.012   8.800  9.23982E-01  9.14006E-01  1.08135E-02
    6508.375    281.374   8.850  9.16415E-01  9.12567E-01  4.17758E-03
    6511.756    284.756   8.900  9.09340E-01  9.11127E-01 -1.94267E-03
    6515.156    288.156   8.950  9.03580E-01  9.09687E-01 -6.65115E-03
    6518.576    291.575   9.000  8.99717E-01  9.08247E-01 -9.30500E-03
    6522.014    295.014   9.050  8.97659E-01  9.06536E-01 -9.70258E-03
    6525.472    298.471   9.100  8.97302E-01  9.04824E-01 -8.23974E-03
    6528.949    301.948   9.150  8.97814E-01  9.03112E-01 -5.81649E-03
    6532.444    305.444   9.200  8.98052E-01  9.01400E-01 -3.68372E-03
    6535.959    308.958   9.250  8.96902E-01  8.99688E-01 -3.07243E-03
    6539.493    312.492   9.300  8.93689E-01  8.97977E-01 -4.73825E-03
    6543.045    316.045   9.350  8.88518E-01  8.96265E-01 -8.57973E-03
    6546.617    319.617   9.400  8.82391E-01  8.94553E-01 -1.34991E-02
    6550.208    323.208   9.450  8.77007E-01  8.92841E-01 -1.76138E-02
    6553.818    326.818   9.500  8.74258E-01  8.91130E-01 -1.88086E-02
    6557.447    330.447   9.550  8.75892E-01  8.89737E-01 -1.54635E-02
    6561.095    334.095   9.600  8.81930E-01  8.88344E-01 -7.17783E-03
    6564.762    337.762   9.650  8.91288E-01  8.86951E-01  4.86244E-03
    6568.449    341.448   9.700  9.01630E-01  8.85558E-01  1.80550E-02
    6572.154    345.153   9.750  9.09973E-01  8.84166E-01  2.90481E-02
    6575.878    348.878   9.800  9.13578E-01  8.82773E-01  3.47405E-02
    6579.621    352.621   9.850  9.10847E-01  8.81380E-01  3.32955E-02
    6583.384    356.383   9.900  9.01906E-01  8.79987E-01  2.48151E-02
    6587.165    360.165   9.950  8.88661E-01  8.78595E-01  1.14183E-02
    6590.966    363.965  10.000  8.74261E-01  8.77202E-01 -3.34244E-03
    6594.785    367.785  10.050  8.62179E-01  8.75841E-01 -1.55532E-02
    6598.624    371.623  10.100  8.55024E-01  8.74480E-01 -2.21853E-02
    6602.481    375.481  10.150  8.53832E-01  8.73119E-01 -2.20282E-02
    6606.358    379.357  10.200  8.57735E-01  8.71758E-01 -1.60424E-02
    6610.254    383.253  10.250  8.64312E-01  8.70396E-01 -6.97230E-03
    6614.168    387.168  10.300  8.70462E-01  8.69035E-01  1.63686E-03
    6618.102    391.102  10.350  8.73482E-01  8.67674E-01  6.67633E-03
    6622.055    395.055  10.400  8.71983E-01  8.66313E-01  6.52853E-03
    6626.027    399.026  10.450  8.66315E-01  8.64952E-01  1.57142E-03
    6630.018    403.017  10.500  8.58366E-01  8.63591E-01 -6.03658E-03
    6634.028    407.027  10.550  8.50825E-01  8.62230E-01 -1.31987E-02
    6638.057    411.057  10.600  8.46176E-01  8.60869E-01 -1.70315E-02
    6642.105    415.105  10.650  8.45814E-01  8.59508E-01 -1.59004E-02
    6646.172    419.172  10.700  8.49577E-01  8.58147E-01 -9.96705E-03
    6650.258    423.258  10.750  8.55874E-01  8.56786E-01 -1.06243E-03
    6654.364    427.363  10.800  8.62318E-01  8.55425E-01  8.04462E-03
    6658.488    431.488  10.850  8.66631E-01  8.54064E-01  1.46896E-02
    6662.631    435.631  10.900  8.67448E-01  8.52702E-01  1.72653E-02
    6666.794    439.793  10.950  8.64753E-01  8.51341E-01  1.57291E-02
    6670.975    443.975  11.000  8.59763E-01  8.49980E-01  1.14923E-02
    6675.176    448.175  11.050  8.54172E-01  8.48422E-01  6.76779E-03
    6679.395    452.395  11.100  8.49880E-01  8.46865E-01  3.55582E-03
    6683.634    456.633  11.150  8.47801E-01  8.45307E-01  2.94741E-03
    6687.892    460.891  11.200  8.47690E-01  8.43749E-01  4.66559E-03
    6692.168    465.168  11.250  8.48289E-01  8.42191E-01  7.23218E-03
    6696.464    469.464  11.300  8.47887E-01  8.40633E-01  8.62021E-03
    6700.779    473.778  11.350  8.45056E-01  8.39075E-01  7.12070E-03
    6705.113    478.112  11.400  8.39258E-01  8.37517E-01  2.07645E-03
    6709.466    482.465  11.450  8.31105E-01  8.35959E-01 -5.80129E-03
    6713.838    486.837  11.500  8.22170E-01  8.34401E-01 -1.46459E-02
    6718.229    491.228  11.550  8.14439E-01  8.32844E-01 -2.20811E-02
    6722.639    495.638  11.600  8.09623E-01  8.31286E-01 -2.60399E-02
    6727.068    500.067  11.650  8.08603E-01  8.29728E-01 -2.54431E-02
    6731.516    504.515  11.700  8.11186E-01  8.28170E-01 -2.04950E-02
    6735.983    508.983  11.750  8.16261E-01  8.26612E-01 -1.25150E-02
    6740.469    513.469  11.800  8.22240E-01  8.25054E-01 -3.40860E-03
    6744.975    517.974  11.850  8.27608E-01  8.23496E-01  4.99151E-03
    6749.499    522.499  11.900  8.31356E-01  8.21938E-01  1.14540E-02
    6754.042    527.042  11.950  8.33155E-01  8.20380E-01  1.55669E-02
    6758.605    531.604  12.000  8.33245E-01  8.18823E-01  1.76095E-02
    6763.186    536.186  12.050  8.32302E-01  8.17352E-01  1.82856E-02
    6767.787    540.786  12.100  8.30547E-01  8.15881E-01  1.79689E-02
    6772.406    545.406  12.150  8.28116E-01  8.14410E-01  1.68215E-02
    6777.045    550.045  12.200  8.24901E-01  8.12939E-01  1.47060E-02
    6781.703    554.702  12.250  8.20726E-01  8.11468E-01  1.14013E-02
    6786.380    559.379  12.300  8.15576E-01  8.09997E-01  6.88313E-03
    6791.075    564.075  12.350  8.09743E-01  8.08526E-01  1.50467E-03
    6795.790    568.790  12.400  8.03801E-01  8.07055E-01 -4.02754E-03
    6800.524    573.524  12.450  7.98422E-01  8.05584E-01 -8.88157E-03
    6805.277    578.277  12.500  7.94114E-01  8.04113E-01 -1.24204E-02
    6810.049    583.049  12.550  7.91029E-01  8.02642E-01 -1.44515E-02
    6814.840    587.840  12.600  7.88922E-01  8.01171E-01 -1.52692E-02
    6819.650    592.650  12.650  7.87325E-01  7.99700E-01 -1.54533E-02
    6824.479    597.479  12.700  7.85833E-01  7.98229E-01 -1.55067E-02
    6829.328    602.327  12.750  7.84383E-01  7.96758E-01 -1.55075E-02
    6834.195    607.194  12.800  7.83373E-01  7.95287E-01 -1.49565E-02
    6839.081    612.081  12.850  7.83537E-01  7.93816E-01 -1.29271E-02
    6843.987    616.986  12.900  7.85606E-01  7.92345E-01 -8.48935E-03
    6848.911    621.911  12.950  7.89888E-01  7.90874E-01 -1.24401E-03
    6853.854    626.854  13.000  7.95941E-01  7.89403E-01  8.26534E-03
    6858.817    631.817  13.050  8.02416E-01  7.87785E-01  1.85352E-02
    6863.798    636.798  13.100  8.07623E-01  7.86167E-01  2.72358E-02
    6868.799    641.799  13.150  8.09724E-01  7.84548E-01  3.20225E-02
    6873.819    646.818  13.200  8.07487E-01  7.82930E-01  3.12997E-02
    6878.857    651.857  13.250  8.00753E-01  7.81312E-01  2.48301E-02
    6883.915    656.915  13.300  7.90568E-01  7.79694E-01  1.39174E-02
    6888.992    661.992  13.350  7.78910E-01  7.78075E-01  1.07080E-03
    6894.088    667.087  13.400  7.68098E-01  7.76457E-01 -1.07424E-02
    6899.203    672.202  13.450  7.60085E-01  7.74839E-01 -1.90000E-02
    6904.337    677.336  13.500  7.55891E-01  7.73221E-01 -2.23626E-02
    6909.490    682.489  13.550  7.55368E-01  7.71602E-01 -2.09926E-02
    6914.662    687.661  13.600  7.57362E-01  7.69984E-01 -1.63562E-02
    6919.853    692.852  13.650  7.60200E-01  7.68366E-01 -1.06032E-02
    6925.063    698.063  13.700  7.62316E-01  7.66748E-01 -5.76661E-03
    6930.292    703.292  13.750  7.62768E-01  7.65129E-01 -3.07897E-03
    6935.540    708.540  13.800  7.61490E-01  7.63511E-01 -2.64084E-03
    6940.808    713.807  13.850  7.59194E-01  7.61893E-01 -3.53360E-03
    6946.094    719.094  13.900  7.56998E-01  7.60274E-01 -4.29951E-03
    6951.400    724.399  13.950  7.55931E-01  7.58656E-01 -3.58333E-03
    6956.724    729.724  14.000  7.56517E-01  7.57038E-01 -6.86817E-04
    6962.067    735.067  14.050  7.58629E-01  7.55469E-01  4.17302E-03
    6967.430    740.430  14.100  7.61419E-01  7.53900E-01  9.94986E-03
    6972.812    745.811  14.150  7.63729E-01  7.52330E-01  1.51140E-02
    6978.212    751.212  14.200  7.64452E-01  7.50761E-01  1.81910E-02
    6983.632    756.632  14.250  7.62892E-01  7.49192E-01  1.82401E-02
    6989.071    762.070  14.300  7.58960E-01  7.47623E-01  1.51258E-02
    6994.529    767.528  14.350  7.53169E-01  7.46054E-01  9.51300E-03
    7000.005    773.005  14.400  7.46440E-01  7.44485E-01  2.62023E-03
    7005.501    778.501  14.450  7.39816E-01  7.42915E-01 -4.16044E-03
    7011.016    784.016  14.500  7.34183E-01  7.41346E-01 -9.63731E-03
    7016.550    789.550  14.550  7.30080E-01  7.39777E-01 -1.30739E-02
    7022.103    795.103  14.600  7.27645E-01  7.38208E-01 -1.42699E-02
    7027.675    800.675  14.650  7.26681E-01  7.36639E-01 -1.34814E-02
    7033.267    806.266  14.700  7.26784E-01  7.35069E-01 -1.12413E-02
    7038.877    811.876  14.750  7.27497E-01  7.33500E-01 -8.16133E-03
    7044.506    817.506  14.800  7.28423E-01  7.31931E-01 -4.77970E-03
    7050.154    823.154  14.850  7.29271E-01  7.30362E-01 -1.48931E-03
    7055.822    828.821  14.900  7.29859E-01  7.28793E-01  1.45901E-03
    7061.508    834.508  14.950  7.30073E-01  7.27224E-01  3.90766E-03
    7067.214    840.213  15.000  7.29829E-01  7.25654E-01  5.73706E-03
    7072.938    845.938  15.050  7.28975E-01  7.24012E-01  6.83481E-03
    7078.682    851.681  15.100  7.27524E-01  7.22370E-01  7.11532E-03
    7084.444    857.444  15.150  7.25457E-01  7.20728E-01  6.54285E-03
    7090.226    863.225  15.200  7.22821E-01  7.19085E-01  5.18104E-03
    7096.027    869.026  15.250  7.19767E-01  7.17443E-01  3.23038E-03
    7101.846    874.846  15.300  7.16541E-01  7.15801E-01  1.03178E-03
    7107.685    880.685  15.350  7.13457E-01  7.14158E-01 -9.79964E-04
    7113.543    886.543  15.400  7.10821E-01  7.12516E-01 -2.37213E-03
    7119.420    892.419  15.450  7.08850E-01  7.10874E-01 -2.83819E-03
    7125.316    898.315  15.500  7.07588E-01  7.09232E-01 -2.31039E-03
    7131.231    904.230  15.550  7.06869E-01  7.07589E-01 -1.01477E-03
    7137.165    910.164  15.600  7.06348E-01  7.05947E-01  5.66010E-04
    7143.118    916.118  15.650  7.05595E-01  7.04305E-01  1.82749E-03
    7149.090    922.090  15.700  7.04243E-01  7.02662E-01  2.24255E-03
    7155.081    928.081  15.750  7.02116E-01  7.01020E-01  1.55865E-03
    7161.092    934.091  15.800  6.99319E-01  6.99378E-01 -8.40746E-05
    7167.121    940.120  15.850  6.96216E-01  6.97736E-01 -2.17153E-03
    7173.169    946.169  15.900  6.93314E-01  6.96093E-01 -3.98073E-03
    7179.237    952.236  15.950  6.91079E-01  6.94451E-01 -4.84196E-03
    7185.323    958.323  16.000  6.89750E-01  6.92809E-01 -4.40227E-03
    7191.429    964.428  16.050  6.89254E-01  6.91196E-01 -2.80274E-03
    7197.553    970.553  16.100  6.89182E-01  6.89584E-01 -5.81939E-04
    7203.697    976.696  16.150  6.88971E-01  6.87972E-01  1.44812E-03
    7209.859    982.859  16.200  6.88109E-01  6.86359E-01  2.54166E-03
    7216.041    989.041  16.250  6.86347E-01  6.84747E-01  2.33041E-03
    7222.242    995.241  16.300  6.83818E-01  6.83134E-01  9.97710E-04
    7228.462   1001.461  16.350  6.80997E-01  6.81522E-01 -7.68164E-04
    7234.700   1007.700  16.400  6.78520E-01  6.79910E-01 -2.03781E-03
    7240.958   1013.958  16.450  6.76919E-01  6.78297E-01 -2.02615E-03
    7247.235   1020.235  16.500  6.76383E-01  6.76685E-01 -4.45547E-04
    7253.531   1026.531  16.550  6.76646E-01  6.75073E-01  2.32440E-03
    7259.846   1032.846  16.600  6.77062E-01  6.73460E-01  5.33399E-03
    7266.180   1039.180  16.650  6.76837E-01  6.71848E-01  7.40486E-03
    7272.534   1045.533  16.700  6.75336E-01  6.70236E-01  7.58929E-03
    7278.906   1051.905  16.750  6.72355E-01  6.68623E-01  5.56559E-03
    7285.297   1058.297  16.800  6.68218E-01  6.67011E-01  1.80469E-03
    7291.707   1064.707  16.850  6.63684E-01  6.65398E-01 -2.56992E-03
    7298.137   1071.136  16.900  6.59669E-01  6.63786E-01 -6.18456E-03
    7304.585   1077.585  16.950  6.56910E-01  6.62174E-01 -7.92710E-03
    7311.053   1084.052  17.000  6.55682E-01  6.60561E-01 -7.36644E-03
    7317.539   1090.539  17.050  6.55715E-01  6.58953E-01 -4.90106E-03
    7324.045   1097.044  17.100  6.56271E-01  6.57345E-01 -1.62967E-03
    7330.569   1103.569  17.150  6.56477E-01  6.55737E-01  1.12408E-03
    7337.113   1110.112  17.200  6.55660E-01  6.54129E-01  2.33385E-03
    7343.676   1116.675  17.250  6.53616E-01  6.52522E-01  1.67249E-03
    7350.257   1123.257  17.300  6.50671E-01  6.50914E-01 -3.72150E-04
    7356.858   1129.858  17.350  6.47540E-01  6.49306E-01 -2.71133E-03
    7363.478   1136.477  17.400  6.45028E-01  6.47698E-01 -4.10992E-03
    7370.117   1143.116  17.450  6.43695E-01  6.46090E-01 -3.69589E-03
    7376.775   1149.774  17.500  6.43629E-01  6.44482E-01 -1.32013E-03
    7383.452   1156.451  17.550  6.44404E-01  6.42874E-01  2.37407E-03
    7390.148   1163.147  17.600  6.45248E-01  6.41266E-01  6.19359E-03
    7396.863   1169.862  17.650  6.45332E-01  6.39658E-01  8.84714E-03
    7403.597   1176.597  17.700  6.44079E-01  6.38050E-01  9.42377E-03
    7410.350   1183.350  17.750  6.41364E-01  6.36442E-01  7.71204E-03
    7417.122   1190.122  17.800  6.37536E-01  6.34834E-01  4.24506E-03
    7423.914   1196.913  17.850  6.33270E-01  6.33226E-01  6.94584E-05
    7430.724   1203.724  17.900  6.29303E-01  6.31618E-01 -3.65527E-03
    7437.554   1210.553  17.950  6.26181E-01  6.30010E-01 -6.06166E-03
    7444.402   1217.402  18.000  6.24100E-01  6.28402E-01 -6.82840E-03
    7451.269   1224.269  18.050  6.22893E-01  6.26797E-01 -6.21191E-03
    7458.156   1231.156  18.100  6.22171E-01  6.25191E-01 -4.81728E-03
    7465.062   1238.061  18.150  6.21507E-01  6.23585E-01 -3.32265E-03
    7471.986   1244.986  18.200  6.20617E-01  6.21979E-01 -2.18388E-03
    7478.930   1251.930  18.250  6.19446E-01  6.20373E-01 -1.49098E-03
    7485.893   1258.892  18.300  6.18141E-01  6.18767E-01 -1.01009E-03
    7492.874   1265.874  18.350  6.16931E-01  6.17161E-01 -3.71826E-04
    7499.875   1272.875  18.400  6.15983E-01  6.15556E-01  6.93006E-04
    7506.895   1279.895  18.450  6.15293E-01  6.13950E-01  2.18236E-03
    7513.934   1286.934  18.500  6.14671E-01  6.12344E-01  3.79180E-03
    7520.992   1293.992  18.550  6.13818E-01  6.10738E-01  5.03206E-03
    7528.069   1301.069  18.600  6.12452E-01  6.09132E-01  5.43774E-03
    7535.165   1308.165  18.650  6.10432E-01  6.07526E-01  4.77225E-03
    7542.280   1315.280  18.700  6.07827E-01  6.05920E-01  3.13986E-03
    7549.415   1322.414  18.750  6.04895E-01  6.04315E-01  9.58949E-04
    7556.568   1329.567  18.800  6.01991E-01  6.02709E-01 -1.18875E-03
    7563.740   1336.740  18.850  5.99436E-01  6.01103E-01 -2.76719E-03
    7570.932   1343.931  18.900  5.97414E-01  5.99497E-01 -3.46727E-03
    7578.142   1351.142  18.950  5.95920E-01  5.97891E-01 -3.29040E-03
    7585.371   1358.371  19.000  5.94786E-01  5.96285E-01 -2.50888E-03
    7592.620   1365.619  19.050  5.93812E-01  5.94724E-01 -1.53056E-03
    7599.887   1372.887  19.100  5.92731E-01  5.93162E-01 -7.24583E-04
    7607.174   1380.174  19.150  5.91430E-01  5.91601E-01 -2.87060E-04
    7614.480   1387.479  19.200  5.89924E-01  5.90039E-01 -1.94312E-04
    7621.804   1394.804  19.250  5.88326E-01  5.88477E-01 -2.56309E-04
    7629.148   1402.148  19.300  5.86777E-01  5.86916E-01 -2.36556E-04
    7636.511   1409.510  19.350  5.85366E-01  5.85354E-01  1.95756E-05
    7643.893   1416.892  19.400  5.84088E-01  5.83793E-01  5.05428E-04
    7651.294   1424.293  19.450  5.82846E-01  5.82231E-01  1.05535E-03
    7658.714   1431.713  19.500  5.81498E-01  5.80670E-01  1.42455E-03
    7666.153   1439.152  19.550  5.79925E-01  5.79108E-01  1.40894E-03
    7673.611   1446.610  19.600  5.78096E-01  5.77546E-01  9.51115E-04
    7681.088   1454.087  19.650  5.76091E-01  5.75985E-01  1.84787E-04
    7688.584   1461.583  19.700  5.74076E-01  5.74423E-01 -6.03739E-04
    7696.099   1469.099  19.750  5.72240E-01  5.72862E-01 -1.08430E-03
    7703.633   1476.633  19.800  5.70717E-01  5.71300E-01 -1.01960E-03
    7711.187   1484.186  19.850  5.69525E-01  5.69739E-01 -3.74889E-04
    7718.759   1491.759  19.900  5.68544E-01  5.68177E-01  6.45704E-04
    7726.350   1499.350  19.950  5.67554E-01  5.66615E-01  1.65587E-03
    7733.961   1506.960  20.000  5.66310E-01  5.65054E-01  2.22128E-03
