# # Once                                                         FEFF 9.6.4  
# # POT  SCF  30  6.0000   0, core-hole, AFOLP (folp(0)= 1.150)
# # Abs   Z=27 Rmt= 1.357 Rnm= 1.405 K  shell
# # Pot 1 Z=62 Rmt= 1.642 Rnm= 1.693
# # Pot 2 Z=27 Rmt= 1.346 Rnm= 1.400
# # Gam_ch=1.436E+00 H-L exch Vi= 0.000E+00 Vr= 0.000E+00
# # Mu=-1.761E+01 kf=2.042E+00 Vint=-2.600E+01 Rs_int= 1.776
# # PATH  Rmax= 6.000,  Keep_limit= 0.00, Heap_limit 0.00  Pwcrit= 2.50%
#  S02=1.000  Temp=   0.00  Debye_temp=   0.00  Global_sig2= 0.00000
#  Energy zero shift, vr, vi    0.00000E+00   0.00000E+00
#  Curved wave amplitude ratio filter   4.000%
#     file         sig2 tot  cw amp ratio   deg  nlegs   reff  inp sig2
#           1       0.00000    100.00      6.00     2   2.4686
#           2       0.00000     35.07      2.00     2   2.7867
#           3       0.00000     38.90      3.00     2   2.7867
#           4       0.00000     21.92      2.00     2   3.0113
#           5       0.00000     10.96      2.00     2   4.0467
#           6       0.00000     10.77      2.00     2   4.0755
#           7       0.00000     59.52     12.00     2   4.2121
#           8       0.00000     20.98      6.00     2   4.8266
#           9       0.00000     20.55      4.00     2   4.9371
#          10       0.00000     19.76      6.00     2   4.9371
#          11       0.00000     30.73     12.00     2   5.4213
#          12       0.00000      7.51      2.00     2   5.5733
#          13       0.00000      7.12      3.00     2   5.5733
#          14       0.00000      4.49      2.00     2   5.6889
#          15       0.00000      4.02      2.00     2   5.9143
#    15/  15 paths used
#  xsedge+50, used to normalize mu           2.9267E-04
#  -----------------------------------------------------------------------
#  omega    e    k    mu    mu0     chi     @#
    7718.699    -17.601   0.050  3.17803E-01  2.94994E-01  4.52683E-02
    7718.727    -17.572   0.100  3.22134E-01  2.99710E-01  4.44102E-02
    7718.775    -17.525   0.150  3.35118E-01  3.13645E-01  4.22598E-02
    7718.842    -17.458   0.200  3.48220E-01  3.27582E-01  4.03655E-02
    7718.927    -17.372   0.250  3.68761E-01  3.49233E-01  3.78057E-02
    7719.032    -17.267   0.300  3.89484E-01  3.70884E-01  3.56480E-02
    7719.156    -17.144   0.350  4.12745E-01  3.95936E-01  3.17751E-02
    7719.299    -17.001   0.400  4.36002E-01  4.20988E-01  2.79985E-02
    7719.461    -16.839   0.450  4.56480E-01  4.44949E-01  2.11444E-02
    7719.642    -16.658   0.500  4.76521E-01  4.68910E-01  1.37267E-02
    7719.842    -16.458   0.550  4.93005E-01  4.90187E-01  4.98596E-03
    7720.061    -16.239   0.600  5.08559E-01  5.11464E-01 -5.04361E-03
    7720.299    -16.001   0.650  5.19746E-01  5.30596E-01 -1.84442E-02
    7720.556    -15.743   0.700  5.29143E-01  5.49728E-01 -3.42766E-02
    7720.832    -15.467   0.750  5.31373E-01  5.67584E-01 -5.89629E-02
    7721.128    -15.172   0.800  5.30683E-01  5.85441E-01 -8.72345E-02
    7721.442    -14.858   0.850  5.20938E-01  6.02641E-01 -1.27212E-01
    7721.775    -14.524   0.900  5.08186E-01  6.19842E-01 -1.69997E-01
    7722.128    -14.172   0.950  4.87218E-01  6.36667E-01 -2.22372E-01
    7722.499    -13.800   1.000  4.65405E-01  6.53492E-01 -2.73653E-01
    7722.890    -13.410   1.050  4.39929E-01  6.69997E-01 -3.27278E-01
    7723.299    -13.000   1.100  4.18012E-01  6.86501E-01 -3.73618E-01
    7723.728    -12.572   1.150  3.99205E-01  7.02613E-01 -4.13201E-01
    7724.176    -12.124   1.200  3.88909E-01  7.18724E-01 -4.39781E-01
    7724.642    -11.657   1.250  3.87774E-01  7.34275E-01 -4.52738E-01
    7725.128    -11.171   1.300  3.98642E-01  7.49826E-01 -4.49810E-01
    7725.633    -10.667   1.350  4.22199E-01  7.64640E-01 -4.30455E-01
    7726.157    -10.143   1.400  4.58843E-01  7.79454E-01 -3.95656E-01
    7726.700     -9.600   1.450  5.08834E-01  7.93326E-01 -3.45174E-01
    7727.262     -9.038   1.500  5.70255E-01  8.07199E-01 -2.82725E-01
    7727.843     -8.457   1.550  6.42441E-01  8.19941E-01 -2.08631E-01
    7728.443     -7.857   1.600  7.21047E-01  8.32683E-01 -1.29284E-01
    7729.062     -7.238   1.650  8.03882E-01  8.44137E-01 -4.60162E-02
    7729.700     -6.599   1.700  8.84740E-01  8.55592E-01  3.28942E-02
    7730.357     -5.942   1.750  9.60055E-01  8.65660E-01  1.05367E-01
    7731.034     -5.266   1.800  1.02387E+00  8.75727E-01  1.63586E-01
    7731.729     -4.571   1.850  1.07265E+00  8.84318E-01  2.06115E-01
    7732.443     -3.856   1.900  1.10370E+00  8.92908E-01  2.28665E-01
    7733.177     -3.123   1.950  1.11537E+00  8.99926E-01  2.32108E-01
    7733.929     -2.370   2.000  1.11021E+00  9.06943E-01  2.17493E-01
    7734.701     -1.599   2.050  1.08808E+00  9.11466E-01  1.88244E-01
    7735.491     -0.808   2.100  1.05700E+00  9.15988E-01  1.49721E-01
    7736.301      0.001   2.150  1.02272E+00  9.20510E-01  1.08108E-01
    7737.130      0.830   2.200  9.90219E-01  9.25032E-01  6.86817E-02
    7737.977      1.678   2.250  9.57000E-01  9.26065E-01  3.25913E-02
    7738.844      2.545   2.300  9.33284E-01  9.27097E-01  6.51719E-03
    7739.730      3.430   2.350  9.18963E-01  9.28130E-01 -9.65648E-03
    7740.635      4.335   2.400  9.12119E-01  9.29162E-01 -1.79520E-02
    7741.559      5.259   2.450  9.15040E-01  9.35479E-01 -2.14473E-02
    7742.502      6.202   2.500  9.18754E-01  9.41796E-01 -2.40876E-02
    7743.464      7.164   2.550  9.22609E-01  9.48113E-01 -2.65615E-02
    7744.445      8.145   2.600  9.26867E-01  9.54429E-01 -2.85981E-02
    7745.445      9.145   2.650  9.28803E-01  9.59115E-01 -3.13327E-02
    7746.464     10.164   2.700  9.32860E-01  9.63801E-01 -3.18634E-02
    7747.502     11.203   2.750  9.39180E-01  9.68488E-01 -3.00682E-02
    7748.560     12.260   2.800  9.47607E-01  9.73174E-01 -2.61318E-02
    7749.636     13.336   2.850  9.53673E-01  9.75595E-01 -2.23559E-02
    7750.731     14.432   2.900  9.61207E-01  9.78017E-01 -1.71029E-02
    7751.846     15.546   2.950  9.69858E-01  9.80438E-01 -1.07398E-02
    7752.979     16.680   3.000  9.79158E-01  9.82860E-01 -3.74936E-03
    7754.132     17.832   3.050  9.85838E-01  9.84300E-01  1.55444E-03
    7755.303     19.004   3.100  9.92599E-01  9.85741E-01  6.92463E-03
    7756.494     20.194   3.150  9.99428E-01  9.87182E-01  1.23459E-02
    7757.704     21.404   3.200  1.00631E+00  9.88623E-01  1.78078E-02
    7758.932     22.633   3.250  1.01067E+00  9.88896E-01  2.18984E-02
    7760.180     23.880   3.300  1.01551E+00  9.89169E-01  2.64563E-02
    7761.447     25.147   3.350  1.02091E+00  9.89442E-01  3.15733E-02
    7762.733     26.433   3.400  1.02670E+00  9.89715E-01  3.70754E-02
    7764.038     27.738   3.450  1.03238E+00  9.89982E-01  4.24743E-02
    7765.362     29.062   3.500  1.03779E+00  9.90249E-01  4.76019E-02
    7766.705     30.405   3.550  1.04197E+00  9.90516E-01  5.14974E-02
    7768.067     31.767   3.600  1.04378E+00  9.90783E-01  5.30099E-02
    7769.448     33.148   3.650  1.04207E+00  9.90567E-01  5.14881E-02
    7770.848     34.548   3.700  1.03639E+00  9.90352E-01  4.59927E-02
    7772.267     35.968   3.750  1.02616E+00  9.90136E-01  3.59622E-02
    7773.706     37.406   3.800  1.01139E+00  9.89920E-01  2.14204E-02
    7775.163     38.863   3.850  9.93588E-01  9.90162E-01  3.41608E-03
    7776.639     40.340   3.900  9.73271E-01  9.90404E-01 -1.70768E-02
    7778.135     41.835   3.950  9.52283E-01  9.90646E-01 -3.82158E-02
    7779.649     43.349   4.000  9.32845E-01  9.90888E-01 -5.77884E-02
    7781.183     44.883   4.050  9.17000E-01  9.91011E-01 -7.36350E-02
    7782.735     46.436   4.100  9.06790E-01  9.91134E-01 -8.38573E-02
    7784.307     48.007   4.150  9.03507E-01  9.91257E-01 -8.71834E-02
    7785.897     49.598   4.200  9.07520E-01  9.91381E-01 -8.32604E-02
    7787.507     51.208   4.250  9.18607E-01  9.91785E-01 -7.26040E-02
    7789.136     52.836   4.300  9.34774E-01  9.92190E-01 -5.69256E-02
    7790.784     54.484   4.350  9.53546E-01  9.92595E-01 -3.86878E-02
    7792.451     56.151   4.400  9.72046E-01  9.93000E-01 -2.07461E-02
    7794.137     57.837   4.450  9.88092E-01  9.93557E-01 -5.40684E-03
    7795.842     59.542   4.500  9.98910E-01  9.94114E-01  4.74269E-03
    7797.566     61.266   4.550  1.00339E+00  9.94671E-01  8.61779E-03
    7799.309     63.009   4.600  1.00180E+00  9.95228E-01  6.48848E-03
    7801.071     64.771   4.650  9.95672E-01  9.95625E-01  4.64084E-05
    7802.852     66.552   4.700  9.87824E-01  9.96022E-01 -8.08616E-03
    7804.652     68.352   4.750  9.81670E-01  9.96418E-01 -1.45412E-02
    7806.471     70.172   4.800  9.80513E-01  9.96815E-01 -1.60648E-02
    7808.310     72.010   4.850  9.86784E-01  9.97186E-01 -1.02473E-02
    7810.167     73.867   4.900  1.00155E+00  9.97557E-01  3.93528E-03
    7812.043     75.744   4.950  1.02404E+00  9.97929E-01  2.57091E-02
    7813.939     77.639   5.000  1.05168E+00  9.98300E-01  5.25318E-02
    7815.853     79.554   5.050  1.08016E+00  9.98453E-01  8.04043E-02
    7817.787     81.487   5.100  1.10491E+00  9.98606E-01  1.04589E-01
    7819.740     83.440   5.150  1.12131E+00  9.98759E-01  1.20564E-01
    7821.711     85.412   5.200  1.12584E+00  9.98912E-01  1.24856E-01
    7823.702     87.402   5.250  1.11606E+00  9.98801E-01  1.15364E-01
    7825.712     89.412   5.300  1.09301E+00  9.98691E-01  9.28152E-02
    7827.741     91.441   5.350  1.05937E+00  9.98580E-01  5.98389E-02
    7829.788     93.489   5.400  1.01952E+00  9.98469E-01  2.07296E-02
    7831.855     95.556   5.450  9.78267E-01  9.98096E-01 -1.95321E-02
    7833.941     97.642   5.500  9.41481E-01  9.97722E-01 -5.54279E-02
    7836.046     99.747   5.550  9.13410E-01  9.97348E-01 -8.27652E-02
    7838.170    101.871   5.600  8.96583E-01  9.96974E-01 -9.90386E-02
    7840.314    104.014   5.650  8.91384E-01  9.96326E-01 -1.03601E-01
    7842.476    106.176   5.700  8.96534E-01  9.95677E-01 -9.79448E-02
    7844.657    108.357   5.750  9.09014E-01  9.95028E-01 -8.50351E-02
    7846.857    110.558   5.800  9.25086E-01  9.94379E-01 -6.85537E-02
    7849.077    112.777   5.850  9.41188E-01  9.93561E-01 -5.18654E-02
    7851.315    115.015   5.900  9.54454E-01  9.92743E-01 -3.79545E-02
    7853.572    117.273   5.950  9.63484E-01  9.91924E-01 -2.82205E-02
    7855.849    119.549   6.000  9.68360E-01  9.91106E-01 -2.25923E-02
    7858.144    121.845   6.050  9.70338E-01  9.90093E-01 -1.96449E-02
    7860.459    124.159   6.100  9.71499E-01  9.89080E-01 -1.75042E-02
    7862.792    126.493   6.150  9.73958E-01  9.88068E-01 -1.40640E-02
    7865.145    128.845   6.200  9.79255E-01  9.87055E-01 -7.78422E-03
    7867.517    131.217   6.250  9.87939E-01  9.86042E-01  1.89477E-03
    7869.908    133.608   6.300  9.99454E-01  9.85030E-01  1.44301E-02
    7872.317    136.018   6.350  1.01233E+00  9.84017E-01  2.83570E-02
    7874.746    138.447   6.400  1.02460E+00  9.83004E-01  4.17063E-02
    7877.194    140.895   6.450  1.03432E+00  9.81991E-01  5.25347E-02
    7879.661    143.362   6.500  1.04009E+00  9.80979E-01  5.94201E-02
    7882.147    145.848   6.550  1.04115E+00  9.79991E-01  6.15554E-02
    7884.652    148.353   6.600  1.03806E+00  9.79003E-01  5.95120E-02
    7887.176    150.877   6.650  1.03200E+00  9.78016E-01  5.44717E-02
    7889.720    153.420   6.700  1.02452E+00  9.77028E-01  4.79800E-02
    7892.282    155.982   6.750  1.01704E+00  9.76040E-01  4.14681E-02
    7894.863    158.563   6.800  1.01043E+00  9.75053E-01  3.58304E-02
    7897.463    161.164   6.850  1.00481E+00  9.74065E-01  3.11767E-02
    7900.083    163.783   6.900  9.99499E-01  9.73077E-01  2.68263E-02
    7902.721    166.421   6.950  9.93284E-01  9.72090E-01  2.15458E-02
    7905.379    169.079   7.000  9.84821E-01  9.71102E-01  1.39641E-02
    7908.055    171.755   7.050  9.73195E-01  9.70260E-01  2.99039E-03
    7910.751    174.451   7.100  9.58126E-01  9.69419E-01 -1.15229E-02
    7913.465    177.166   7.150  9.40345E-01  9.68577E-01 -2.88435E-02
    7916.199    179.899   7.200  9.21513E-01  9.67736E-01 -4.72810E-02
    7918.952    182.652   7.250  9.03948E-01  9.66894E-01 -6.44675E-02
    7921.723    185.424   7.300  8.90158E-01  9.66053E-01 -7.78246E-02
    7924.514    188.215   7.350  8.82319E-01  9.65211E-01 -8.51060E-02
    7927.324    191.024   7.400  8.81793E-01  9.64370E-01 -8.48865E-02
    7930.153    193.853   7.450  8.88832E-01  9.63528E-01 -7.68814E-02
    7933.001    196.701   7.500  9.02498E-01  9.62686E-01 -6.20260E-02
    7935.868    199.568   7.550  9.20941E-01  9.61829E-01 -4.21916E-02
    7938.754    202.454   7.600  9.41413E-01  9.60972E-01 -2.02097E-02
    7941.659    205.359   7.650  9.61185E-01  9.60114E-01  1.10799E-03
    7944.583    208.284   7.700  9.77913E-01  9.59257E-01  1.93273E-02
    7947.527    211.227   7.750  9.90009E-01  9.58400E-01  3.27903E-02
    7950.489    214.189   7.800  9.96847E-01  9.57543E-01  4.08272E-02
    7953.470    217.170   7.850  9.98750E-01  9.56685E-01  4.37529E-02
    7956.470    220.171   7.900  9.96799E-01  9.55828E-01  4.26715E-02
    7959.490    223.190   7.950  9.92509E-01  9.54971E-01  3.91490E-02
    7962.528    226.229   8.000  9.87474E-01  9.54113E-01  3.48380E-02
    7965.586    229.286   8.050  9.82890E-01  9.53137E-01  3.11144E-02
    7968.662    232.363   8.100  9.79777E-01  9.52161E-01  2.89201E-02
    7971.758    235.458   8.150  9.78395E-01  9.51184E-01  2.85348E-02
    7974.873    238.573   8.200  9.78447E-01  9.50208E-01  2.96550E-02
    7978.006    241.707   8.250  9.79214E-01  9.49231E-01  3.15303E-02
    7981.159    244.859   8.300  9.79742E-01  9.48255E-01  3.31579E-02
    7984.331    248.031   8.350  9.79034E-01  9.47278E-01  3.34876E-02
    7987.522    251.222   8.400  9.76227E-01  9.46302E-01  3.16016E-02
    7990.732    254.432   8.450  9.70713E-01  9.45326E-01  2.68474E-02
    7993.961    257.661   8.500  9.62216E-01  9.44349E-01  1.89215E-02
    7997.209    260.909   8.550  9.50729E-01  9.43280E-01  7.89869E-03
    8000.476    264.176   8.600  9.36854E-01  9.42211E-01 -5.68785E-03
    8003.762    267.462   8.650  9.21404E-01  9.41142E-01 -2.09822E-02
    8007.067    270.767   8.700  9.05483E-01  9.40073E-01 -3.68166E-02
    8010.391    274.092   8.750  8.90408E-01  9.39004E-01 -5.17900E-02
    8013.735    277.435   8.800  8.77598E-01  9.37935E-01 -6.43841E-02
    8017.097    280.797   8.850  8.68429E-01  9.36866E-01 -7.31196E-02
    8020.478    284.179   8.900  8.64058E-01  9.35797E-01 -7.67439E-02
    8023.879    287.579   8.950  8.65241E-01  9.34728E-01 -7.44292E-02
    8027.298    290.998   9.000  8.72171E-01  9.33659E-01 -6.59453E-02
    8030.737    294.437   9.050  8.84305E-01  9.32572E-01 -5.18192E-02
    8034.194    297.894   9.100  9.00599E-01  9.31486E-01 -3.31937E-02
    8037.671    301.371   9.150  9.19390E-01  9.30399E-01 -1.18437E-02
    8041.166    304.867   9.200  9.38663E-01  9.29312E-01  1.00702E-02
    8044.681    308.381   9.250  9.56331E-01  9.28225E-01  3.02985E-02
    8048.215    311.915   9.300  9.70538E-01  9.27139E-01  4.68335E-02
    8051.768    315.468   9.350  9.79940E-01  9.26052E-01  5.82128E-02
    8055.340    319.040   9.400  9.83903E-01  9.24965E-01  6.37335E-02
    8058.930    322.631   9.450  9.82572E-01  9.23878E-01  6.35353E-02
    8062.540    326.241   9.500  9.76805E-01  9.22792E-01  5.85291E-02
    8066.169    329.870   9.550  9.68167E-01  9.21805E-01  5.02861E-02
    8069.817    333.518   9.600  9.58015E-01  9.20818E-01  4.03827E-02
    8073.485    337.185   9.650  9.47850E-01  9.19831E-01  3.04480E-02
    8077.171    340.871   9.700  9.38823E-01  9.18844E-01  2.17316E-02
    8080.876    344.576   9.750  9.31534E-01  9.17857E-01  1.48900E-02
    8084.600    348.301   9.800  9.25964E-01  9.16871E-01  9.91008E-03
    8088.344    352.044   9.850  9.21551E-01  9.15884E-01  6.18217E-03
    8092.106    355.806   9.900  9.17375E-01  9.14897E-01  2.70553E-03
    8095.887    359.588   9.950  9.12427E-01  9.13910E-01 -1.62025E-03
    8099.688    363.388  10.000  9.05901E-01  9.12923E-01 -7.68227E-03
    8103.507    367.208  10.050  8.97321E-01  9.11875E-01 -1.59382E-02
    8107.346    371.046  10.100  8.86989E-01  9.10826E-01 -2.61338E-02
    8111.203    374.904  10.150  8.75698E-01  9.09778E-01 -3.74033E-02
    8115.080    378.780  10.200  8.64731E-01  9.08729E-01 -4.83414E-02
    8118.976    382.676  10.250  8.55637E-01  9.07681E-01 -5.72435E-02
    8122.891    386.591  10.300  8.49940E-01  9.06632E-01 -6.24254E-02
    8126.824    390.525  10.350  8.48834E-01  9.05584E-01 -6.25568E-02
    8130.777    394.478  10.400  8.52935E-01  9.04535E-01 -5.69427E-02
    8134.749    398.449  10.450  8.62125E-01  9.03487E-01 -4.56950E-02
    8138.740    402.440  10.500  8.75532E-01  9.02438E-01 -2.97576E-02
    8142.750    406.450  10.550  8.91655E-01  9.01390E-01 -1.07781E-02
    8146.779    410.480  10.600  9.08596E-01  9.00341E-01  9.14888E-03
    8150.827    414.528  10.650  9.24364E-01  8.99293E-01  2.78189E-02
    8154.894    418.595  10.700  9.37195E-01  8.98245E-01  4.32685E-02
    8158.981    422.681  10.750  9.45819E-01  8.97196E-01  5.40720E-02
    8163.086    426.786  10.800  9.49618E-01  8.96148E-01  5.95292E-02
    8167.210    430.911  10.850  9.48673E-01  8.95099E-01  5.97100E-02
    8171.354    435.054  10.900  9.43663E-01  8.94051E-01  5.53561E-02
    8175.516    439.216  10.950  9.35675E-01  8.93002E-01  4.76664E-02
    8179.697    443.398  11.000  9.25952E-01  8.91954E-01  3.80192E-02
    8183.898    447.598  11.050  9.15502E-01  8.90729E-01  2.77402E-02
    8188.117    451.818  11.100  9.05300E-01  8.89504E-01  1.77114E-02
    8192.356    456.056  11.150  8.95845E-01  8.88280E-01  8.49444E-03
    8196.614    460.314  11.200  8.87257E-01  8.87055E-01  2.26556E-04
    8200.890    464.591  11.250  8.79372E-01  8.85830E-01 -7.27103E-03
    8205.186    468.887  11.300  8.71913E-01  8.84606E-01 -1.43093E-02
    8209.501    473.201  11.350  8.64667E-01  8.83381E-01 -2.11265E-02
    8213.835    477.535  11.400  8.57634E-01  8.82157E-01 -2.77215E-02
    8218.188    481.888  11.450  8.51097E-01  8.80932E-01 -3.37725E-02
    8222.560    486.260  11.500  8.45597E-01  8.79707E-01 -3.86655E-02
    8226.951    490.651  11.550  8.41809E-01  8.78483E-01 -4.16271E-02
    8231.361    495.061  11.600  8.40371E-01  8.77258E-01 -4.19264E-02
    8235.790    499.490  11.650  8.41688E-01  8.76033E-01 -3.90921E-02
    8240.238    503.938  11.700  8.45782E-01  8.74809E-01 -3.30835E-02
    8244.705    508.406  11.750  8.52234E-01  8.73584E-01 -2.43669E-02
    8249.192    512.892  11.800  8.60223E-01  8.72359E-01 -1.38710E-02
    8253.697    517.397  11.850  8.68664E-01  8.71135E-01 -2.82707E-03
    8258.221    521.922  11.900  8.76427E-01  8.69910E-01  7.46929E-03
    8262.765    526.465  11.950  8.82555E-01  8.68685E-01  1.59170E-02
    8267.327    531.027  12.000  8.86451E-01  8.67461E-01  2.18240E-02
    8271.909    535.609  12.050  8.87991E-01  8.66213E-01  2.50631E-02
    8276.509    540.209  12.100  8.87491E-01  8.64965E-01  2.59610E-02
    8281.129    544.829  12.150  8.85583E-01  8.63717E-01  2.52365E-02
    8285.767    549.468  12.200  8.83030E-01  8.62468E-01  2.37645E-02
    8290.425    554.125  12.250  8.80503E-01  8.61220E-01  2.23176E-02
    8295.102    558.802  12.300  8.78385E-01  8.59972E-01  2.13419E-02
    8299.798    563.498  12.350  8.76671E-01  8.58724E-01  2.08309E-02
    8304.513    568.213  12.400  8.74967E-01  8.57476E-01  2.03318E-02
    8309.246    572.947  12.450  8.72624E-01  8.56228E-01  1.90859E-02
    8313.999    577.700  12.500  8.68936E-01  8.54980E-01  1.62689E-02
    8318.771    582.472  12.550  8.63384E-01  8.53732E-01  1.12677E-02
    8323.562    587.263  12.600  8.55837E-01  8.52484E-01  3.92030E-03
    8328.373    592.073  12.650  8.46668E-01  8.51236E-01 -5.34850E-03
    8333.202    596.902  12.700  8.36737E-01  8.49988E-01 -1.55365E-02
    8338.050    601.750  12.750  8.27257E-01  8.48740E-01 -2.52248E-02
    8342.917    606.617  12.800  8.19550E-01  8.47492E-01 -3.28564E-02
    8347.803    611.504  12.850  8.14765E-01  8.46244E-01 -3.70691E-02
    8352.709    616.409  12.900  8.13617E-01  8.44995E-01 -3.70045E-02
    8357.633    621.334  12.950  8.16214E-01  8.43747E-01 -3.25182E-02
    8362.577    626.277  13.000  8.22004E-01  8.42499E-01 -2.42403E-02
    8367.539    631.240  13.050  8.29834E-01  8.41198E-01 -1.34623E-02
    8372.521    636.221  13.100  8.38323E-01  8.39897E-01 -1.86785E-03
    8377.521    641.222  13.150  8.45937E-01  8.38597E-01  8.72235E-03
    8382.541    646.241  13.200  8.51370E-01  8.37296E-01  1.67519E-02
    8387.580    651.280  13.250  8.53798E-01  8.35995E-01  2.12231E-02
    8392.637    656.338  13.300  8.53006E-01  8.34694E-01  2.18644E-02
    8397.714    661.415  13.350  8.49397E-01  8.33393E-01  1.91387E-02
    8402.810    666.510  13.400  8.43861E-01  8.32092E-01  1.40967E-02
    8407.925    671.625  13.450  8.37554E-01  8.30791E-01  8.11382E-03
    8413.059    676.759  13.500  8.31635E-01  8.29490E-01  2.57673E-03
    8418.212    681.912  13.550  8.27017E-01  8.28189E-01 -1.41065E-03
    8423.384    687.084  13.600  8.24203E-01  8.26888E-01 -3.23664E-03
    8428.575    692.275  13.650  8.23213E-01  8.25587E-01 -2.86664E-03
    8433.785    697.486  13.700  8.23631E-01  8.24286E-01 -7.92935E-04
    8439.014    702.715  13.750  8.24743E-01  8.22985E-01  2.12904E-03
    8444.263    707.963  13.800  8.25734E-01  8.21685E-01  4.91286E-03
    8449.530    713.230  13.850  8.25884E-01  8.20384E-01  6.68396E-03
    8454.816    718.517  13.900  8.24734E-01  8.19083E-01  6.87756E-03
    8460.122    723.822  13.950  8.22171E-01  8.17782E-01  5.35041E-03
    8465.446    729.147  14.000  8.18436E-01  8.16481E-01  2.38771E-03
    8470.790    734.490  14.050  8.13972E-01  8.15119E-01 -1.40241E-03
    8476.152    739.853  14.100  8.09498E-01  8.13757E-01 -5.21772E-03
    8481.534    745.234  14.150  8.05660E-01  8.12395E-01 -8.26659E-03
    8486.935    750.635  14.200  8.02943E-01  8.11034E-01 -9.94639E-03
    8492.354    756.055  14.250  8.01580E-01  8.09672E-01 -9.96516E-03
    8497.793    761.493  14.300  8.01512E-01  8.08310E-01 -8.38579E-03
    8503.251    766.951  14.350  8.02425E-01  8.06948E-01 -5.58913E-03
    8508.728    772.428  14.400  8.03832E-01  8.05586E-01 -2.17126E-03
    8514.224    777.924  14.450  8.05190E-01  8.04224E-01  1.19680E-03
    8519.739    783.439  14.500  8.06013E-01  8.02863E-01  3.91256E-03
    8525.273    788.973  14.550  8.05967E-01  8.01501E-01  5.55705E-03
    8530.826    794.526  14.600  8.04920E-01  8.00139E-01  5.95897E-03
    8536.398    800.098  14.650  8.02941E-01  7.98777E-01  5.19942E-03
    8541.989    805.689  14.700  8.00264E-01  7.97415E-01  3.56258E-03
    8547.599    811.299  14.750  7.97211E-01  7.96054E-01  1.44978E-03
    8553.228    816.929  14.800  7.94119E-01  7.94692E-01 -7.19452E-04
    8558.877    822.577  14.850  7.91266E-01  7.93330E-01 -2.59505E-03
    8564.544    828.244  14.900  7.88829E-01  7.91968E-01 -3.95390E-03
    8570.230    833.931  14.950  7.86868E-01  7.90606E-01 -4.71753E-03
    8575.936    839.636  15.000  7.85343E-01  7.89244E-01 -4.93103E-03
