# # Once                                                         FEFF 9.6.4  
# # POT  SCF 100  5.0000   0, core-hole, AFOLP (folp(0)= 1.150)
# # Abs   Z=27 Rmt= 1.363 Rnm= 1.419 K  shell
# # Pot 1 Z=62 Rmt= 1.706 Rnm= 1.756
# # Pot 2 Z=27 Rmt= 1.375 Rnm= 1.432
# # Gam_ch=1.436E+00 H-L exch Vi= 0.000E+00 Vr= 0.000E+00
# # Mu=-1.637E+01 kf=1.953E+00 Vint=-2.446E+01 Rs_int= 1.857
# # PATH  Rmax= 5.000,  Keep_limit= 0.00, Heap_limit 0.00  Pwcrit= 2.50%
#  S02=0.900  Temp= 293.00  Debye_temp= 264.00  Global_sig2= 0.00000
#  Energy zero shift, vr, vi    0.00000E+00   0.00000E+00
#  Curved wave amplitude ratio filter   4.000%
#     file         sig2 tot  cw amp ratio   deg  nlegs   reff  inp sig2
#           1       0.01194    100.00      4.00     2   2.4522
#           2       0.01220     96.15      4.00     2   2.5010
#           3       0.01096     83.83      4.00     2   3.1911
#           4       0.01353     18.34     16.00     3   3.7027
#           5       0.01666     17.47      2.00     2   3.9640
#           6       0.01228     12.54     16.00     3   4.2656
#           7       0.01692     56.90      8.00     2   4.3039
#           8       0.01693     27.99      4.00     2   4.3319
#           9       0.01632      8.02      8.00     3   4.4342
#          10       0.01669     13.99     16.00     3   4.6285
#          11       0.01669     16.52     16.00     3   4.6286
#          13       0.01673      7.73      8.00     3   4.6669
#          14       0.01706     45.65      8.00     2   4.6870
#          15       0.01218     34.64      4.00     2   4.7638
#          16       0.01698     22.87     16.00     3   4.7957
#          17       0.01712     11.61      4.00     3   4.9044
#          18       0.01712      9.93      4.00     4   4.9044
#          19       0.04776      5.31      4.00     4   4.9044
#          20       0.01825      6.20      8.00     4   4.9044
#          21       0.02046      4.90     16.00     4   4.9532
#          22       0.03037      5.44     16.00     4   4.9532
#    21/  22 paths used
#  xsedge+50, used to normalize mu           2.8980E-04
#  -----------------------------------------------------------------------
#  omega    e    k    mu    mu0     chi     @#
    7718.284    -16.367   0.000  2.30247E-01  3.08839E-01 -1.46406E-01
    7718.293    -16.357   0.050  2.36339E-01  3.13876E-01 -1.44127E-01
    7718.322    -16.328   0.100  2.42538E-01  3.18913E-01 -1.41662E-01
    7718.370    -16.281   0.150  2.61563E-01  3.33803E-01 -1.33140E-01
    7718.436    -16.214   0.200  2.81459E-01  3.48694E-01 -1.23133E-01
    7718.522    -16.128   0.250  3.14726E-01  3.71812E-01 -1.03474E-01
    7718.627    -16.024   0.300  3.49800E-01  3.94930E-01 -8.09716E-02
    7718.751    -15.900   0.350  3.94719E-01  4.21688E-01 -4.77215E-02
    7718.893    -15.757   0.400  4.41083E-01  4.48447E-01 -1.28522E-02
    7719.055    -15.595   0.450  4.88480E-01  4.73999E-01  2.48532E-02
    7719.236    -15.414   0.500  5.34902E-01  4.99551E-01  5.96766E-02
    7719.436    -15.214   0.550  5.74077E-01  5.22180E-01  8.59439E-02
    7719.655    -14.995   0.600  6.09012E-01  5.44808E-01  1.04341E-01
    7719.894    -14.757   0.650  6.32163E-01  5.65041E-01  1.06834E-01
    7720.151    -14.500   0.700  6.47955E-01  5.85273E-01  9.77510E-02
    7720.427    -14.223   0.750  6.49141E-01  6.04007E-01  6.88657E-02
    7720.722    -13.928   0.800  6.40967E-01  6.22741E-01  2.72226E-02
    7721.037    -13.614   0.850  6.17176E-01  6.40598E-01 -3.42162E-02
    7721.370    -13.280   0.900  5.84801E-01  6.58455E-01 -1.05291E-01
    7721.722    -12.928   0.950  5.39949E-01  6.75680E-01 -1.89833E-01
    7722.094    -12.557   1.000  4.92054E-01  6.92905E-01 -2.74959E-01
    7722.484    -12.166   1.050  4.41360E-01  7.09550E-01 -3.59485E-01
    7722.894    -11.757   1.100  3.97926E-01  7.26195E-01 -4.31023E-01
    7723.323    -11.328   1.150  3.65589E-01  7.42138E-01 -4.84698E-01
    7723.770    -10.880   1.200  3.51466E-01  7.58081E-01 -5.13311E-01
    7724.237    -10.413   1.250  3.59127E-01  7.73160E-01 -5.13185E-01
    7724.723     -9.928   1.300  3.89947E-01  7.88239E-01 -4.84871E-01
    7725.228     -9.423   1.350  4.43245E-01  8.02271E-01 -4.29918E-01
    7725.751     -8.899   1.400  5.14975E-01  8.16304E-01 -3.55019E-01
    7726.294     -8.356   1.450  5.99696E-01  8.29108E-01 -2.66384E-01
    7726.856     -7.794   1.500  6.90761E-01  8.41913E-01 -1.73012E-01
    7727.437     -7.213   1.550  7.80924E-01  8.53347E-01 -8.18658E-02
    7728.037     -6.613   1.600  8.64029E-01  8.64780E-01 -8.39031E-04
    7728.657     -5.994   1.650  9.34530E-01  8.74761E-01  6.60358E-02
    7729.295     -5.356   1.700  9.89033E-01  8.84742E-01  1.14037E-01
    7729.952     -4.699   1.750  1.02542E+00  8.93216E-01  1.43333E-01
    7730.628     -4.022   1.800  1.04436E+00  9.01689E-01  1.53385E-01
    7731.324     -3.327   1.850  1.04697E+00  9.08659E-01  1.47720E-01
    7732.038     -2.613   1.900  1.03750E+00  9.15630E-01  1.29307E-01
    7732.771     -1.879   1.950  1.01886E+00  9.21081E-01  1.03235E-01
    7733.524     -1.127   2.000  9.97101E-01  9.26532E-01  7.41447E-02
    7734.295     -0.355   2.050  9.74658E-01  9.30047E-01  4.67483E-02
    7735.086      0.435   2.100  9.56560E-01  9.33561E-01  2.40373E-02
    7735.896      1.245   2.150  9.44618E-01  9.37076E-01  7.86210E-03
    7736.724      2.074   2.200  9.39206E-01  9.40591E-01 -1.43964E-03
    7737.572      2.921   2.250  9.39586E-01  9.43060E-01 -3.61487E-03
    7738.439      3.788   2.300  9.44213E-01  9.45529E-01 -1.37025E-03
    7739.325      4.674   2.350  9.50724E-01  9.47997E-01  2.84256E-03
    7740.229      5.579   2.400  9.57053E-01  9.50466E-01  6.87198E-03
    7741.153      6.503   2.450  9.63261E-01  9.54251E-01  9.39386E-03
    7742.096      7.446   2.500  9.68032E-01  9.58037E-01  1.04148E-02
    7743.058      8.408   2.550  9.71233E-01  9.61822E-01  9.80021E-03
    7744.039      9.389   2.600  9.73010E-01  9.65607E-01  7.70404E-03
    7745.040     10.389   2.650  9.72097E-01  9.67856E-01  4.40369E-03
    7746.059     11.408   2.700  9.70941E-01  9.70105E-01  8.66820E-04
    7747.097     12.446   2.750  9.70023E-01  9.72354E-01 -2.40966E-03
    7748.154     13.504   2.800  9.69763E-01  9.74603E-01 -4.99276E-03
    7749.230     14.580   2.850  9.68216E-01  9.76142E-01 -8.15765E-03
    7750.326     15.675   2.900  9.68005E-01  9.77681E-01 -9.93524E-03
    7751.440     16.790   2.950  9.69495E-01  9.79221E-01 -9.96261E-03
    7752.574     17.923   3.000  9.72783E-01  9.80760E-01 -8.15150E-03
    7753.726     19.076   3.050  9.75779E-01  9.82097E-01 -6.44463E-03
    7754.898     20.247   3.100  9.80320E-01  9.83435E-01 -3.17066E-03
    7756.088     21.438   3.150  9.86189E-01  9.84772E-01  1.44006E-03
    7757.298     22.648   3.200  9.92983E-01  9.86109E-01  6.97028E-03
    7758.527     23.876   3.250  9.98833E-01  9.86693E-01  1.22876E-02
    7759.775     25.124   3.300  1.00487E+00  9.87276E-01  1.77713E-02
    7761.041     26.391   3.350  1.01051E+00  9.87859E-01  2.28360E-02
    7762.327     27.677   3.400  1.01526E+00  9.88443E-01  2.69931E-02
    7763.632     28.982   3.450  1.01912E+00  9.89359E-01  2.99165E-02
    7764.956     30.306   3.500  1.02157E+00  9.90275E-01  3.14108E-02
    7766.299     31.649   3.550  1.02240E+00  9.91191E-01  3.12726E-02
    7767.661     33.011   3.600  1.02158E+00  9.92107E-01  2.94955E-02
    7769.042     34.392   3.650  1.01847E+00  9.92613E-01  2.58353E-02
    7770.443     35.792   3.700  1.01408E+00  9.93118E-01  2.09092E-02
    7771.862     37.211   3.750  1.00877E+00  9.93624E-01  1.50812E-02
    7773.300     38.650   3.800  1.00294E+00  9.94130E-01  8.75785E-03
    7774.757     40.107   3.850  9.97456E-01  9.95103E-01  2.33605E-03
    7776.234     41.583   3.900  9.92330E-01  9.96077E-01 -3.71455E-03
    7777.729     43.079   3.950  9.87791E-01  9.97051E-01 -9.16659E-03
    7779.244     44.593   4.000  9.83945E-01  9.98024E-01 -1.39177E-02
    7780.777     46.127   4.050  9.80691E-01  9.98791E-01 -1.78653E-02
    7782.330     47.679   4.100  9.77957E-01  9.99557E-01 -2.12882E-02
    7783.901     49.251   4.150  9.75572E-01  1.00032E+00 -2.43586E-02
    7785.492     50.842   4.200  9.73368E-01  1.00109E+00 -2.72412E-02
    7787.102     52.451   4.250  9.71269E-01  1.00196E+00 -3.01176E-02
    7788.731     54.080   4.300  9.69341E-01  1.00283E+00 -3.28191E-02
    7790.378     55.728   4.350  9.67750E-01  1.00369E+00 -3.51842E-02
    7792.045     57.395   4.400  9.66783E-01  1.00456E+00 -3.69329E-02
    7793.731     59.081   4.450  9.67010E-01  1.00540E+00 -3.74906E-02
    7795.436     60.786   4.500  9.68754E-01  1.00623E+00 -3.65664E-02
    7797.160     62.510   4.550  9.72348E-01  1.00707E+00 -3.38420E-02
    7798.903     64.253   4.600  9.78016E-01  1.00791E+00 -2.91028E-02
    7800.665     66.015   4.650  9.85595E-01  1.00838E+00 -2.21689E-02
    7802.446     67.796   4.700  9.95107E-01  1.00885E+00 -1.33637E-02
    7804.247     69.596   4.750  1.00620E+00  1.00932E+00 -3.03913E-03
    7806.066     71.415   4.800  1.01833E+00  1.00980E+00  8.28430E-03
    7807.904     73.254   4.850  1.03064E+00  1.01009E+00  1.99558E-02
    7809.762     75.111   4.900  1.04249E+00  1.01038E+00  3.11675E-02
    7811.638     76.988   4.950  1.05310E+00  1.01067E+00  4.11707E-02
    7813.534     78.883   5.000  1.06174E+00  1.01096E+00  4.92664E-02
    7815.448     80.798   5.050  1.06735E+00  1.01091E+00  5.47467E-02
    7817.382     82.731   5.100  1.06993E+00  1.01087E+00  5.72994E-02
    7819.334     84.684   5.150  1.06927E+00  1.01083E+00  5.67053E-02
    7821.306     86.655   5.200  1.06537E+00  1.01079E+00  5.29591E-02
    7823.297     88.646   5.250  1.05803E+00  1.01043E+00  4.62107E-02
    7825.306     90.656   5.300  1.04815E+00  1.01007E+00  3.69880E-02
    7827.335     92.685   5.350  1.03632E+00  1.00970E+00  2.58698E-02
    7829.383     94.733   5.400  1.02328E+00  1.00934E+00  1.35525E-02
    7831.450     96.799   5.450  1.00956E+00  1.00871E+00  8.28641E-04
    7833.536     98.885   5.500  9.96231E-01  1.00808E+00 -1.15357E-02
    7835.641    100.990   5.550  9.84012E-01  1.00744E+00 -2.28374E-02
    7837.765    103.115   5.600  9.73517E-01  1.00681E+00 -3.24760E-02
    7839.908    105.258   5.650  9.65015E-01  1.00594E+00 -3.99698E-02
    7842.070    107.420   5.700  9.59000E-01  1.00508E+00 -4.50474E-02
    7844.252    109.601   5.750  9.55571E-01  1.00422E+00 -4.76042E-02
    7846.452    111.801   5.800  9.54656E-01  1.00336E+00 -4.77045E-02
    7848.671    114.021   5.850  9.56017E-01  1.00240E+00 -4.54873E-02
    7850.909    116.259   5.900  9.59346E-01  1.00144E+00 -4.13315E-02
    7853.167    118.516   5.950  9.64232E-01  1.00048E+00 -3.56355E-02
    7855.443    120.793   6.000  9.70239E-01  9.99515E-01 -2.88204E-02
    7857.739    123.088   6.050  9.76990E-01  9.98499E-01 -2.12009E-02
    7860.053    125.403   6.100  9.84057E-01  9.97482E-01 -1.32495E-02
    7862.387    127.737   6.150  9.91129E-01  9.96465E-01 -5.27359E-03
    7864.740    130.089   6.200  9.97962E-01  9.95449E-01  2.48698E-03
    7867.111    132.461   6.250  1.00437E+00  9.94432E-01  9.84533E-03
    7869.502    134.852   6.300  1.01019E+00  9.93415E-01  1.66434E-02
    7871.912    137.262   6.350  1.01528E+00  9.92399E-01  2.27247E-02
    7874.341    139.690   6.400  1.01945E+00  9.91382E-01  2.79120E-02
    7876.789    142.138   6.450  1.02249E+00  9.90365E-01  3.19965E-02
    7879.256    144.605   6.500  1.02419E+00  9.89349E-01  3.47446E-02
    7881.742    147.091   6.550  1.02445E+00  9.88462E-01  3.59275E-02
    7884.247    149.596   6.600  1.02290E+00  9.87575E-01  3.53071E-02
    7886.771    152.120   6.650  1.01944E+00  9.86688E-01  3.27774E-02
    7889.314    154.664   6.700  1.01411E+00  9.85802E-01  2.83636E-02
    7891.876    157.226   6.750  1.00710E+00  9.84915E-01  2.22554E-02
    7894.458    159.807   6.800  9.98785E-01  9.84028E-01  1.48180E-02
    7897.058    162.407   6.850  9.89683E-01  9.83141E-01  6.57695E-03
    7899.677    165.027   6.900  9.80439E-01  9.82254E-01 -1.82745E-03
    7902.316    167.665   6.950  9.71733E-01  9.81367E-01 -9.70859E-03
    7904.973    170.323   7.000  9.64208E-01  9.80481E-01 -1.64173E-02
    7907.650    172.999   7.050  9.58361E-01  9.79706E-01 -2.15579E-02
    7910.345    175.695   7.100  9.54556E-01  9.78931E-01 -2.46448E-02
    7913.060    178.409   7.150  9.52907E-01  9.78156E-01 -2.55561E-02
    7915.793    181.143   7.200  9.53277E-01  9.77381E-01 -2.44240E-02
    7918.546    183.896   7.250  9.55302E-01  9.76606E-01 -2.16106E-02
    7921.318    186.667   7.300  9.58453E-01  9.75831E-01 -1.76481E-02
    7924.109    189.458   7.350  9.62118E-01  9.75056E-01 -1.31532E-02
    7926.919    192.268   7.400  9.65703E-01  9.74281E-01 -8.73063E-03
    7929.748    195.097   7.450  9.68714E-01  9.73506E-01 -4.88211E-03
    7932.596    197.945   7.500  9.70832E-01  9.72731E-01 -1.93640E-03
    7935.463    200.812   7.550  9.71882E-01  9.71855E-01  2.73739E-05
    7938.349    203.698   7.600  9.72002E-01  9.70980E-01  1.04562E-03
    7941.254    206.603   7.650  9.71431E-01  9.70104E-01  1.35888E-03
    7944.178    209.527   7.700  9.70519E-01  9.69229E-01  1.32292E-03
    7947.121    212.471   7.750  9.69647E-01  9.68354E-01  1.32771E-03
    7950.083    215.433   7.800  9.69145E-01  9.67478E-01  1.71333E-03
    7953.065    218.414   7.850  9.69225E-01  9.66603E-01  2.69885E-03
    7956.065    221.415   7.900  9.69936E-01  9.65727E-01  4.33723E-03
    7959.084    224.434   7.950  9.71155E-01  9.64852E-01  6.50421E-03
    7962.123    227.472   8.000  9.72611E-01  9.63976E-01  8.92244E-03
    7965.180    230.530   8.050  9.73845E-01  9.62936E-01  1.12882E-02
    7968.257    233.606   8.100  9.74585E-01  9.61896E-01  1.31484E-02
    7971.353    236.702   8.150  9.74478E-01  9.60856E-01  1.41349E-02
    7974.467    239.817   8.200  9.73276E-01  9.59817E-01  1.39875E-02
    7977.601    242.950   8.250  9.70887E-01  9.58777E-01  1.26035E-02
    7980.754    246.103   8.300  9.67388E-01  9.57737E-01  1.00583E-02
    7983.926    249.275   8.350  9.63015E-01  9.56697E-01  6.59488E-03
    7987.116    252.466   8.400  9.58129E-01  9.55657E-01  2.58451E-03
    7990.326    255.676   8.450  9.53152E-01  9.54617E-01 -1.53342E-03
    7993.555    258.905   8.500  9.48501E-01  9.53577E-01 -5.32037E-03
    7996.803    262.153   8.550  9.44383E-01  9.52470E-01 -8.48778E-03
    8000.070    265.420   8.600  9.41153E-01  9.51363E-01 -1.07298E-02
    8003.356    268.706   8.650  9.38940E-01  9.50256E-01 -1.19074E-02
    8006.662    272.011   8.700  9.37735E-01  9.49148E-01 -1.20266E-02
    8009.986    275.335   8.750  9.37406E-01  9.48041E-01 -1.12213E-02
    8013.329    278.679   8.800  9.37736E-01  9.46934E-01 -9.71785E-03
    8016.691    282.041   8.850  9.38466E-01  9.45827E-01 -7.78785E-03
    8020.073    285.422   8.900  9.39340E-01  9.44720E-01 -5.69975E-03
    8023.473    288.823   8.950  9.40146E-01  9.43613E-01 -3.67779E-03
    8026.893    292.242   9.000  9.40741E-01  9.42506E-01 -1.87522E-03
    8030.331    295.681   9.050  9.41092E-01  9.41432E-01 -3.61796E-04
    8033.789    299.138   9.100  9.41178E-01  9.40358E-01  8.73309E-04
    8037.265    302.615   9.150  9.41040E-01  9.39283E-01  1.87165E-03
    8040.761    306.110   9.200  9.40742E-01  9.38209E-01  2.70132E-03
    8044.276    309.625   9.250  9.40346E-01  9.37135E-01  3.42900E-03
    8047.809    313.159   9.300  9.39893E-01  9.36060E-01  4.09644E-03
    8051.362    316.712   9.350  9.39385E-01  9.34986E-01  4.70637E-03
    8054.934    320.284   9.400  9.38786E-01  9.33912E-01  5.22026E-03
    8058.525    323.875   9.450  9.38030E-01  9.32837E-01  5.56790E-03
    8062.135    327.484   9.500  9.37042E-01  9.31763E-01  5.66590E-03
    8065.764    331.113   9.550  9.35912E-01  9.30800E-01  5.49212E-03
    8069.412    334.762   9.600  9.34449E-01  9.29836E-01  4.96011E-03
    8073.079    338.429   9.650  9.32650E-01  9.28873E-01  4.06562E-03
    8076.765    342.115   9.700  9.30559E-01  9.27910E-01  2.85442E-03
    8080.471    345.820   9.750  9.28264E-01  9.26946E-01  1.42052E-03
    8084.195    349.544   9.800  9.25886E-01  9.25983E-01 -1.04889E-04
    8087.938    353.288   9.850  9.23564E-01  9.25019E-01 -1.57181E-03
    8091.700    357.050   9.900  9.21435E-01  9.24056E-01 -2.83370E-03
    8095.482    360.831   9.950  9.19610E-01  9.23092E-01 -3.76941E-03
    8099.282    364.632  10.000  9.18159E-01  9.22129E-01 -4.30092E-03
    8103.102    368.451  10.050  9.16943E-01  9.21060E-01 -4.46428E-03
    8106.940    372.290  10.100  9.16080E-01  9.19991E-01 -4.24534E-03
    8110.798    376.148  10.150  9.15512E-01  9.18922E-01 -3.70637E-03
    8114.675    380.024  10.200  9.15150E-01  9.17853E-01 -2.94117E-03
    8118.570    383.920  10.250  9.14894E-01  9.16784E-01 -2.05890E-03
    8122.485    387.835  10.300  9.14644E-01  9.15715E-01 -1.16712E-03
    8126.419    391.768  10.350  9.14319E-01  9.14646E-01 -3.56937E-04
    8130.372    395.721  10.400  9.13858E-01  9.13577E-01  3.07389E-04
    8134.344    399.693  10.450  9.13233E-01  9.12508E-01  7.93071E-04
    8138.335    403.684  10.500  9.12441E-01  9.11439E-01  1.09759E-03
    8142.345    407.694  10.550  9.11503E-01  9.10370E-01  1.24264E-03
    8146.374    411.723  10.600  9.10453E-01  9.09301E-01  1.26501E-03
    8150.422    415.771  10.650  9.09330E-01  9.08232E-01  1.20664E-03
    8154.489    419.839  10.700  9.08168E-01  9.07163E-01  1.10581E-03
    8158.575    423.925  10.750  9.06994E-01  9.06094E-01  9.91122E-04
    8162.680    428.030  10.800  9.05822E-01  9.05025E-01  8.78923E-04
    8166.805    432.154  10.850  9.04657E-01  9.03956E-01  7.74180E-04
    8170.948    436.298  10.900  9.03497E-01  9.02887E-01  6.73916E-04
    8175.111    440.460  10.950  9.02335E-01  9.01817E-01  5.71948E-04
    8179.292    444.641  11.000  9.01167E-01  9.00748E-01  4.63499E-04
    8183.492    448.842  11.050  8.99841E-01  8.99504E-01  3.73530E-04
    8187.712    453.062  11.100  8.98505E-01  8.98260E-01  2.71771E-04
    8191.951    457.300  11.150  8.97166E-01  8.97017E-01  1.65951E-04
    8196.208    461.558  11.200  8.95833E-01  8.95773E-01  6.69660E-05
    8200.485    465.835  11.250  8.94516E-01  8.94529E-01 -1.43134E-05
    8204.781    470.130  11.300  8.93222E-01  8.93285E-01 -7.03339E-05
    8209.096    474.445  11.350  8.91952E-01  8.92041E-01 -9.93402E-05
    8213.429    478.779  11.400  8.90702E-01  8.90797E-01 -1.06371E-04
    8217.782    483.132  11.450  8.89461E-01  8.89553E-01 -1.02467E-04
    8222.154    487.504  11.500  8.88218E-01  8.88309E-01 -1.02247E-04
    8226.545    491.895  11.550  8.86958E-01  8.87065E-01 -1.20392E-04
    8230.955    496.305  11.600  8.85672E-01  8.85821E-01 -1.67869E-04
    8235.384    500.734  11.650  8.84356E-01  8.84577E-01 -2.48782E-04
    8239.833    505.182  11.700  8.83015E-01  8.83333E-01 -3.58628E-04
    8244.300    509.649  11.750  8.81660E-01  8.82089E-01 -4.84400E-04
    8248.786    514.136  11.800  8.80309E-01  8.80845E-01 -6.06588E-04
    8253.291    518.641  11.850  8.78981E-01  8.79601E-01 -7.02707E-04
    8257.816    523.165  11.900  8.77695E-01  8.78357E-01 -7.51634E-04
    8262.359    527.709  11.950  8.76464E-01  8.77113E-01 -7.37855E-04
    8266.922    532.271  12.000  8.75294E-01  8.75869E-01 -6.54756E-04
    8271.503    536.853  12.050  8.74174E-01  8.74619E-01 -5.07593E-04
    8276.104    541.453  12.100  8.73108E-01  8.73370E-01 -2.98783E-04
    8280.723    546.073  12.150  8.72078E-01  8.72121E-01 -4.91810E-05
    8285.362    550.711  12.200  8.71058E-01  8.70871E-01  2.14177E-04
    8290.020    555.369  12.250  8.70025E-01  8.69622E-01  4.62122E-04
    8294.696    560.046  12.300  8.68954E-01  8.68372E-01  6.67667E-04
    8299.392    564.742  12.350  8.67827E-01  8.67123E-01  8.09842E-04
    8304.107    569.457  12.400  8.66635E-01  8.65873E-01  8.76398E-04
    8308.841    574.190  12.450  8.65374E-01  8.64624E-01  8.64978E-04
    8313.594    578.943  12.500  8.64052E-01  8.63374E-01  7.82661E-04
    8318.366    583.715  12.550  8.62682E-01  8.62125E-01  6.44079E-04
    8323.157    588.507  12.600  8.61280E-01  8.60875E-01  4.68556E-04
    8327.967    593.317  12.650  8.59865E-01  8.59626E-01  2.76878E-04
    8332.796    598.146  12.700  8.58453E-01  8.58377E-01  8.82748E-05
    8337.644    602.994  12.750  8.57057E-01  8.57127E-01 -8.18522E-05
    8342.512    607.861  12.800  8.55686E-01  8.55878E-01 -2.23182E-04
    8347.398    612.748  12.850  8.54345E-01  8.54628E-01 -3.30626E-04
    8352.303    617.653  12.900  8.53033E-01  8.53379E-01 -4.03556E-04
    8357.228    622.577  12.950  8.51749E-01  8.52129E-01 -4.44435E-04
    8362.171    627.521  13.000  8.50489E-01  8.50880E-01 -4.57285E-04
    8367.134    632.483  13.050  8.49165E-01  8.49556E-01 -4.59172E-04
    8372.115    637.465  13.100  8.47858E-01  8.48233E-01 -4.40136E-04
    8377.116    642.465  13.150  8.46568E-01  8.46909E-01 -4.01597E-04
    8382.136    647.485  13.200  8.45293E-01  8.45586E-01 -3.44495E-04
    8387.174    652.524  13.250  8.44033E-01  8.44262E-01 -2.69905E-04
    8392.232    657.582  13.300  8.42786E-01  8.42938E-01 -1.79832E-04
    8397.309    662.658  13.350  8.41549E-01  8.41615E-01 -7.79071E-05
    8402.405    667.754  13.400  8.40317E-01  8.40291E-01  3.02362E-05
    8407.520    672.869  13.450  8.39083E-01  8.38968E-01  1.37078E-04
    8412.654    678.003  13.500  8.37841E-01  8.37644E-01  2.33860E-04
    8417.807    683.156  13.550  8.36582E-01  8.36321E-01  3.11672E-04
    8422.979    688.328  13.600  8.35301E-01  8.34997E-01  3.62779E-04
    8428.170    693.519  13.650  8.33993E-01  8.33674E-01  3.81923E-04
    8433.380    698.729  13.700  8.32657E-01  8.32350E-01  3.67326E-04
    8438.609    703.959  13.750  8.31294E-01  8.31027E-01  3.21168E-04
    8443.857    709.207  13.800  8.29911E-01  8.29703E-01  2.49430E-04
    8449.125    714.474  13.850  8.28513E-01  8.28379E-01  1.61097E-04
    8454.411    719.760  13.900  8.27111E-01  8.27056E-01  6.68686E-05
    8459.716    725.066  13.950  8.25714E-01  8.25732E-01 -2.24084E-05
    8465.041    730.390  14.000  8.24328E-01  8.24409E-01 -9.72874E-05
    8470.384    735.734  14.050  8.22898E-01  8.23026E-01 -1.54910E-04
    8475.747    741.096  14.100  8.21486E-01  8.21644E-01 -1.90928E-04
    8481.128    746.478  14.150  8.20094E-01  8.20261E-01 -2.03777E-04
    8486.529    751.879  14.200  8.18719E-01  8.18879E-01 -1.94923E-04
    8491.949    757.298  14.250  8.17358E-01  8.17496E-01 -1.68368E-04
    8497.388    762.737  14.300  8.16008E-01  8.16114E-01 -1.29809E-04
    8502.845    768.195  14.350  8.14662E-01  8.14732E-01 -8.56223E-05
    8508.322    773.672  14.400  8.13315E-01  8.13349E-01 -4.18608E-05
    8513.818    779.168  14.450  8.11964E-01  8.11967E-01 -3.42774E-06
    8519.333    784.683  14.500  8.10606E-01  8.10584E-01  2.64433E-05
    8524.867    790.217  14.550  8.09239E-01  8.09202E-01  4.63562E-05
    8530.420    795.770  14.600  8.07865E-01  8.07819E-01  5.65848E-05
    8535.992    801.342  14.650  8.06484E-01  8.06437E-01  5.86499E-05
    8541.583    806.933  14.700  8.05099E-01  8.05054E-01  5.47621E-05
    8547.194    812.543  14.750  8.03710E-01  8.03672E-01  4.72597E-05
    8552.823    818.172  14.800  8.02320E-01  8.02289E-01  3.81556E-05
    8558.471    823.821  14.850  8.00930E-01  8.00907E-01  2.88669E-05
    8564.138    829.488  14.900  7.99541E-01  7.99525E-01  2.01514E-05
    8569.825    835.174  14.950  7.98152E-01  7.98142E-01  1.22224E-05
    8575.530    840.880  15.000  7.96764E-01  7.96760E-01  4.97929E-06
    8581.255    846.604  15.050  7.95375E-01  7.95376E-01 -1.23102E-06
    8586.998    852.348  15.100  7.93986E-01  7.93992E-01 -7.12612E-06
    8592.761    858.111  15.150  7.92598E-01  7.92608E-01 -1.25440E-05
    8598.543    863.892  15.200  7.91211E-01  7.91225E-01 -1.70561E-05
    8604.343    869.693  15.250  7.89825E-01  7.89841E-01 -2.00378E-05
    8610.163    875.513  15.300  7.88441E-01  7.88457E-01 -2.08243E-05
    8616.002    881.351  15.350  7.87058E-01  7.87073E-01 -1.89082E-05
    8621.860    887.209  15.400  7.85678E-01  7.85689E-01 -1.41266E-05
    8627.737    893.086  15.450  7.84300E-01  7.84306E-01 -6.78506E-06
    8633.633    898.982  15.500  7.82924E-01  7.82922E-01  2.31637E-06
    8639.548    904.897  15.550  7.81548E-01  7.81538E-01  1.19697E-05
    8645.482    910.831  15.600  7.80171E-01  7.80154E-01  2.07442E-05
    8651.435    916.784  15.650  7.78792E-01  7.78771E-01  2.72340E-05
    8657.407    922.756  15.700  7.77410E-01  7.77387E-01  3.03180E-05
    8663.398    928.748  15.750  7.76026E-01  7.76003E-01  2.93764E-05
    8669.408    934.758  15.800  7.74638E-01  7.74619E-01  2.44187E-05
    8675.438    940.787  15.850  7.73248E-01  7.73236E-01  1.60947E-05
    8681.486    946.836  15.900  7.71856E-01  7.71852E-01  5.58655E-06
    8687.553    952.903  15.950  7.70464E-01  7.70468E-01 -5.59700E-06
    8693.640    958.989  16.000  7.69072E-01  7.69084E-01 -1.58836E-05
    8699.745    965.095  16.050  7.67627E-01  7.67646E-01 -2.48524E-05
    8705.870    971.219  16.100  7.66184E-01  7.66208E-01 -3.10605E-05
    8712.013    977.363  16.150  7.64744E-01  7.64770E-01 -3.37707E-05
    8718.176    983.526  16.200  7.63307E-01  7.63332E-01 -3.27438E-05
    8724.358    989.707  16.250  7.61872E-01  7.61894E-01 -2.82504E-05
    8730.559    995.908  16.300  7.60439E-01  7.60455E-01 -2.10006E-05
    8736.778   1002.128  16.350  7.59008E-01  7.59017E-01 -1.20102E-05
    8743.017   1008.367  16.400  7.57577E-01  7.57579E-01 -2.43019E-06
    8749.275   1014.625  16.450  7.56146E-01  7.56141E-01  6.62853E-06
    8755.552   1020.902  16.500  7.54714E-01  7.54703E-01  1.42451E-05
    8761.848   1027.198  16.550  7.53280E-01  7.53265E-01  1.97911E-05
    8768.163   1033.513  16.600  7.51844E-01  7.51827E-01  2.29732E-05
    8774.497   1039.847  16.650  7.50406E-01  7.50388E-01  2.38183E-05
    8780.850   1046.200  16.700  7.48967E-01  7.48950E-01  2.26112E-05
    8787.223   1052.572  16.750  7.47527E-01  7.47512E-01  1.98054E-05
    8793.614   1058.963  16.800  7.46086E-01  7.46074E-01  1.59261E-05
    8800.024   1065.374  16.850  7.44644E-01  7.44636E-01  1.14864E-05
    8806.453   1071.803  16.900  7.43203E-01  7.43198E-01  6.92823E-06
    8812.902   1078.251  16.950  7.41761E-01  7.41759E-01  2.59435E-06
    8819.369   1084.719  17.000  7.40320E-01  7.40321E-01 -1.27310E-06
    8825.856   1091.205  17.050  7.38893E-01  7.38896E-01 -4.79587E-06
    8832.361   1097.711  17.100  7.37465E-01  7.37471E-01 -7.87252E-06
    8838.886   1104.235  17.150  7.36038E-01  7.36046E-01 -1.03810E-05
    8845.430   1110.779  17.200  7.34611E-01  7.34620E-01 -1.22035E-05
    8851.992   1117.342  17.250  7.33185E-01  7.33195E-01 -1.32280E-05
    8858.574   1123.924  17.300  7.31760E-01  7.31770E-01 -1.33615E-05
    8865.175   1130.524  17.350  7.30335E-01  7.30345E-01 -1.25533E-05
    8871.795   1137.144  17.400  7.28911E-01  7.28919E-01 -1.08194E-05
    8878.434   1143.783  17.450  7.27488E-01  7.27494E-01 -8.26260E-06
    8885.092   1150.441  17.500  7.26065E-01  7.26069E-01 -5.07961E-06
    8891.769   1157.118  17.550  7.24642E-01  7.24643E-01 -1.55111E-06
    8898.465   1163.814  17.600  7.23220E-01  7.23218E-01  1.98527E-06
    8905.180   1170.529  17.650  7.21797E-01  7.21793E-01  5.17628E-06
    8911.914   1177.263  17.700  7.20373E-01  7.20368E-01  7.70148E-06
    8918.667   1184.017  17.750  7.18949E-01  7.18942E-01  9.31980E-06
    8925.439   1190.789  17.800  7.17524E-01  7.17517E-01  9.90542E-06
    8932.231   1197.580  17.850  7.16099E-01  7.16092E-01  9.46566E-06
    8939.041   1204.390  17.900  7.14672E-01  7.14667E-01  8.13752E-06
    8945.870   1211.220  17.950  7.13246E-01  7.13241E-01  6.16311E-06
    8952.719   1218.068  18.000  7.11819E-01  7.11816E-01  3.84886E-06
    8959.586   1224.936  18.050  7.10374E-01  7.10373E-01  1.60107E-06
    8966.473   1231.822  18.100  7.08929E-01  7.08929E-01 -5.94563E-07
    8973.378   1238.728  18.150  7.07484E-01  7.07486E-01 -2.50258E-06
    8980.303   1245.653  18.200  7.06040E-01  7.06042E-01 -3.94469E-06
    8987.247   1252.596  18.250  7.04596E-01  7.04599E-01 -4.81848E-06
    8994.209   1259.559  18.300  7.03152E-01  7.03156E-01 -5.10299E-06
    9001.191   1266.541  18.350  7.01709E-01  7.01712E-01 -4.85159E-06
    9008.192   1273.542  18.400  7.00266E-01  7.00269E-01 -4.17450E-06
    9015.212   1280.562  18.450  6.98823E-01  6.98825E-01 -3.21515E-06
    9022.251   1287.600  18.500  6.97380E-01  6.97382E-01 -2.12504E-06
    9029.309   1294.658  18.550  6.95938E-01  6.95938E-01 -1.04155E-06
    9036.386   1301.736  18.600  6.94495E-01  6.94495E-01 -7.21529E-08
    9043.482   1308.832  18.650  6.93052E-01  6.93052E-01  7.13484E-07
    9050.597   1315.947  18.700  6.91609E-01  6.91608E-01  1.28348E-06
    9057.731   1323.081  18.750  6.90166E-01  6.90165E-01  1.63754E-06
    9064.885   1330.234  18.800  6.88722E-01  6.88721E-01  1.79715E-06
    9072.057   1337.407  18.850  6.87279E-01  6.87278E-01  1.79514E-06
    9079.248   1344.598  18.900  6.85836E-01  6.85834E-01  1.66695E-06
    9086.459   1351.808  18.950  6.84392E-01  6.84391E-01  1.44526E-06
    9093.688   1359.038  19.000  6.82948E-01  6.82948E-01  1.15825E-06
    9100.937   1366.286  19.050  6.81514E-01  6.81514E-01  8.81332E-07
    9108.204   1373.554  19.100  6.80080E-01  6.80080E-01  5.58794E-07
    9115.491   1380.840  19.150  6.78646E-01  6.78646E-01  2.06491E-07
    9122.796   1388.146  19.200  6.77212E-01  6.77212E-01 -1.54966E-07
    9130.121   1395.471  19.250  6.75778E-01  6.75778E-01 -4.99590E-07
    9137.465   1402.814  19.300  6.74344E-01  6.74344E-01 -7.97512E-07
    9144.828   1410.177  19.350  6.72909E-01  6.72910E-01 -1.01850E-06
    9152.210   1417.559  19.400  6.71475E-01  6.71476E-01 -1.13681E-06
    9159.610   1424.960  19.450  6.70042E-01  6.70042E-01 -1.13633E-06
    9167.030   1432.380  19.500  6.68608E-01  6.68608E-01 -1.01463E-06
    9174.469   1439.819  19.550  6.67174E-01  6.67175E-01 -7.85062E-07
    9181.927   1447.277  19.600  6.65740E-01  6.65741E-01 -4.75996E-07
    9189.405   1454.754  19.650  6.64307E-01  6.64307E-01 -1.27238E-07
    9196.901   1462.250  19.700  6.62873E-01  6.62873E-01  2.15816E-07
    9204.416   1469.765  19.750  6.61439E-01  6.61439E-01  5.09287E-07
    9211.950   1477.300  19.800  6.60005E-01  6.60005E-01  7.17782E-07
    9219.503   1484.853  19.850  6.58572E-01  6.58571E-01  8.19904E-07
    9227.076   1492.425  19.900  6.57138E-01  6.57137E-01  8.11229E-07
    9234.667   1500.017  19.950  6.55704E-01  6.55703E-01  7.04223E-07
    9242.278   1507.627  20.000  6.54270E-01  6.54269E-01  5.25171E-07
