# # Once                                                         FEFF 9.6.4  
# # POT  SCF 100  4.9750   0, core-hole, AFOLP (folp(0)= 1.150)
# # Abs   Z=27 Rmt= 1.332 Rnm= 1.385 K  shell
# # Pot 1 Z=62 Rmt= 1.724 Rnm= 1.793
# # Pot 2 Z=27 Rmt= 1.348 Rnm= 1.403
# # Gam_ch=1.436E+00 H-L exch Vi= 0.000E+00 Vr= 0.000E+00
# # Mu=-1.727E+01 kf=2.016E+00 Vint=-2.501E+01 Rs_int= 1.799
# # PATH  Rmax= 4.975,  Keep_limit= 0.00, Heap_limit 0.00  Pwcrit= 2.50%
#  S02=0.900  Temp= 290.00  Debye_temp= 331.00  Global_sig2= 0.00200
#  Energy zero shift, vr, vi    0.00000E+00   0.00000E+00
#  Curved wave amplitude ratio filter   4.000%
#     file         sig2 tot  cw amp ratio   deg  nlegs   reff  inp sig2
#           1       0.00973    100.00      2.00     2   2.4012
#           2       0.00973    108.20      2.00     2   2.4013
#           3       0.00993    325.80      2.00     2   2.4562
#           4       0.00993    310.40      2.00     2   2.4562
#           5       0.01028     59.87      1.00     2   2.5616
#           6       0.00908    856.00      2.00     2   3.1428
#           7       0.00908     26.78      1.00     2   3.1428
#           8       0.01070     23.59      4.00     3   3.6019
#           9       0.01085     33.56      4.00     3   3.6569
#          10       0.01085     34.57      4.00     3   3.6568
#          11       0.01085     31.11      4.00     3   3.6568
#          12       0.01085     28.74      4.00     3   3.6569
#          14       0.01278    156.60      2.00     2   4.0551
#          15       0.01283    106.50      2.00     2   4.1591
#          16       0.01283    102.70      2.00     2   4.1591
#          17       0.01284      6.43      2.00     2   4.1911
#          18       0.01284      6.16      2.00     2   4.1911
#          19       0.01284    161.70      2.00     2   4.1911
#          20       0.01284    155.40      2.00     2   4.1911
#          23       0.01268     19.26      4.00     3   4.4808
#          24       0.01268     25.29      4.00     3   4.4808
#          25       0.01268     26.28      4.00     3   4.4808
#          26       0.01265     30.93      4.00     3   4.4838
#          27       0.01265     34.09      4.00     3   4.4838
#          28       0.01265     33.77      4.00     3   4.4838
#          29       0.01271     37.39      4.00     3   4.5243
#          30       0.01271     36.68      4.00     3   4.5243
#          31       0.01271     23.03      4.00     3   4.5243
#          32       0.01271     24.56      4.00     3   4.5243
#          33       0.01271     37.51      4.00     3   4.5243
#          34       0.01271     38.91      4.00     3   4.5243
#          37       0.00979     11.17      1.00     2   4.6270
#          38       0.00979     13.21      1.00     2   4.6270
#          39       0.01295    133.20      2.00     2   4.7128
#          40       0.01295    130.00      2.00     2   4.7127
#          41       0.01295     36.08      2.00     2   4.7128
#          42       0.01295     37.83      2.00     2   4.7127
#          43       0.01296     97.21      2.00     2   4.8025
#          44       0.01296     20.38      2.00     2   4.8025
#          45       0.01296     23.01      2.00     2   4.8025
#          46       0.01296     16.25      2.00     3   4.8025
#          47       0.01296     14.86      2.00     3   4.8025
#          48       0.01296     56.60      4.00     3   4.8025
#          49       0.01296     62.14      4.00     3   4.8025
#          50       0.01296     14.69      2.00     4   4.8025
#          51       0.01296     13.60      2.00     4   4.8025
#          52       0.03293      8.71      2.00     4   4.8025
#          53       0.03293      9.25      2.00     4   4.8025
#          54       0.01296     46.43      2.00     4   4.8025
#          55       0.01296     50.94      2.00     4   4.8025
#          56       0.01292     80.91      4.00     3   4.8126
#          57       0.01292     79.36      4.00     3   4.8126
#          58       0.01292     19.70      4.00     3   4.8126
#          59       0.01292     19.00      4.00     3   4.8126
#          60       0.01298     36.05      2.00     3   4.9124
#          61       0.01298     37.48      2.00     3   4.9124
#          62       0.01298     30.44      2.00     4   4.9124
#          63       0.01298     31.73      2.00     4   4.9124
#          64       0.03371     17.73      2.00     4   4.9124
#          65       0.03371     17.09      2.00     4   4.9124
#          66       0.01296     21.44      2.00     3   4.9629
#    61/  63 paths used
#  xsedge+50, used to normalize mu           2.8787E-04
#  -----------------------------------------------------------------------
#  omega    e    k    mu    mu0     chi     @#
    7719.066    -17.257   0.050  4.24552E-01  3.33268E-01  1.59379E-01
    7719.095    -17.228   0.100  4.32860E-01  3.38590E-01  1.64229E-01
    7719.142    -17.181   0.150  4.57369E-01  3.54464E-01  1.78109E-01
    7719.209    -17.114   0.200  4.82069E-01  3.70337E-01  1.92139E-01
    7719.295    -17.028   0.250  5.19656E-01  3.94987E-01  2.12143E-01
    7719.400    -16.924   0.300  5.57127E-01  4.19637E-01  2.31537E-01
    7719.523    -16.800   0.350  5.98258E-01  4.48166E-01  2.49238E-01
    7719.666    -16.657   0.400  6.38029E-01  4.76695E-01  2.64226E-01
    7719.828    -16.495   0.450  6.72213E-01  5.03913E-01  2.70993E-01
    7720.009    -16.314   0.500  7.03498E-01  5.31132E-01  2.72945E-01
    7720.209    -16.114   0.550  7.26588E-01  5.55200E-01  2.66248E-01
    7720.428    -15.895   0.600  7.45214E-01  5.79269E-01  2.52994E-01
    7720.666    -15.657   0.650  7.52505E-01  6.00674E-01  2.26751E-01
    7720.924    -15.400   0.700  7.53718E-01  6.22079E-01  1.92663E-01
    7721.200    -15.123   0.750  7.39476E-01  6.41751E-01  1.40005E-01
    7721.495    -14.828   0.800  7.18480E-01  6.61423E-01  8.00519E-02
    7721.809    -14.514   0.850  6.80501E-01  6.79953E-01  7.52910E-04
    7722.143    -14.180   0.900  6.37623E-01  6.98483E-01 -8.18562E-02
    7722.495    -13.828   0.950  5.81038E-01  7.16095E-01 -1.77918E-01
    7722.867    -13.457   1.000  5.25436E-01  7.33707E-01 -2.68844E-01
    7723.257    -13.066   1.050  4.66057E-01  7.50422E-01 -3.59926E-01
    7723.667    -12.656   1.100  4.17628E-01  7.67137E-01 -4.33937E-01
    7724.095    -12.228   1.150  3.80320E-01  7.82819E-01 -4.90752E-01
    7724.543    -11.780   1.200  3.64494E-01  7.98501E-01 -5.19834E-01
    7725.010    -11.313   1.250  3.72030E-01  8.12971E-01 -5.19599E-01
    7725.496    -10.828   1.300  4.05545E-01  8.27440E-01 -4.89245E-01
    7726.000    -10.323   1.350  4.63060E-01  8.40524E-01 -4.31507E-01
    7726.524     -9.799   1.400  5.40822E-01  8.53608E-01 -3.52563E-01
    7727.067     -9.256   1.450  6.31303E-01  8.65176E-01 -2.60419E-01
    7727.629     -8.694   1.500  7.28707E-01  8.76745E-01 -1.62865E-01
    7728.210     -8.113   1.550  8.23958E-01  8.86689E-01 -6.83235E-02
    7728.810     -7.513   1.600  9.12094E-01  8.96633E-01  1.66720E-02
    7729.429     -6.894   1.650  9.87096E-01  9.04937E-01  8.78887E-02
    7730.068     -6.256   1.700  1.04654E+00  9.13241E-01  1.41465E-01
    7730.725     -5.598   1.750  1.08815E+00  9.19919E-01  1.77462E-01
    7731.401     -4.922   1.800  1.11224E+00  9.26597E-01  1.94653E-01
    7732.096     -4.227   1.850  1.11924E+00  9.31729E-01  1.95760E-01
    7732.811     -3.512   1.900  1.11198E+00  9.36862E-01  1.82044E-01
    7733.544     -2.779   1.950  1.09313E+00  9.40472E-01  1.58266E-01
    7734.297     -2.027   2.000  1.06640E+00  9.44082E-01  1.26470E-01
    7735.068     -1.255   2.050  1.03426E+00  9.45869E-01  9.13191E-02
    7735.859     -0.464   2.100  1.00016E+00  9.47656E-01  5.42075E-02
    7736.668      0.345   2.150  9.67234E-01  9.49443E-01  1.83532E-02
    7737.497      1.174   2.200  9.38131E-01  9.51230E-01 -1.35025E-02
    7738.345      2.022   2.250  9.10511E-01  9.50632E-01 -4.14448E-02
    7739.212      2.888   2.300  8.90315E-01  9.50034E-01 -6.18230E-02
    7740.097      3.774   2.350  8.78532E-01  9.49436E-01 -7.35614E-02
    7741.002      4.679   2.400  8.75299E-01  9.48838E-01 -7.64599E-02
    7741.926      5.603   2.450  8.84512E-01  9.52807E-01 -7.10510E-02
    7742.869      6.546   2.500  8.99898E-01  9.56775E-01 -5.92087E-02
    7743.831      7.508   2.550  9.19531E-01  9.60743E-01 -4.29280E-02
    7744.812      8.489   2.600  9.41073E-01  9.64712E-01 -2.46377E-02
    7745.812      9.489   2.650  9.59292E-01  9.66838E-01 -7.85296E-03
    7746.831     10.508   2.700  9.76693E-01  9.68964E-01  8.03127E-03
    7747.870     11.546   2.750  9.91822E-01  9.71090E-01  2.15108E-02
    7748.927     12.604   2.800  1.00359E+00  9.73216E-01  3.14668E-02
    7750.003     13.680   2.850  1.01100E+00  9.74578E-01  3.76505E-02
    7751.099     14.775   2.900  1.01453E+00  9.75939E-01  3.98097E-02
    7752.213     15.890   2.950  1.01440E+00  9.77301E-01  3.81995E-02
    7753.347     17.023   3.000  1.01122E+00  9.78662E-01  3.34525E-02
    7754.499     18.176   3.050  1.00563E+00  9.80020E-01  2.62557E-02
    7755.671     19.347   3.100  9.98627E-01  9.81377E-01  1.76467E-02
    7756.861     20.538   3.150  9.91591E-01  9.82735E-01  9.03973E-03
    7758.071     21.748   3.200  9.85809E-01  9.84093E-01  1.74787E-03
    7759.300     22.976   3.250  9.81292E-01  9.84950E-01 -3.71695E-03
    7760.547     24.224   3.300  9.79394E-01  9.85807E-01 -6.50184E-03
    7761.814     25.491   3.350  9.80468E-01  9.86664E-01 -6.26801E-03
    7763.100     26.777   3.400  9.84414E-01  9.87521E-01 -3.13627E-03
    7764.405     28.082   3.450  9.90748E-01  9.88758E-01  2.00410E-03
    7765.729     29.406   3.500  9.98258E-01  9.89995E-01  8.30493E-03
    7767.072     30.749   3.550  1.00595E+00  9.91232E-01  1.47664E-02
    7768.434     32.111   3.600  1.01278E+00  9.92469E-01  2.03269E-02
    7769.815     33.492   3.650  1.01672E+00  9.93394E-01  2.32919E-02
    7771.215     34.892   3.700  1.01808E+00  9.94318E-01  2.36741E-02
    7772.635     36.311   3.750  1.01664E+00  9.95242E-01  2.12708E-02
    7774.073     37.750   3.800  1.01257E+00  9.96167E-01  1.62746E-02
    7775.530     39.207   3.850  1.00675E+00  9.97575E-01  9.07792E-03
    7777.007     40.683   3.900  9.99796E-01  9.98984E-01  8.02599E-04
    7778.502     42.179   3.950  9.92752E-01  1.00039E+00 -7.53132E-03
    7780.016     43.693   4.000  9.86693E-01  1.00180E+00 -1.48624E-02
    7781.550     45.227   4.050  9.82809E-01  1.00302E+00 -1.98453E-02
    7783.103     46.779   4.100  9.81403E-01  1.00425E+00 -2.23808E-02
    7784.674     48.351   4.150  9.82680E-01  1.00547E+00 -2.22831E-02
    7786.265     49.942   4.200  9.86414E-01  1.00670E+00 -1.97882E-02
    7787.875     51.551   4.250  9.91613E-01  1.00794E+00 -1.58988E-02
    7789.503     53.180   4.300  9.97498E-01  1.00918E+00 -1.13558E-02
    7791.151     54.828   4.350  1.00303E+00  1.01042E+00 -7.17045E-03
    7792.818     56.495   4.400  1.00720E+00  1.01166E+00 -4.31782E-03
    7794.504     58.181   4.450  1.00870E+00  1.01278E+00 -3.95326E-03
    7796.209     59.886   4.500  1.00784E+00  1.01390E+00 -5.86311E-03
    7797.933     61.610   4.550  1.00475E+00  1.01503E+00 -9.91665E-03
    7799.676     63.353   4.600  1.00003E+00  1.01615E+00 -1.55402E-02
    7801.438     65.115   4.650  9.94427E-01  1.01681E+00 -2.15608E-02
    7803.219     66.896   4.700  9.89654E-01  1.01747E+00 -2.67756E-02
    7805.019     68.696   4.750  9.87004E-01  1.01814E+00 -2.99403E-02
    7806.839     70.516   4.800  9.87616E-01  1.01880E+00 -2.99655E-02
    7808.677     72.354   4.850  9.92155E-01  1.01914E+00 -2.59233E-02
    7810.534     74.211   4.900  1.00100E+00  1.01947E+00 -1.77447E-02
    7812.411     76.088   4.950  1.01377E+00  1.01981E+00 -5.80220E-03
    7814.306     77.983   5.000  1.02948E+00  1.02015E+00  8.96199E-03
    7816.221     79.898   5.050  1.04621E+00  1.02005E+00  2.51287E-02
    7818.154     81.831   5.100  1.06256E+00  1.01994E+00  4.09368E-02
    7820.107     83.784   5.150  1.07662E+00  1.01984E+00  5.45567E-02
    7822.079     85.755   5.200  1.08665E+00  1.01974E+00  6.43161E-02
    7824.069     87.746   5.250  1.09084E+00  1.01922E+00  6.88960E-02
    7826.079     89.756   5.300  1.08893E+00  1.01871E+00  6.76111E-02
    7828.108     91.785   5.350  1.08090E+00  1.01819E+00  6.04201E-02
    7830.156     93.833   5.400  1.06741E+00  1.01767E+00  4.79625E-02
    7832.223     95.900   5.450  1.04944E+00  1.01682E+00  3.14904E-02
    7834.309     97.986   5.500  1.02912E+00  1.01598E+00  1.26983E-02
    7836.414    100.091   5.550  1.00838E+00  1.01513E+00 -6.53418E-03
    7838.538    102.215   5.600  9.89135E-01  1.01429E+00 -2.43648E-02
    7840.681    104.358   5.650  9.72828E-01  1.01320E+00 -3.91567E-02
    7842.843    106.520   5.700  9.60836E-01  1.01210E+00 -4.97966E-02
    7845.024    108.701   5.750  9.53708E-01  1.01101E+00 -5.57335E-02
    7847.225    110.901   5.800  9.51399E-01  1.00992E+00 -5.69929E-02
    7849.444    113.121   5.850  9.53395E-01  1.00877E+00 -5.40026E-02
    7851.682    115.359   5.900  9.58657E-01  1.00761E+00 -4.78131E-02
    7853.940    117.616   5.950  9.66003E-01  1.00645E+00 -3.95677E-02
    7856.216    119.893   6.000  9.74246E-01  1.00530E+00 -3.04183E-02
    7858.512    122.188   6.050  9.82548E-01  1.00419E+00 -2.12283E-02
    7860.826    124.503   6.100  9.89920E-01  1.00308E+00 -1.29273E-02
    7863.160    126.837   6.150  9.95982E-01  1.00197E+00 -5.89185E-03
    7865.512    129.189   6.200  1.00070E+00  1.00086E+00 -1.62512E-04
    7867.884    131.561   6.250  1.00430E+00  9.99756E-01  4.48336E-03
    7870.275    133.952   6.300  1.00717E+00  9.98648E-01  8.41970E-03
    7872.685    136.362   6.350  1.00972E+00  9.97539E-01  1.20452E-02
    7875.114    138.790   6.400  1.01225E+00  9.96431E-01  1.56671E-02
    7877.562    141.238   6.450  1.01491E+00  9.95322E-01  1.94166E-02
    7880.029    143.705   6.500  1.01759E+00  9.94214E-01  2.32100E-02
    7882.515    146.191   6.550  1.02033E+00  9.93402E-01  2.67597E-02
    7885.020    148.696   6.600  1.02229E+00  9.92590E-01  2.95425E-02
    7887.544    151.221   6.650  1.02298E+00  9.91778E-01  3.10749E-02
    7890.087    153.764   6.700  1.02200E+00  9.90966E-01  3.09344E-02
    7892.649    156.326   6.750  1.01907E+00  9.90154E-01  2.88541E-02
    7895.230    158.907   6.800  1.01416E+00  9.89342E-01  2.47905E-02
    7897.831    161.507   6.850  1.00748E+00  9.88530E-01  1.89513E-02
    7900.450    164.127   6.900  9.99487E-01  9.87718E-01  1.17793E-02
    7903.088    166.765   6.950  9.90795E-01  9.86906E-01  3.89629E-03
    7905.746    169.423   7.000  9.82122E-01  9.86094E-01 -3.98274E-03
    7908.422    172.099   7.050  9.74101E-01  9.85449E-01 -1.13916E-02
    7911.118    174.795   7.100  9.67462E-01  9.84805E-01 -1.74245E-02
    7913.833    177.509   7.150  9.62677E-01  9.84160E-01 -2.16042E-02
    7916.566    180.243   7.200  9.59972E-01  9.83516E-01 -2.36982E-02
    7919.319    182.996   7.250  9.59316E-01  9.82872E-01 -2.37326E-02
    7922.091    185.768   7.300  9.60444E-01  9.82227E-01 -2.19672E-02
    7924.882    188.558   7.350  9.62920E-01  9.81583E-01 -1.88376E-02
    7927.691    191.368   7.400  9.66213E-01  9.80938E-01 -1.48772E-02
    7930.520    194.197   7.450  9.69780E-01  9.80294E-01 -1.06327E-02
    7933.368    197.045   7.500  9.73141E-01  9.79649E-01 -6.58782E-03
    7936.235    199.912   7.550  9.75824E-01  9.78817E-01 -3.03366E-03
    7939.121    202.798   7.600  9.77750E-01  9.77984E-01 -2.37741E-04
    7942.027    205.703   7.650  9.78840E-01  9.77152E-01  1.71563E-03
    7944.951    208.627   7.700  9.79153E-01  9.76319E-01  2.88254E-03
    7947.894    211.571   7.750  9.78848E-01  9.75487E-01  3.42358E-03
    7950.856    214.533   7.800  9.78142E-01  9.74654E-01  3.55723E-03
    7953.837    217.514   7.850  9.77261E-01  9.73822E-01  3.51207E-03
    7956.838    220.515   7.900  9.76398E-01  9.72989E-01  3.48585E-03
    7959.857    223.534   7.950  9.75690E-01  9.72157E-01  3.61732E-03
    7962.896    226.572   8.000  9.75200E-01  9.71324E-01  3.97315E-03
    7965.953    229.630   8.050  9.74690E-01  9.70224E-01  4.58611E-03
    7969.030    232.707   8.100  9.74326E-01  9.69123E-01  5.35049E-03
    7972.125    235.802   8.150  9.74008E-01  9.68023E-01  6.16475E-03
    7975.240    238.917   8.200  9.73622E-01  9.66922E-01  6.91152E-03
    7978.374    242.051   8.250  9.73059E-01  9.65821E-01  7.47680E-03
    7981.527    245.203   8.300  9.72225E-01  9.64721E-01  7.76406E-03
    7984.698    248.375   8.350  9.71053E-01  9.63620E-01  7.70217E-03
    7987.889    251.566   8.400  9.69504E-01  9.62520E-01  7.24808E-03
    7991.099    254.776   8.450  9.67563E-01  9.61419E-01  6.38606E-03
    7994.328    258.005   8.500  9.65242E-01  9.60319E-01  5.12577E-03
    7997.576    261.253   8.550  9.62490E-01  9.59123E-01  3.50988E-03
    8000.843    264.520   8.600  9.59440E-01  9.57927E-01  1.57965E-03
    8004.129    267.806   8.650  9.56170E-01  9.56731E-01 -5.86147E-04
    8007.434    271.111   8.700  9.52781E-01  9.55535E-01 -2.88359E-03
    8010.759    274.435   8.750  9.49395E-01  9.54339E-01 -5.18333E-03
    8014.102    277.779   8.800  9.46158E-01  9.53143E-01 -7.33362E-03
    8017.464    281.141   8.850  9.43227E-01  9.51947E-01 -9.16862E-03
    8020.846    284.522   8.900  9.40758E-01  9.50751E-01 -1.05221E-02
    8024.246    287.923   8.950  9.38889E-01  9.49555E-01 -1.12462E-02
    8027.665    291.342   9.000  9.37722E-01  9.48360E-01 -1.12317E-02
    8031.104    294.781   9.050  9.37339E-01  9.47267E-01 -1.04939E-02
    8034.561    298.238   9.100  9.37680E-01  9.46175E-01 -8.98864E-03
    8038.038    301.715   9.150  9.38665E-01  9.45083E-01 -6.79768E-03
    8041.534    305.211   9.200  9.40146E-01  9.43991E-01 -4.07646E-03
    8045.048    308.725   9.250  9.41916E-01  9.42898E-01 -1.04263E-03
    8048.582    312.259   9.300  9.43731E-01  9.41806E-01  2.04510E-03
    8052.135    315.812   9.350  9.45335E-01  9.40714E-01  4.91538E-03
    8055.707    319.384   9.400  9.46492E-01  9.39622E-01  7.31578E-03
    8059.298    322.975   9.450  9.47013E-01  9.38530E-01  9.04288E-03
    8062.908    326.585   9.500  9.46777E-01  9.37437E-01  9.96620E-03
    8066.537    330.214   9.550  9.45978E-01  9.36518E-01  1.01030E-02
    8070.185    333.862   9.600  9.44426E-01  9.35599E-01  9.43449E-03
    8073.852    337.529   9.650  9.42226E-01  9.34680E-01  8.07245E-03
    8077.538    341.215   9.700  9.39545E-01  9.33761E-01  6.19274E-03
    8081.243    344.920   9.750  9.36585E-01  9.32842E-01  4.01042E-03
    8084.968    348.644   9.800  9.33556E-01  9.31923E-01  1.75145E-03
    8088.711    352.388   9.850  9.30654E-01  9.31004E-01 -3.74864E-04
    8092.473    356.150   9.900  9.28038E-01  9.30085E-01 -2.19864E-03
    8096.255    359.931   9.950  9.25813E-01  9.29166E-01 -3.60440E-03
    8100.055    363.732  10.000  9.24030E-01  9.28246E-01 -4.53663E-03
    8103.875    367.551  10.050  9.22535E-01  9.27191E-01 -5.01556E-03
    8107.713    371.390  10.100  9.21438E-01  9.26136E-01 -5.06598E-03
    8111.571    375.248  10.150  9.20665E-01  9.25080E-01 -4.76607E-03
    8115.447    379.124  10.200  9.20127E-01  9.24025E-01 -4.21263E-03
    8119.343    383.020  10.250  9.19730E-01  9.22970E-01 -3.50411E-03
    8123.258    386.935  10.300  9.19396E-01  9.21914E-01 -2.72674E-03
    8127.192    390.869  10.350  9.19064E-01  9.20859E-01 -1.94583E-03
    8131.145    394.821  10.400  9.18695E-01  9.19804E-01 -1.20298E-03
    8135.116    398.793  10.450  9.18271E-01  9.18748E-01 -5.18736E-04
    8139.107    402.784  10.500  9.17786E-01  9.17693E-01  1.00698E-04
    8143.117    406.794  10.550  9.17239E-01  9.16638E-01  6.55035E-04
    8147.147    410.823  10.600  9.16630E-01  9.15582E-01  1.14202E-03
    8151.195    414.871  10.650  9.15949E-01  9.14527E-01  1.55215E-03
    8155.262    418.939  10.700  9.15181E-01  9.13472E-01  1.86715E-03
    8159.348    423.025  10.750  9.14303E-01  9.12416E-01  2.06262E-03
    8163.453    427.130  10.800  9.13292E-01  9.11361E-01  2.11392E-03
    8167.578    431.254  10.850  9.12134E-01  9.10305E-01  2.00379E-03
    8171.721    435.398  10.900  9.10827E-01  9.09250E-01  1.72975E-03
    8175.883    439.560  10.950  9.09387E-01  9.08195E-01  1.30927E-03
    8180.065    443.742  11.000  9.07850E-01  9.07139E-01  7.81124E-04
    8184.265    447.942  11.050  9.06086E-01  9.05852E-01  2.57424E-04
    8188.485    452.162  11.100  9.04321E-01  9.04565E-01 -2.68969E-04
    8192.723    456.400  11.150  9.02608E-01  9.03278E-01 -7.39484E-04
    8196.981    460.658  11.200  9.00998E-01  9.01991E-01 -1.09782E-03
    8201.258    464.935  11.250  8.99531E-01  9.00704E-01 -1.29884E-03
    8205.554    469.230  11.300  8.98230E-01  8.99417E-01 -1.31628E-03
    8209.868    473.545  11.350  8.97096E-01  8.98130E-01 -1.14804E-03
    8214.202    477.879  11.400  8.96107E-01  8.96843E-01 -8.17633E-04
    8218.555    482.232  11.450  8.95222E-01  8.95556E-01 -3.71671E-04
    8222.927    486.604  11.500  8.94382E-01  8.94268E-01  1.26502E-04
    8227.318    490.995  11.550  8.93524E-01  8.92981E-01  6.05922E-04
    8231.728    495.405  11.600  8.92587E-01  8.91694E-01  9.98425E-04
    8236.157    499.834  11.650  8.91522E-01  8.90407E-01  1.24864E-03
    8240.605    504.282  11.700  8.90299E-01  8.89120E-01  1.32190E-03
    8245.073    508.749  11.750  8.88909E-01  8.87833E-01  1.20889E-03
    8249.559    513.236  11.800  8.87369E-01  8.86546E-01  9.26222E-04
    8254.064    517.741  11.850  8.85714E-01  8.85259E-01  5.13195E-04
    8258.589    522.265  11.900  8.83994E-01  8.83972E-01  2.51819E-05
    8263.132    526.809  11.950  8.82264E-01  8.82685E-01 -4.74967E-04
    8267.694    531.371  12.000  8.80579E-01  8.81398E-01 -9.26101E-04
    8272.276    535.953  12.050  8.79021E-01  8.80169E-01 -1.30058E-03
    8276.876    540.553  12.100  8.77582E-01  8.78940E-01 -1.54044E-03
    8281.496    545.173  12.150  8.76284E-01  8.77711E-01 -1.62105E-03
    8286.135    549.812  12.200  8.75131E-01  8.76483E-01 -1.53747E-03
    8290.792    554.469  12.250  8.74109E-01  8.75254E-01 -1.30387E-03
    8295.469    559.146  12.300  8.73192E-01  8.74025E-01 -9.50431E-04
    8300.165    563.842  12.350  8.72342E-01  8.72796E-01 -5.18472E-04
    8304.880    568.557  12.400  8.71520E-01  8.71568E-01 -5.46407E-05
    8309.614    573.291  12.450  8.70684E-01  8.70339E-01  3.94969E-04
    8314.367    578.044  12.500  8.69799E-01  8.69110E-01  7.89907E-04
    8319.139    582.816  12.550  8.68838E-01  8.67881E-01  1.09910E-03
    8323.930    587.607  12.600  8.67786E-01  8.66653E-01  1.30291E-03
    8328.740    592.417  12.650  8.66634E-01  8.65424E-01  1.39352E-03
    8333.569    597.246  12.700  8.65387E-01  8.64195E-01  1.37393E-03
    8338.417    602.094  12.750  8.64054E-01  8.62967E-01  1.25592E-03
    8343.285    606.961  12.800  8.62652E-01  8.61738E-01  1.05751E-03
    8348.171    611.848  12.850  8.61200E-01  8.60509E-01  8.00408E-04
    8353.076    616.753  12.900  8.59718E-01  8.59280E-01  5.07752E-04
    8358.001    621.677  12.950  8.58226E-01  8.58052E-01  2.02319E-04
    8362.944    626.621  13.000  8.56741E-01  8.56823E-01 -9.47187E-05
    8367.907    631.583  13.050  8.55160E-01  8.55482E-01 -3.75525E-04
    8372.888    636.565  13.100  8.53609E-01  8.54141E-01 -6.20109E-04
    8377.889    641.565  13.150  8.52103E-01  8.52800E-01 -8.13973E-04
    8382.908    646.585  13.200  8.50651E-01  8.51459E-01 -9.46124E-04
    8387.947    651.624  13.250  8.49257E-01  8.50118E-01 -1.00952E-03
    8393.005    656.682  13.300  8.47924E-01  8.48777E-01 -1.00148E-03
    8398.082    661.758  13.350  8.46651E-01  8.47436E-01 -9.23954E-04
    8403.177    666.854  13.400  8.45430E-01  8.46095E-01 -7.83671E-04
    8408.292    671.969  13.450  8.44253E-01  8.44754E-01 -5.91891E-04
    8413.426    677.103  13.500  8.43106E-01  8.43414E-01 -3.63833E-04
    8418.579    682.256  13.550  8.41973E-01  8.42073E-01 -1.17648E-04
    8423.751    687.428  13.600  8.40839E-01  8.40732E-01  1.26995E-04
    8428.942    692.619  13.650  8.39686E-01  8.39391E-01  3.50609E-04
    8434.153    697.829  13.700  8.38500E-01  8.38050E-01  5.35689E-04
    8439.382    703.059  13.750  8.37270E-01  8.36709E-01  6.68399E-04
    8444.630    708.307  13.800  8.35988E-01  8.35368E-01  7.39921E-04
    8449.897    713.574  13.850  8.34652E-01  8.34027E-01  7.47285E-04
    8455.184    718.861  13.900  8.33265E-01  8.32686E-01  6.93554E-04
    8460.489    724.166  13.950  8.31835E-01  8.31345E-01  5.87330E-04
    8465.814    729.490  14.000  8.30372E-01  8.30004E-01  4.41665E-04
    8471.157    734.834  14.050  8.28849E-01  8.28616E-01  2.80037E-04
    8476.520    740.196  14.100  8.27315E-01  8.27228E-01  1.05277E-04
    8481.901    745.578  14.150  8.25784E-01  8.25840E-01 -6.70681E-05
    8487.302    750.979  14.200  8.24268E-01  8.24451E-01 -2.22498E-04
    8492.722    756.398  14.250  8.22775E-01  8.23063E-01 -3.48860E-04
    8498.160    761.837  14.300  8.21315E-01  8.21675E-01 -4.37340E-04
    8503.618    767.295  14.350  8.19890E-01  8.20287E-01 -4.83062E-04
    8509.095    772.772  14.400  8.18500E-01  8.18899E-01 -4.85265E-04
    8514.591    778.268  14.450  8.17144E-01  8.17511E-01 -4.47067E-04
    8520.106    783.783  14.500  8.15816E-01  8.16122E-01 -3.74883E-04
    8525.640    789.317  14.550  8.14508E-01  8.14734E-01 -2.77597E-04
    8531.193    794.870  14.600  8.13211E-01  8.13346E-01 -1.65569E-04
    8536.765    800.442  14.650  8.11918E-01  8.11958E-01 -4.96125E-05
    8542.356    806.033  14.700  8.10618E-01  8.10570E-01  5.99885E-05
    8547.966    811.643  14.750  8.09307E-01  8.09182E-01  1.54322E-04
    8553.596    817.272  14.800  8.07977E-01  8.07793E-01  2.26511E-04
    8559.244    822.921  14.850  8.06625E-01  8.06405E-01  2.72150E-04
    8564.911    828.588  14.900  8.05251E-01  8.05017E-01  2.89507E-04
    8570.598    834.274  14.950  8.03854E-01  8.03629E-01  2.79488E-04
    8576.303    839.980  15.000  8.02438E-01  8.02241E-01  2.45383E-04
