# # Once                                                         FEFF 9.6.4  
# # POT  SCF 100  5.0000   0, core-hole, AFOLP (folp(0)= 1.150)
# # Abs   Z=26 Rmt= 1.347 Rnm= 1.395 K  shell
# # Pot 1 Z=26 Rmt= 1.356 Rnm= 1.405
# # Gam_ch=3.600E-01 H-L exch Vi= 0.000E+00 Vr= 0.000E+00
# # Mu=-1.840E+01 kf=2.079E+00 Vint=-2.770E+01 Rs_int= 1.744
# # PATH  Rmax= 8.000,  Keep_limit= 0.00, Heap_limit 0.00  Pwcrit= 2.50%
#  S02=1.000  Temp=   0.00  Debye_temp=   0.00  Global_sig2= 0.00000
#  Energy zero shift, vr, vi    0.00000E+00   0.00000E+00
#  Curved wave amplitude ratio filter   4.000%
#     file         sig2 tot  cw amp ratio   deg  nlegs   reff  inp sig2
#           1       0.00000    100.00      8.00     2   2.4825
#           2       0.00000     57.13      6.00     2   2.8665
#           3       0.00000     30.89     48.00     3   3.9157
#           4       0.00000     55.40     12.00     2   4.0538
#           5       0.00000     10.53     24.00     3   4.5094
#           6       0.00000     35.19     48.00     3   4.5094
#           7       0.00000     77.22     24.00     2   4.7536
#           8       0.00000     14.16     48.00     3   4.8934
#           9       0.00000     23.25      8.00     2   4.9649
#          10       0.00000     13.19      8.00     3   4.9649
#          11       0.00000     55.81     16.00     3   4.9649
#          12       0.00000     12.45      8.00     4   4.9649
#          13       0.00000      6.22      8.00     4   4.9649
#          14       0.00000     43.73      8.00     4   4.9649
#          15       0.00000     21.48     48.00     3   5.0513
#          16       0.00000     32.04     48.00     3   5.0513
#          17       0.00000     34.19     48.00     3   5.0513
#          18       0.00000      8.25     48.00     4   5.3490
#          19       0.00000      6.28     24.00     4   5.3490
#          20       0.00000      7.38     24.00     4   5.3490
#          21       0.00000      8.83     48.00     4   5.3490
#          22       0.00000     13.95     96.00     3   5.6449
#          23       0.00000     20.32     96.00     3   5.6449
#          24       0.00000     19.91     96.00     3   5.6449
#          25       0.00000     12.34      6.00     2   5.7330
#          26       0.00000      6.22      6.00     3   5.7330
#          27       0.00000     26.43     12.00     3   5.7330
#          28       0.00000      5.19      6.00     4   5.7330
#          30       0.00000     18.34      6.00     4   5.7330
#          31       0.00000      7.53     48.00     3   5.9426
#          32       0.00000      7.39     48.00     4   5.9426
#          33       0.00000      8.91     48.00     4   5.9426
#          34       0.00000     11.65     48.00     3   6.1005
#          35       0.00000      9.49     48.00     4   6.1005
#          36       0.00000      6.94     48.00     4   6.1005
#          37       0.00000      9.10     48.00     3   6.1868
#          38       0.00000     39.93     24.00     2   6.2474
#          39       0.00000     21.16     48.00     3   6.3918
#          40       0.00000     20.40     48.00     3   6.3918
#          41       0.00000     20.41     48.00     3   6.3918
#    40/  41 paths used
#  xsedge+50, used to normalize mu           3.2114E-04
#  -----------------------------------------------------------------------
#  omega    e    k    mu    mu0     chi     @#
    7121.260    -18.396   0.000 -1.07850E+00  2.76155E-01 -2.57487E+00
    7121.270    -18.386   0.050 -9.94971E-01  2.94022E-01 -2.44575E+00
    7121.299    -18.358   0.100 -9.12041E-01  3.11889E-01 -2.31821E+00
    7121.346    -18.310   0.150 -6.88573E-01  3.55033E-01 -1.96617E+00
    7121.413    -18.243   0.200 -4.71401E-01  3.98177E-01 -1.62964E+00
    7121.499    -18.158   0.250 -1.87102E-01  4.34002E-01 -1.15395E+00
    7121.603    -18.053   0.300  7.70532E-02  4.69828E-01 -7.23503E-01
    7121.727    -17.929   0.350  3.52892E-01  4.91779E-01 -2.52868E-01
    7121.870    -17.786   0.400  5.89328E-01  5.13730E-01  1.36062E-01
    7122.032    -17.624   0.450  8.07153E-01  5.29419E-01  4.92757E-01
    7122.213    -17.443   0.500  9.69054E-01  5.45108E-01  7.41615E-01
    7122.413    -17.243   0.550  1.09717E+00  5.58692E-01  9.26521E-01
    7122.632    -17.024   0.600  1.16232E+00  5.72276E-01  9.98878E-01
    7122.870    -16.786   0.650  1.19071E+00  5.85395E-01  1.00626E+00
    7123.127    -16.529   0.700  1.16087E+00  5.98515E-01  9.18303E-01
    7123.404    -16.253   0.750  1.09924E+00  6.11783E-01  7.80731E-01
    7123.699    -15.957   0.800  9.95018E-01  6.25051E-01  5.81410E-01
    7124.013    -15.643   0.850  8.70401E-01  6.38653E-01  3.56972E-01
    7124.347    -15.310   0.900  7.26895E-01  6.52255E-01  1.12735E-01
    7124.699    -14.957   0.950  5.79859E-01  6.66135E-01 -1.27701E-01
    7125.070    -14.586   1.000  4.41223E-01  6.80014E-01 -3.46506E-01
    7125.461    -14.195   1.050  3.19230E-01  6.94045E-01 -5.33096E-01
    7125.871    -13.786   1.100  2.29595E-01  7.08075E-01 -6.67298E-01
    7126.299    -13.357   1.150  1.73800E-01  7.22054E-01 -7.49888E-01
    7126.747    -12.909   1.200  1.62957E-01  7.36033E-01 -7.69032E-01
    7127.214    -12.443   1.250  1.92098E-01  7.49750E-01 -7.34584E-01
    7127.699    -11.957   1.300  2.61661E-01  7.63467E-01 -6.49091E-01
    7128.204    -11.452   1.350  3.61347E-01  7.76703E-01 -5.28005E-01
    7128.728    -10.928   1.400  4.80787E-01  7.89939E-01 -3.86336E-01
    7129.271    -10.385   1.450  6.07553E-01  8.02481E-01 -2.39728E-01
    7129.833     -9.823   1.500  7.26943E-01  8.15023E-01 -1.06630E-01
    7130.414     -9.242   1.550  8.29547E-01  8.26704E-01  3.39240E-03
    7131.014     -8.642   1.600  9.05822E-01  8.38386E-01  7.93274E-02
    7131.633     -8.023   1.650  9.54022E-01  8.49036E-01  1.21924E-01
    7132.271     -7.385   1.700  9.75784E-01  8.59687E-01  1.33131E-01
    7132.929     -6.728   1.750  9.77579E-01  8.69197E-01  1.22911E-01
    7133.605     -6.051   1.800  9.69825E-01  8.78706E-01  1.02203E-01
    7134.300     -5.356   1.850  9.61927E-01  8.86972E-01  8.32873E-02
    7135.014     -4.642   1.900  9.63587E-01  8.95238E-01  7.52446E-02
    7135.748     -3.908   1.950  9.79386E-01  9.02167E-01  8.43604E-02
    7136.500     -3.156   2.000  1.00904E+00  9.09095E-01  1.08363E-01
    7137.272     -2.384   2.050  1.04936E+00  9.14073E-01  1.45920E-01
    7138.062     -1.594   2.100  1.08825E+00  9.19051E-01  1.81551E-01
    7138.872     -0.784   2.150  1.11490E+00  9.24029E-01  2.03755E-01
    7139.701      0.045   2.200  1.12137E+00  9.29007E-01  2.04293E-01
    7140.548      0.892   2.250  1.09762E+00  9.30329E-01  1.77512E-01
    7141.415      1.759   2.300  1.04638E+00  9.31650E-01  1.21628E-01
    7142.301      2.645   2.350  9.78986E-01  9.32972E-01  4.87355E-02
    7143.206      3.550   2.400  9.10156E-01  9.34293E-01 -2.55409E-02
    7144.130      4.474   2.450  8.56475E-01  9.38879E-01 -8.69626E-02
    7145.073      5.417   2.500  8.24284E-01  9.43465E-01 -1.25439E-01
    7146.035      6.379   2.550  8.16845E-01  9.48050E-01 -1.37729E-01
    7147.016      7.360   2.600  8.30547E-01  9.52636E-01 -1.27821E-01
    7148.016      8.360   2.650  8.47359E-01  9.57149E-01 -1.14440E-01
    7149.035      9.379   2.700  8.73278E-01  9.61662E-01 -9.17232E-02
    7150.073     10.417   2.750  9.03419E-01  9.66174E-01 -6.48430E-02
    7151.131     11.475   2.800  9.33752E-01  9.70687E-01 -3.79986E-02
    7152.207     12.551   2.850  9.60169E-01  9.73302E-01 -1.34715E-02
    7153.302     13.646   2.900  9.83467E-01  9.75918E-01  7.72073E-03
    7154.417     14.761   2.950  1.00317E+00  9.78534E-01  2.51216E-02
    7155.550     15.894   3.000  1.01960E+00  9.81149E-01  3.90952E-02
    7156.703     17.047   3.050  1.03175E+00  9.82933E-01  4.95348E-02
    7157.874     18.218   3.100  1.04116E+00  9.84716E-01  5.71533E-02
    7159.065     19.409   3.150  1.04814E+00  9.86500E-01  6.22840E-02
    7160.275     20.618   3.200  1.05314E+00  9.88283E-01  6.54020E-02
    7161.503     21.847   3.250  1.05329E+00  9.88650E-01  6.50888E-02
    7162.751     23.095   3.300  1.05070E+00  9.89017E-01  6.20261E-02
    7164.018     24.362   3.350  1.04560E+00  9.89384E-01  5.64512E-02
    7165.304     25.648   3.400  1.03836E+00  9.89751E-01  4.87485E-02
    7166.609     26.953   3.450  1.02871E+00  9.90135E-01  3.86572E-02
    7167.933     28.277   3.500  1.01857E+00  9.90518E-01  2.80941E-02
    7169.276     29.620   3.550  1.00932E+00  9.90902E-01  1.84384E-02
    7170.638     30.982   3.600  1.00219E+00  9.91285E-01  1.09096E-02
    7172.019     32.363   3.650  9.97295E-01  9.90942E-01  6.35116E-03
    7173.419     33.763   3.700  9.96293E-01  9.90599E-01  5.68860E-03
    7174.838     35.182   3.750  9.98391E-01  9.90256E-01  8.12315E-03
    7176.277     36.620   3.800  1.00178E+00  9.89913E-01  1.18402E-02
    7177.734     38.078   3.850  1.00468E+00  9.90013E-01  1.46341E-02
    7179.210     39.554   3.900  1.00393E+00  9.90112E-01  1.37756E-02
    7180.706     41.050   3.950  9.97105E-01  9.90211E-01  6.87180E-03
    7182.220     42.564   4.000  9.82905E-01  9.90310E-01 -7.37848E-03
    7183.754     44.098   4.050  9.61599E-01  9.90282E-01 -2.85663E-02
    7185.306     45.650   4.100  9.35173E-01  9.90253E-01 -5.48321E-02
    7186.878     47.222   4.150  9.07678E-01  9.90224E-01 -8.21386E-02
    7188.469     48.812   4.200  8.84341E-01  9.90196E-01 -1.05284E-01
    7190.078     50.422   4.250  8.70751E-01  9.90277E-01 -1.18830E-01
    7191.707     52.051   4.300  8.71617E-01  9.90359E-01 -1.17999E-01
    7193.355     53.699   4.350  8.89121E-01  9.90440E-01 -1.00642E-01
    7195.022     55.366   4.400  9.22179E-01  9.90522E-01 -6.78566E-02
    7196.708     57.051   4.450  9.67113E-01  9.90811E-01 -2.35206E-02
    7198.413     58.756   4.500  1.01522E+00  9.91099E-01  2.39307E-02
    7200.137     60.480   4.550  1.05684E+00  9.91388E-01  6.49157E-02
    7201.880     62.224   4.600  1.08267E+00  9.91676E-01  9.02189E-02
    7203.642     63.986   4.650  1.08528E+00  9.91798E-01  9.26600E-02
    7205.423     65.767   4.700  1.06251E+00  9.91920E-01  6.99548E-02
    7207.223     67.567   4.750  1.01809E+00  9.92042E-01  2.58117E-02
    7209.042     69.386   4.800  9.61200E-01  9.92164E-01 -3.06716E-02
    7210.881     71.225   4.850  9.04415E-01  9.92271E-01 -8.70231E-02
    7212.738     73.082   4.900  8.62900E-01  9.92377E-01 -1.28245E-01
    7214.615     74.958   4.950  8.48826E-01  9.92484E-01 -1.42286E-01
    7216.510     76.854   5.000  8.69094E-01  9.92590E-01 -1.22312E-01
    7218.425     78.768   5.050  9.24089E-01  9.92518E-01 -6.77812E-02
    7220.358     80.702   5.100  1.00528E+00  9.92447E-01  1.27175E-02
    7222.311     82.655   5.150  1.09824E+00  9.92375E-01  1.04882E-01
    7224.282     84.626   5.200  1.18535E+00  9.92303E-01  1.91285E-01
    7226.273     86.617   5.250  1.24905E+00  9.92020E-01  2.54801E-01
    7228.283     88.627   5.300  1.27641E+00  9.91737E-01  2.82333E-01
    7230.312     90.656   5.350  1.26207E+00  9.91454E-01  2.68506E-01
    7232.360     92.703   5.400  1.20885E+00  9.91171E-01  2.16080E-01
    7234.426     94.770   5.450  1.12596E+00  9.90653E-01  1.34406E-01
    7236.512     96.856   5.500  1.02967E+00  9.90134E-01  3.93034E-02
    7238.617     98.961   5.550  9.36501E-01  9.89616E-01 -5.28372E-02
    7240.742    101.085   5.600  8.60688E-01  9.89098E-01 -1.27829E-01
    7242.885    103.228   5.650  8.11583E-01  9.88318E-01 -1.76096E-01
    7245.047    105.391   5.700  7.92416E-01  9.87538E-01 -1.94594E-01
    7247.228    107.572   5.750  7.99975E-01  9.86758E-01 -1.86449E-01
    7249.428    109.772   5.800  8.26596E-01  9.85978E-01 -1.59243E-01
    7251.648    111.991   5.850  8.62483E-01  9.85046E-01 -1.22600E-01
    7253.886    114.230   5.900  8.98046E-01  9.84113E-01 -8.61943E-02
    7256.143    116.487   5.950  9.26183E-01  9.83181E-01 -5.71500E-02
    7258.420    118.764   6.000  9.43187E-01  9.82248E-01 -3.92115E-02
    7260.715    121.059   6.050  9.48585E-01  9.81132E-01 -3.27167E-02
    7263.030    123.374   6.100  9.45399E-01  9.80015E-01 -3.48457E-02
    7265.364    125.707   6.150  9.38002E-01  9.78899E-01 -4.12242E-02
    7267.716    128.060   6.200  9.31166E-01  9.77782E-01 -4.70548E-02
    7270.088    130.432   6.250  9.29077E-01  9.76665E-01 -4.81040E-02
    7272.479    132.823   6.300  9.34712E-01  9.75549E-01 -4.13362E-02
    7274.889    135.232   6.350  9.49562E-01  9.74432E-01 -2.52093E-02
    7277.317    137.661   6.400  9.73581E-01  9.73316E-01  2.69166E-04
    7279.765    140.109   6.450  1.00526E+00  9.72199E-01  3.36100E-02
    7282.232    142.576   6.500  1.04179E+00  9.71082E-01  7.19716E-02
    7284.718    145.062   6.550  1.07939E+00  9.69973E-01  1.11537E-01
    7287.223    147.567   6.600  1.11242E+00  9.68863E-01  1.46554E-01
    7289.747    150.091   6.650  1.13584E+00  9.67753E-01  1.71849E-01
    7292.291    152.634   6.700  1.14534E+00  9.66644E-01  1.82960E-01
    7294.853    155.197   6.750  1.13814E+00  9.65534E-01  1.76988E-01
    7297.434    157.778   6.800  1.11372E+00  9.64425E-01  1.53311E-01
    7300.034    160.378   6.850  1.07414E+00  9.63315E-01  1.13966E-01
    7302.654    162.998   6.900  1.02391E+00  9.62205E-01  6.35451E-02
    7305.292    165.636   6.950  9.69381E-01  9.61096E-01  8.54597E-03
    7307.950    168.293   7.000  9.17657E-01  9.59986E-01 -4.37232E-02
    7310.626    170.970   7.050  8.75622E-01  9.59029E-01 -8.62738E-02
    7313.322    173.666   7.100  8.47946E-01  9.58071E-01 -1.14070E-01
    7316.036    176.380   7.150  8.36398E-01  9.57114E-01 -1.25215E-01
    7318.770    179.114   7.200  8.39713E-01  9.56157E-01 -1.20952E-01
    7321.523    181.867   7.250  8.54007E-01  9.55199E-01 -1.05258E-01
    7324.294    184.638   7.300  8.73724E-01  9.54242E-01 -8.38702E-02
    7327.085    187.429   7.350  8.92897E-01  9.53284E-01 -6.29902E-02
    7329.895    190.239   7.400  9.06441E-01  9.52327E-01 -4.79312E-02
    7332.724    193.068   7.450  9.11218E-01  9.51370E-01 -4.20008E-02
    7335.572    195.916   7.500  9.06663E-01  9.50412E-01 -4.58287E-02
    7338.439    198.783   7.550  8.94670E-01  9.49510E-01 -5.75234E-02
    7341.325    201.669   7.600  8.79994E-01  9.48607E-01 -7.20678E-02
    7344.230    204.574   7.650  8.68384E-01  9.47704E-01 -8.34268E-02
    7347.154    207.498   7.700  8.65664E-01  9.46801E-01 -8.54529E-02
    7350.098    210.441   7.750  8.76459E-01  9.45898E-01 -7.32325E-02
    7353.060    213.404   7.800  9.03057E-01  9.44995E-01 -4.42886E-02
    7356.041    216.385   7.850  9.44649E-01  9.44092E-01  5.88918E-04
    7359.042    219.385   7.900  9.97087E-01  9.43189E-01  5.70739E-02
    7362.061    222.405   7.950  1.05330E+00  9.42286E-01  1.17713E-01
    7365.099    225.443   8.000  1.10433E+00  9.41384E-01  1.73019E-01
    7368.157    228.501   8.050  1.14090E+00  9.40405E-01  2.13156E-01
    7371.233    231.577   8.100  1.15500E+00  9.39427E-01  2.29473E-01
    7374.329    234.673   8.150  1.14217E+00  9.38449E-01  2.17131E-01
    7377.444    237.788   8.200  1.10255E+00  9.37471E-01  1.76161E-01
    7380.577    240.921   8.250  1.04120E+00  9.36493E-01  1.11871E-01
    7383.730    244.074   8.300  9.67403E-01  9.35515E-01  3.41145E-02
    7386.902    247.246   8.350  8.92995E-01  9.34536E-01 -4.44970E-02
    7390.093    250.437   8.400  8.29967E-01  9.33558E-01 -1.11102E-01
    7393.303    253.647   8.450  7.87986E-01  9.32580E-01 -1.55272E-01
    7396.532    256.876   8.500  7.72346E-01  9.31602E-01 -1.71232E-01
    7399.780    260.124   8.550  7.82805E-01  9.30515E-01 -1.58990E-01
    7403.047    263.391   8.600  8.13845E-01  9.29428E-01 -1.24546E-01
    7406.333    266.677   8.650  8.56029E-01  9.28341E-01 -7.80042E-02
    7409.638    269.982   8.700  8.98405E-01  9.27254E-01 -3.11540E-02
    7412.962    273.306   8.750  9.31138E-01  9.26167E-01  5.37389E-03
    7416.306    276.649   8.800  9.47763E-01  9.25080E-01  2.45493E-02
    7419.668    280.012   8.850  9.46499E-01  9.23993E-01  2.43844E-02
    7423.049    283.393   8.900  9.30318E-01  9.22906E-01  8.04011E-03
    7426.450    286.794   8.950  9.05823E-01  9.21819E-01 -1.73690E-02
    7429.869    290.213   9.000  8.81275E-01  9.20732E-01 -4.28898E-02
    7433.308    293.651   9.050  8.64423E-01  9.19622E-01 -6.00659E-02
    7436.765    297.109   9.100  8.60445E-01  9.18512E-01 -6.32532E-02
    7440.242    300.586   9.150  8.70902E-01  9.17403E-01 -5.07079E-02
    7443.737    304.081   9.200  8.93712E-01  9.16293E-01 -2.46501E-02
    7447.252    307.596   9.250  9.24040E-01  9.15183E-01  9.67833E-03
    7450.786    311.130   9.300  9.55762E-01  9.14073E-01  4.56046E-02
    7454.339    314.683   9.350  9.83055E-01  9.12964E-01  7.67561E-02
    7457.911    318.254   9.400  1.00165E+00  9.11854E-01  9.84436E-02
    7461.502    321.845   9.450  1.00950E+00  9.10744E-01  1.08374E-01
    7465.111    325.455   9.500  1.00669E+00  9.09635E-01  1.06619E-01
    7468.741    329.084   9.550  9.95086E-01  9.08534E-01  9.51884E-02
    7472.389    332.732   9.600  9.76889E-01  9.07434E-01  7.64691E-02
    7476.056    336.400   9.650  9.54521E-01  9.06333E-01  5.31121E-02
    7479.742    340.086   9.700  9.30037E-01  9.05233E-01  2.73687E-02
    7483.447    343.791   9.750  9.05068E-01  9.04132E-01  1.03300E-03
    7487.171    347.515   9.800  8.81038E-01  9.03032E-01 -2.43208E-02
    7490.915    351.258   9.850  8.59452E-01  9.01931E-01 -4.70250E-02
    7494.677    355.021   9.900  8.42030E-01  9.00831E-01 -6.51648E-02
    7498.458    358.802   9.950  8.30568E-01  8.99730E-01 -7.67320E-02
    7502.259    362.603  10.000  8.26525E-01  8.98630E-01 -8.00853E-02
    7506.078    366.422  10.050  8.30308E-01  8.97499E-01 -7.47171E-02
    7509.917    370.261  10.100  8.41367E-01  8.96369E-01 -6.12365E-02
    7513.775    374.118  10.150  8.57463E-01  8.95238E-01 -4.21084E-02
    7517.651    377.995  10.200  8.75219E-01  8.94107E-01 -2.10808E-02
    7521.547    381.891  10.250  8.90859E-01  8.92977E-01 -2.36563E-03
    7525.462    385.805  10.300  9.01170E-01  8.91846E-01  1.04312E-02
    7529.395    389.739  10.350  9.04383E-01  8.90715E-01  1.53103E-02
    7533.348    393.692  10.400  9.00715E-01  8.89585E-01  1.24831E-02
    7537.320    397.664  10.450  8.92336E-01  8.88454E-01  4.35946E-03
    7541.311    401.655  10.500  8.82771E-01  8.87323E-01 -5.11798E-03
    7545.321    405.665  10.550  8.75870E-01  8.86192E-01 -1.16188E-02
    7549.350    409.694  10.600  8.74663E-01  8.85062E-01 -1.17195E-02
    7553.398    413.742  10.650  8.80424E-01  8.83931E-01 -3.95774E-03
    7557.466    417.809  10.700  8.92249E-01  8.82800E-01  1.06750E-02
    7561.552    421.896  10.750  9.07272E-01  8.81670E-01  2.89598E-02
    7565.657    426.001  10.800  9.21449E-01  8.80539E-01  4.63325E-02
    7569.781    430.125  10.850  9.30699E-01  8.79408E-01  5.81603E-02
    7573.925    434.268  10.900  9.32039E-01  8.78278E-01  6.10377E-02
    7578.087    438.431  10.950  9.24410E-01  8.77147E-01  5.37261E-02
    7582.269    442.612  11.000  9.08944E-01  8.76016E-01  3.74761E-02
    7586.469    446.813  11.050  8.88595E-01  8.74726E-01  1.58081E-02
    7590.689    451.032  11.100  8.67289E-01  8.73435E-01 -7.01532E-03
    7594.927    455.271  11.150  8.48969E-01  8.72145E-01 -2.64930E-02
    7599.185    459.529  11.200  8.36667E-01  8.70854E-01 -3.91392E-02
    7603.462    463.805  11.250  8.31874E-01  8.69563E-01 -4.32116E-02
    7607.757    468.101  11.300  8.34353E-01  8.68273E-01 -3.89475E-02
    7612.072    472.416  11.350  8.42367E-01  8.66982E-01 -2.83051E-02
    7616.406    476.750  11.400  8.53240E-01  8.65692E-01 -1.43390E-02
    7620.759    481.103  11.450  8.64040E-01  8.64401E-01 -4.16656E-04
    7625.131    485.475  11.500  8.72212E-01  8.63110E-01  1.05120E-02
    7629.522    489.866  11.550  8.76030E-01  8.61820E-01  1.64372E-02
    7633.932    494.276  11.600  8.74801E-01  8.60529E-01  1.65332E-02
    7638.361    498.705  11.650  8.68843E-01  8.59239E-01  1.11433E-02
    7642.809    503.153  11.700  8.59307E-01  8.57948E-01  1.57891E-03
    7647.276    507.620  11.750  8.47910E-01  8.56657E-01 -1.01795E-02
    7651.763    512.106  11.800  8.36651E-01  8.55367E-01 -2.18113E-02
    7656.268    516.612  11.850  8.27530E-01  8.54076E-01 -3.09834E-02
    7660.792    521.136  11.900  8.22267E-01  8.52786E-01 -3.56734E-02
    7665.336    525.680  11.950  8.22035E-01  8.51495E-01 -3.44877E-02
    7669.898    530.242  12.000  8.27216E-01  8.50205E-01 -2.69522E-02
    7674.480    534.823  12.050  8.37240E-01  8.48876E-01 -1.36632E-02
    7679.080    539.424  12.100  8.50645E-01  8.47547E-01  3.64378E-03
    7683.700    544.044  12.150  8.64984E-01  8.46218E-01  2.21034E-02
    7688.338    548.682  12.200  8.77340E-01  8.44890E-01  3.82829E-02
    7692.996    553.340  12.250  8.84930E-01  8.43561E-01  4.88800E-02
    7697.673    558.017  12.300  8.85751E-01  8.42232E-01  5.15008E-02
    7702.369    562.713  12.350  8.79137E-01  8.40904E-01  4.53164E-02
    7707.084    567.427  12.400  8.66022E-01  8.39575E-01  3.13963E-02
    7711.817    572.161  12.450  8.48830E-01  8.38246E-01  1.25844E-02
    7716.570    576.914  12.500  8.30958E-01  8.36917E-01 -7.09666E-03
    7721.342    581.686  12.550  8.15979E-01  8.35589E-01 -2.33894E-02
    7726.134    586.477  12.600  8.06759E-01  8.34260E-01 -3.28531E-02
    7730.944    591.287  12.650  8.04735E-01  8.32931E-01 -3.37374E-02
    7735.773    596.117  12.700  8.09552E-01  8.31603E-01 -2.64250E-02
    7740.621    600.965  12.750  8.19186E-01  8.30274E-01 -1.33094E-02
    7745.488    605.832  12.800  8.30499E-01  8.28945E-01  1.86795E-03
    7750.375    610.718  12.850  8.40104E-01  8.27617E-01  1.50358E-02
    7755.280    615.624  12.900  8.45255E-01  8.26288E-01  2.28748E-02
    7760.204    620.548  12.950  8.44543E-01  8.24959E-01  2.36565E-02
    7765.148    625.492  13.000  8.38181E-01  8.23630E-01  1.76051E-02
    7770.110    630.454  13.050  8.27768E-01  8.22263E-01  6.67224E-03
    7775.092    635.436  13.100  8.15886E-01  8.20895E-01 -6.07983E-03
    7780.092    640.436  13.150  8.05184E-01  8.19527E-01 -1.74417E-02
    7785.112    645.456  13.200  7.97675E-01  8.18159E-01 -2.49510E-02
    7790.151    650.495  13.250  7.94269E-01  8.16791E-01 -2.74800E-02
    7795.209    655.552  13.300  7.94673E-01  8.15423E-01 -2.53611E-02
    7800.285    660.629  13.350  7.97676E-01  8.14055E-01 -2.00533E-02
    7805.381    665.725  13.400  8.01681E-01  8.12687E-01 -1.34986E-02
    7810.496    670.840  13.450  8.05288E-01  8.11319E-01 -7.40901E-03
    7815.630    675.974  13.500  8.07731E-01  8.09951E-01 -2.73194E-03
    7820.783    681.127  13.550  8.09020E-01  8.08583E-01  5.38071E-04
    7825.955    686.299  13.600  8.09777E-01  8.07215E-01  3.16336E-03
    7831.146    691.490  13.650  8.10846E-01  8.05847E-01  6.18336E-03
    7836.356    696.700  13.700  8.12831E-01  8.04480E-01  1.03490E-02
    7841.586    701.929  13.750  8.15754E-01  8.03112E-01  1.56926E-02
    7846.834    707.178  13.800  8.18953E-01  8.01744E-01  2.13984E-02
    7852.101    712.445  13.850  8.21270E-01  8.00376E-01  2.60257E-02
    7857.387    717.731  13.900  8.21451E-01  7.99008E-01  2.80032E-02
    7862.693    723.037  13.950  8.18615E-01  7.97640E-01  2.62172E-02
    7868.017    728.361  14.000  8.12625E-01  7.96272E-01  2.04753E-02
    7873.361    733.705  14.050  8.04166E-01  7.94833E-01  1.17074E-02
    7878.723    739.067  14.100  7.94665E-01  7.93393E-01  1.59806E-03
    7884.105    744.449  14.150  7.85840E-01  7.91954E-01 -7.69717E-03
    7889.506    749.849  14.200  7.79200E-01  7.90515E-01 -1.42712E-02
    7894.925    755.269  14.250  7.75588E-01  7.89075E-01 -1.70433E-02
    7900.364    760.708  14.300  7.74939E-01  7.87636E-01 -1.60743E-02
    7905.822    766.166  14.350  7.76332E-01  7.86196E-01 -1.25120E-02
    7911.299    771.643  14.400  7.78316E-01  7.84757E-01 -8.18469E-03
    7916.795    777.138  14.450  7.79406E-01  7.83318E-01 -4.97969E-03
    7922.310    782.653  14.500  7.78575E-01  7.81878E-01 -4.21310E-03
    7927.844    788.187  14.550  7.75586E-01  7.80439E-01 -6.20119E-03
    7933.397    793.740  14.600  7.71054E-01  7.79000E-01 -1.01723E-02
    7938.969    799.313  14.650  7.66221E-01  7.77560E-01 -1.45444E-02
    7944.560    804.904  14.700  7.62526E-01  7.76121E-01 -1.74703E-02
    7950.170    810.514  14.750  7.61115E-01  7.74682E-01 -1.74671E-02
    7955.799    816.143  14.800  7.62452E-01  7.73242E-01 -1.39185E-02
    7961.448    821.791  14.850  7.66164E-01  7.71803E-01 -7.28723E-03
    7967.115    827.459  14.900  7.71157E-01  7.70363E-01  1.02765E-03
    7972.801    833.145  14.950  7.75966E-01  7.68924E-01  9.13550E-03
    7978.507    838.851  15.000  7.79216E-01  7.67485E-01  1.52484E-02
    7984.231    844.575  15.050  7.80082E-01  7.66045E-01  1.82803E-02
    7989.975    850.319  15.100  7.78393E-01  7.64605E-01  1.79906E-02
    7995.738    856.081  15.150  7.74770E-01  7.63165E-01  1.51708E-02
    8001.519    861.863  15.200  7.70344E-01  7.61726E-01  1.12888E-02
    8007.320    867.664  15.250  7.66358E-01  7.60286E-01  7.96925E-03
    8013.140    873.483  15.300  7.63741E-01  7.58846E-01  6.43678E-03
    8018.978    879.322  15.350  7.62799E-01  7.57406E-01  7.10510E-03
    8024.836    885.180  15.400  7.63121E-01  7.55966E-01  9.44405E-03
    8030.713    891.057  15.450  7.63723E-01  7.54527E-01  1.21625E-02
    8036.609    896.953  15.500  7.63383E-01  7.53087E-01  1.36439E-02
    8042.524    902.868  15.550  7.61055E-01  7.51647E-01  1.24906E-02
    8048.458    908.802  15.600  7.56224E-01  7.50207E-01  8.00370E-03
    8054.411    914.755  15.650  7.49104E-01  7.48768E-01  4.48101E-04
    8060.383    920.727  15.700  7.40607E-01  7.47328E-01 -8.97567E-03
    8066.375    926.718  15.750  7.32109E-01  7.45888E-01 -1.84394E-02
    8072.385    932.729  15.800  7.25075E-01  7.44448E-01 -2.59768E-02
    8078.414    938.758  15.850  7.20675E-01  7.43009E-01 -3.00059E-02
    8084.463    944.806  15.900  7.19481E-01  7.41569E-01 -2.97337E-02
    8090.530    950.874  15.950  7.21349E-01  7.40129E-01 -2.53319E-02
    8096.616    956.960  16.000  7.25482E-01  7.38689E-01 -1.78499E-02
    8102.722    963.066  16.050  7.30594E-01  7.37211E-01 -8.96166E-03
    8108.846    969.190  16.100  7.35520E-01  7.35732E-01 -2.88613E-04
    8114.990    975.334  16.150  7.39195E-01  7.34254E-01  6.71949E-03
    8121.153    981.496  16.200  7.40988E-01  7.32775E-01  1.11913E-02
    8127.334    987.678  16.250  7.40791E-01  7.31297E-01  1.29642E-02
    8133.535    993.879  16.300  7.38968E-01  7.29818E-01  1.25205E-02
    8139.755   1000.099  16.350  7.36193E-01  7.28340E-01  1.07683E-02
    8145.994   1006.338  16.400  7.33224E-01  7.26861E-01  8.74242E-03
    8152.252   1012.595  16.450  7.30694E-01  7.25383E-01  7.31293E-03
    8158.529   1018.872  16.500  7.28959E-01  7.23904E-01  6.97499E-03
    8164.825   1025.168  16.550  7.28040E-01  7.22426E-01  7.76204E-03
    8171.140   1031.483  16.600  7.27651E-01  7.20947E-01  9.28796E-03
    8177.474   1037.818  16.650  7.27312E-01  7.19469E-01  1.08906E-02
    8183.827   1044.171  16.700  7.26492E-01  7.17990E-01  1.18296E-02
    8190.199   1050.543  16.750  7.24748E-01  7.16512E-01  1.14842E-02
    8196.590   1056.934  16.800  7.21839E-01  7.15033E-01  9.50924E-03
    8203.001   1063.344  16.850  7.17780E-01  7.13555E-01  5.91663E-03
    8209.430   1069.774  16.900  7.12843E-01  7.12076E-01  1.07634E-03
    8215.878   1076.222  16.950  7.07498E-01  7.10598E-01 -4.35902E-03
    8222.346   1082.690  17.000  7.02317E-01  7.09119E-01 -9.58520E-03
    8228.832   1089.176  17.050  6.97863E-01  7.07650E-01 -1.38204E-02
    8235.338   1095.682  17.100  6.94594E-01  7.06180E-01 -1.63962E-02
    8241.862   1102.206  17.150  6.92740E-01  7.04711E-01 -1.69768E-02
    8248.406   1108.750  17.200  6.92265E-01  7.03242E-01 -1.55991E-02
    8254.969   1115.313  17.250  6.92881E-01  7.01772E-01 -1.26633E-02
    8261.551   1121.894  17.300  6.94108E-01  7.00303E-01 -8.84169E-03
    8268.151   1128.495  17.350  6.95391E-01  6.98834E-01 -4.92375E-03
    8274.771   1135.115  17.400  6.96228E-01  6.97364E-01 -1.62933E-03
    8281.410   1141.754  17.450  6.96288E-01  6.95895E-01  5.63921E-04
    8288.068   1148.412  17.500  6.95491E-01  6.94426E-01  1.53380E-03
    8294.745   1155.089  17.550  6.94020E-01  6.92956E-01  1.53405E-03
    8301.441   1161.785  17.600  6.92256E-01  6.91487E-01  1.11165E-03
    8308.156   1168.500  17.650  6.90665E-01  6.90018E-01  9.38619E-04
    8314.890   1175.234  17.700  6.89651E-01  6.88548E-01  1.60204E-03
    8321.644   1181.987  17.750  6.89423E-01  6.87079E-01  3.41072E-03
    8328.416   1188.760  17.800  6.89913E-01  6.85609E-01  6.27575E-03
    8335.207   1195.551  17.850  6.90779E-01  6.84140E-01  9.70342E-03
    8342.017   1202.361  17.900  6.91483E-01  6.82671E-01  1.29079E-02
    8348.847   1209.191  17.950  6.91431E-01  6.81201E-01  1.50161E-02
    8355.695   1216.039  18.000  6.90138E-01  6.79732E-01  1.53084E-02
    8362.563   1222.907  18.050  6.87383E-01  6.78257E-01  1.34553E-02
    8369.449   1229.793  18.100  6.83219E-01  6.76781E-01  9.51261E-03
    8376.355   1236.699  18.150  6.78050E-01  6.75306E-01  4.06415E-03
    8383.280   1243.623  18.200  6.72512E-01  6.73830E-01 -1.95641E-03
    8390.223   1250.567  18.250  6.67319E-01  6.72355E-01 -7.49144E-03
    8397.186   1257.530  18.300  6.63089E-01  6.70880E-01 -1.16144E-02
    8404.168   1264.512  18.350  6.60207E-01  6.69404E-01 -1.37430E-02
    8411.169   1271.512  18.400  6.58745E-01  6.67929E-01 -1.37530E-02
    8418.189   1278.532  18.450  6.58481E-01  6.66453E-01 -1.19660E-02
    8425.228   1285.571  18.500  6.58979E-01  6.64978E-01 -9.02407E-03
    8432.285   1292.629  18.550  6.59726E-01  6.63503E-01 -5.69336E-03
    8439.363   1299.706  18.600  6.60267E-01  6.62027E-01 -2.66037E-03
    8446.459   1306.802  18.650  6.60302E-01  6.60552E-01 -3.78980E-04
    8453.574   1313.918  18.700  6.59731E-01  6.59076E-01  9.93168E-04
    8460.708   1321.052  18.750  6.58628E-01  6.57601E-01  1.56233E-03
    8467.861   1328.205  18.800  6.57171E-01  6.56125E-01  1.59507E-03
    8475.034   1335.377  18.850  6.55558E-01  6.54650E-01  1.38848E-03
    8482.225   1342.569  18.900  6.53934E-01  6.53175E-01  1.16310E-03
    8489.435   1349.779  18.950  6.52359E-01  6.51699E-01  1.01335E-03
    8496.665   1357.009  19.000  6.50825E-01  6.50224E-01  9.25185E-04
    8503.913   1364.257  19.050  6.49297E-01  6.48759E-01  8.30093E-04
    8511.181   1371.525  19.100  6.47761E-01  6.47294E-01  7.22387E-04
    8518.467   1378.811  19.150  6.46272E-01  6.45829E-01  6.86899E-04
    8525.773   1386.117  19.200  6.44943E-01  6.44364E-01  8.99158E-04
    8533.098   1393.442  19.250  6.43900E-01  6.42899E-01  1.55837E-03
    8540.441   1400.785  19.300  6.43217E-01  6.41435E-01  2.78087E-03
    8547.804   1408.148  19.350  6.42845E-01  6.39970E-01  4.49706E-03
    8555.186   1415.530  19.400  6.42587E-01  6.38505E-01  6.39918E-03
    8562.587   1422.931  19.450  6.42115E-01  6.37040E-01  7.97331E-03
    8570.007   1430.351  19.500  6.41049E-01  6.35575E-01  8.62067E-03
    8577.446   1437.790  19.550  6.39076E-01  6.34110E-01  7.83952E-03
    8584.904   1445.248  19.600  6.36066E-01  6.32645E-01  5.41280E-03
    8592.381   1452.725  19.650  6.32149E-01  6.31180E-01  1.53660E-03
    8599.877   1460.221  19.700  6.27726E-01  6.29715E-01 -3.16268E-03
    8607.392   1467.736  19.750  6.23391E-01  6.28251E-01 -7.74363E-03
    8614.927   1475.270  19.800  6.19788E-01  6.26786E-01 -1.11765E-02
    8622.480   1482.824  19.850  6.17437E-01  6.25321E-01 -1.26221E-02
    8630.052   1490.396  19.900  6.16576E-01  6.23856E-01 -1.16824E-02
    8637.644   1497.987  19.950  6.17080E-01  6.22391E-01 -8.54236E-03
    8645.254   1505.598  20.000  6.18474E-01  6.20926E-01 -3.95450E-03
