# # Once                                                         FEFF 9.6.4  
# # POT  SCF 100  5.0000   0, core-hole, AFOLP (folp(0)= 1.150)
# # Abs   Z=27 Rmt= 1.397 Rnm= 1.445 K  shell
# # Pot 1 Z=62 Rmt= 1.687 Rnm= 1.742
# # Pot 2 Z=27 Rmt= 1.391 Rnm= 1.451
# # Gam_ch=1.436E+00 H-L exch Vi= 0.000E+00 Vr= 0.000E+00
# # Mu=-1.600E+01 kf=1.936E+00 Vint=-2.333E+01 Rs_int= 1.873
# # PATH  Rmax= 5.631,  Keep_limit= 0.00, Heap_limit 0.00  Pwcrit= 2.50%
#  S02=1.000  Temp=   0.00  Debye_temp=   0.00  Global_sig2= 0.00000
#  Energy zero shift, vr, vi    0.00000E+00   0.00000E+00
#  Curved wave amplitude ratio filter   4.000%
#     file         sig2 tot  cw amp ratio   deg  nlegs   reff  inp sig2
#           1       0.00000    100.00      6.00     2   2.5595
#           2       0.00000     57.10      3.00     2   2.8532
#           3       0.00000     39.98      3.00     2   2.8533
#           4       0.00000      9.39     12.00     3   3.7950
#           5       0.00000      7.65     12.00     3   3.9861
#           6       0.00000     10.59      2.00     2   4.2500
#           7       0.00000     60.55     12.00     2   4.3316
#           8       0.00000     10.30     24.00     3   4.3359
#           9       0.00000     14.76     24.00     3   4.6810
#          10       0.00000      6.69     12.00     3   4.6845
#          11       0.00000      8.50     24.00     3   4.8721
#          12       0.00000     10.09     24.00     3   4.8721
#          13       0.00000     21.41      6.00     2   4.9420
#          14       0.00000     14.62     12.00     3   5.0175
#          15       0.00000      7.41     12.00     3   5.0956
#          16       0.00000     32.44      6.00     2   5.1190
#          17       0.00000     19.47      6.00     2   5.1189
#          18       0.00000     44.34     12.00     3   5.1189
#          20       0.00000      4.85      6.00     4   5.1189
#          21       0.00000     35.59      6.00     4   5.1189
#          22       0.00000     11.25     20.00     3   5.2220
#          23       0.00000      4.90      6.00     3   5.3243
#          24       0.00000     16.40     12.00     3   5.3243
#          25       0.00000     14.18     24.00     3   5.4687
#          26       0.00000     30.91     12.00     2   5.5654
#    25/  26 paths used
#  xsedge+50, used to normalize mu           2.9118E-04
#  -----------------------------------------------------------------------
#  omega    e    k    mu    mu0     chi     @#
    7709.333    -24.572  -1.500 -1.70004E-02  2.17907E-02  7.76450E-02
    7709.895    -24.010  -1.450 -2.32800E-03  2.31636E-02  1.48691E-01
    7710.438    -23.467  -1.400  1.23444E-02  2.45365E-02  2.30557E-01
    7710.962    -22.943  -1.350  6.49472E-03  2.63347E-02  1.81143E-01
    7711.467    -22.438  -1.300  6.44964E-04  2.81329E-02  1.57989E-01
    7711.953    -21.953  -1.250 -6.72419E-03  3.00560E-02  1.66184E-01
    7712.419    -21.486  -1.200 -2.01711E-02  3.24790E-02  2.05134E-01
    7712.867    -21.038  -1.150 -3.36179E-02  3.49021E-02  2.38192E-01
    7713.296    -20.610  -1.100 -4.69636E-02  3.77077E-02  2.66869E-01
    7713.705    -20.200  -1.050 -6.01574E-02  4.10873E-02  3.14205E-01
    7714.096    -19.810  -1.000 -7.33513E-02  4.44669E-02  3.54591E-01
    7714.467    -19.438  -0.950 -8.46428E-02  4.87667E-02  4.13501E-01
    7714.820    -19.086  -0.900 -9.46660E-02  5.36800E-02  4.86491E-01
    7715.153    -18.752  -0.850 -1.04689E-01  5.85933E-02  5.65243E-01
    7715.467    -18.438  -0.800 -1.10693E-01  6.55626E-02  6.43944E-01
    7715.763    -18.143  -0.750 -1.15692E-01  7.30459E-02  7.23353E-01
    7716.039    -17.867  -0.700 -1.20691E-01  8.05292E-02  8.33668E-01
    7716.296    -17.609  -0.650 -1.18714E-01  9.23730E-02  9.23155E-01
    7716.534    -17.371  -0.600 -1.16737E-01  1.04217E-01  1.01401E+00
    7716.753    -17.152  -0.550 -1.12959E-01  1.17365E-01  9.45329E-01
    7716.953    -16.952  -0.500 -1.01978E-01  1.35728E-01  6.74798E-01
    7717.134    -16.771  -0.450 -9.09966E-02  1.54091E-01  3.37905E-01
    7717.296    -16.609  -0.400 -7.71825E-02  1.74453E-01  3.81567E-02
    7717.439    -16.466  -0.350 -5.91186E-02  1.97813E-01 -1.61073E-01
    7717.563    -16.343  -0.300 -4.19468E-02  2.19844E-01 -3.12905E-01
    7717.668    -16.238  -0.250 -3.02669E-02  2.33692E-01 -3.63736E-01
    7717.753    -16.152  -0.200 -1.85869E-02  2.47541E-01 -4.08605E-01
    7717.820    -16.085  -0.150 -6.90698E-03  2.61389E-01 -4.47174E-01
    7717.868    -16.038  -0.100  4.77297E-03  2.75237E-01 -4.79215E-01
    7717.896    -16.009  -0.050  1.64529E-02  2.89086E-01 -5.04615E-01
    7717.906    -16.000   0.000  2.81329E-02  3.02934E-01 -5.23375E-01
    7717.915    -15.990   0.050  3.02053E-02  3.07969E-01 -5.27701E-01
    7717.944    -15.962   0.100  3.25002E-02  3.12906E-01 -5.31432E-01
    7717.991    -15.914   0.150  4.07686E-02  3.27503E-01 -5.39544E-01
    7718.058    -15.847   0.200  5.12767E-02  3.42099E-01 -5.43358E-01
    7718.144    -15.761   0.250  7.13898E-02  3.64826E-01 -5.41946E-01
    7718.249    -15.657   0.300  9.65656E-02  3.87552E-01 -5.31322E-01
    7718.372    -15.533   0.350  1.30739E-01  4.14005E-01 -5.09305E-01
    7718.515    -15.390   0.400  1.71919E-01  4.40459E-01 -4.75546E-01
    7718.677    -15.228   0.450  2.17216E-01  4.65948E-01 -4.32331E-01
    7718.858    -15.047   0.500  2.69609E-01  4.91437E-01 -3.78575E-01
    7719.058    -14.847   0.550  3.22346E-01  5.14292E-01 -3.20752E-01
    7719.277    -14.628   0.600  3.80200E-01  5.37147E-01 -2.56916E-01
    7719.515    -14.390   0.650  4.36306E-01  5.57808E-01 -1.94439E-01
    7719.773    -14.133   0.700  4.93109E-01  5.78469E-01 -1.33608E-01
    7720.049    -13.857   0.750  5.44667E-01  5.97763E-01 -8.11816E-02
    7720.344    -13.561   0.800  5.90146E-01  6.17057E-01 -4.02132E-02
    7720.658    -13.247   0.850  6.24098E-01  6.35473E-01 -1.66037E-02
    7720.992    -12.914   0.900  6.45033E-01  6.53889E-01 -1.26328E-02
    7721.344    -12.561   0.950  6.49057E-01  6.71618E-01 -3.14555E-02
    7721.716    -12.190   1.000  6.37811E-01  6.89347E-01 -7.02640E-02
    7722.106    -11.799   1.050  6.11662E-01  7.06355E-01 -1.26330E-01
    7722.516    -11.390   1.100  5.76385E-01  7.23364E-01 -1.91960E-01
    7722.944    -10.961   1.150  5.36457E-01  7.39491E-01 -2.59890E-01
    7723.392    -10.513   1.200  4.99086E-01  7.55619E-01 -3.21959E-01
    7723.859    -10.047   1.250  4.68807E-01  7.70674E-01 -3.72039E-01
    7724.345     -9.561   1.300  4.51692E-01  7.85729E-01 -4.04413E-01
    7724.849     -9.056   1.350  4.49271E-01  7.99488E-01 -4.17262E-01
    7725.373     -8.532   1.400  4.65767E-01  8.13246E-01 -4.07523E-01
    7725.916     -7.989   1.450  5.00077E-01  8.25563E-01 -3.76513E-01
    7726.478     -7.427   1.500  5.53605E-01  8.37880E-01 -3.24408E-01
    7727.059     -6.846   1.550  6.23380E-01  8.48624E-01 -2.54109E-01
    7727.659     -6.246   1.600  7.06644E-01  8.59367E-01 -1.70351E-01
    7728.278     -5.627   1.650  7.98559E-01  8.68499E-01 -7.72961E-02
    7728.917     -4.989   1.700  8.92353E-01  8.77630E-01  1.61226E-02
    7729.574     -4.332   1.750  9.81712E-01  8.85132E-01  1.05021E-01
    7730.250     -3.655   1.800  1.05922E+00  8.92633E-01  1.79875E-01
    7730.945     -2.960   1.850  1.11862E+00  8.98546E-01  2.36416E-01
    7731.660     -2.246   1.900  1.15605E+00  9.04460E-01  2.68898E-01
    7732.393     -1.512   1.950  1.16783E+00  9.08757E-01  2.75974E-01
    7733.146     -0.760   2.000  1.15906E+00  9.13053E-01  2.61184E-01
    7733.917      0.012   2.050  1.13102E+00  9.14918E-01  2.29393E-01
    7734.708      0.802   2.100  1.09093E+00  9.16783E-01  1.84835E-01
    7735.517      1.612   2.150  1.04521E+00  9.18647E-01  1.34303E-01
    7736.346      2.441   2.200  9.99729E-01  9.20512E-01  8.40499E-02
    7737.194      3.288   2.250  9.64293E-01  9.24735E-01  4.19657E-02
    7738.060      4.155   2.300  9.38860E-01  9.28958E-01  1.05028E-02
    7738.946      5.041   2.350  9.22265E-01  9.33182E-01 -1.15781E-02
    7739.851      5.946   2.400  9.12121E-01  9.37405E-01 -2.68124E-02
    7740.775      6.870   2.450  9.04213E-01  9.42757E-01 -4.07398E-02
    7741.718      7.813   2.500  9.00079E-01  9.48109E-01 -5.05988E-02
    7742.680      8.775   2.550  8.99714E-01  9.53461E-01 -5.64355E-02
    7743.661      9.756   2.600  9.03122E-01  9.58814E-01 -5.82864E-02
    7744.661     10.756   2.650  9.05783E-01  9.61506E-01 -5.81682E-02
    7745.680     11.775   2.700  9.12310E-01  9.64199E-01 -5.40252E-02
    7746.719     12.813   2.750  9.21967E-01  9.66891E-01 -4.66535E-02
    7747.776     13.871   2.800  9.33971E-01  9.69584E-01 -3.68886E-02
    7748.852     14.947   2.850  9.44663E-01  9.71585E-01 -2.78155E-02
    7749.948     16.042   2.900  9.57145E-01  9.73587E-01 -1.69446E-02
    7751.062     17.157   2.950  9.70948E-01  9.75589E-01 -4.77036E-03
    7752.196     18.290   3.000  9.85597E-01  9.77590E-01  8.20926E-03
    7753.348     19.443   3.050  9.98139E-01  9.78685E-01  1.99002E-02
    7754.520     20.614   3.100  1.01164E+00  9.79779E-01  3.25199E-02
    7755.710     21.805   3.150  1.02523E+00  9.80873E-01  4.51579E-02
    7756.920     23.015   3.200  1.03762E+00  9.81967E-01  5.65294E-02
    7758.149     24.243   3.250  1.04776E+00  9.83031E-01  6.56301E-02
    7759.396     25.491   3.300  1.05505E+00  9.84096E-01  7.18130E-02
    7760.663     26.758   3.350  1.05817E+00  9.85161E-01  7.37518E-02
    7761.949     28.044   3.400  1.05611E+00  9.86225E-01  7.04756E-02
    7763.254     29.349   3.450  1.04938E+00  9.87037E-01  6.27451E-02
    7764.578     30.673   3.500  1.03769E+00  9.87849E-01  5.00673E-02
    7765.921     32.016   3.550  1.02155E+00  9.88661E-01  3.29723E-02
    7767.283     33.378   3.600  1.00199E+00  9.89472E-01  1.25271E-02
    7768.664     34.759   3.650  9.81334E-01  9.90484E-01 -9.14162E-03
    7770.064     36.159   3.700  9.60275E-01  9.91496E-01 -3.11409E-02
    7771.484     37.578   3.750  9.40481E-01  9.92508E-01 -5.18081E-02
    7772.922     39.017   3.800  9.23602E-01  9.93520E-01 -6.95101E-02
    7774.379     40.474   3.850  9.10989E-01  9.94424E-01 -8.28089E-02
    7775.856     41.950   3.900  9.03640E-01  9.95328E-01 -9.08478E-02
    7777.351     43.446   3.950  9.02259E-01  9.96232E-01 -9.29560E-02
    7778.865     44.960   4.000  9.07046E-01  9.97137E-01 -8.89671E-02
    7780.399     46.494   4.050  9.17733E-01  9.98063E-01 -7.92199E-02
    7781.951     48.046   4.100  9.33440E-01  9.98990E-01 -6.45564E-02
    7783.523     49.618   4.150  9.52642E-01  9.99917E-01 -4.64947E-02
    7785.114     51.209   4.200  9.73352E-01  1.00084E+00 -2.70014E-02
    7786.723     52.818   4.250  9.93858E-01  1.00169E+00 -7.68769E-03
    7788.352     54.447   4.300  1.01156E+00  1.00254E+00  8.83979E-03
    7790.000     56.095   4.350  1.02475E+00  1.00339E+00  2.09074E-02
    7791.667     57.762   4.400  1.03249E+00  1.00424E+00  2.76311E-02
    7793.353     59.448   4.450  1.03497E+00  1.00495E+00  2.93439E-02
    7795.058     61.153   4.500  1.03308E+00  1.00566E+00  2.67849E-02
    7796.782     62.877   4.550  1.02888E+00  1.00637E+00  2.19784E-02
    7798.525     64.620   4.600  1.02500E+00  1.00708E+00  1.74880E-02
    7800.287     66.382   4.650  1.02329E+00  1.00726E+00  1.56418E-02
    7802.068     68.163   4.700  1.02633E+00  1.00743E+00  1.84317E-02
    7803.868     69.963   4.750  1.03509E+00  1.00761E+00  2.67935E-02
    7805.688     71.782   4.800  1.04908E+00  1.00779E+00  4.02489E-02
    7807.526     73.621   4.850  1.06581E+00  1.00773E+00  5.66264E-02
    7809.383     75.478   4.900  1.08256E+00  1.00767E+00  7.30294E-02
    7811.260     77.355   4.950  1.09552E+00  1.00761E+00  8.57374E-02
    7813.155     79.250   5.000  1.10096E+00  1.00755E+00  9.11131E-02
    7815.070     81.165   5.050  1.09566E+00  1.00724E+00  8.63041E-02
    7817.003     83.098   5.100  1.07880E+00  1.00692E+00  7.02032E-02
    7818.956     85.051   5.150  1.05114E+00  1.00660E+00  4.35271E-02
    7820.928     87.022   5.200  1.01545E+00  1.00628E+00  8.95798E-03
    7822.918     89.013   5.250  9.75432E-01  1.00550E+00 -2.94238E-02
    7824.928     91.023   5.300  9.37179E-01  1.00472E+00 -6.61396E-02
    7826.957     93.052   5.350  9.05952E-01  1.00394E+00 -9.60243E-02
    7829.005     95.100   5.400  8.85978E-01  1.00316E+00 -1.14918E-01
    7831.072     97.166   5.450  8.79657E-01  1.00231E+00 -1.20393E-01
    7833.158     99.252   5.500  8.87297E-01  1.00146E+00 -1.12163E-01
    7835.263    101.357   5.550  9.06757E-01  1.00060E+00 -9.22920E-02
    7837.387    103.481   5.600  9.34077E-01  9.99752E-01 -6.46474E-02
    7839.530    105.625   5.650  9.64537E-01  9.98834E-01 -3.37951E-02
    7841.692    107.787   5.700  9.92790E-01  9.97917E-01 -5.05714E-03
    7843.873    109.968   5.750  1.01465E+00  9.97000E-01  1.74258E-02
    7846.074    112.168   5.800  1.02762E+00  9.96083E-01  3.11728E-02
    7848.293    114.388   5.850  1.03123E+00  9.95094E-01  3.57522E-02
    7850.531    116.626   5.900  1.02675E+00  9.94106E-01  3.23315E-02
    7852.789    118.883   5.950  1.01710E+00  9.93118E-01  2.37700E-02
    7855.065    121.160   6.000  1.00590E+00  9.92130E-01  1.36614E-02
    7857.361    123.455   6.050  9.96752E-01  9.91333E-01  5.38281E-03
    7859.675    125.770   6.100  9.92191E-01  9.90536E-01  1.64508E-03
    7862.009    128.104   6.150  9.93442E-01  9.89739E-01  3.68425E-03
    7864.361    130.456   6.200  1.00020E+00  9.88942E-01  1.12171E-02
    7866.733    132.828   6.250  1.01086E+00  9.88145E-01  2.26409E-02
    7869.124    135.219   6.300  1.02292E+00  9.87349E-01  3.54979E-02
    7871.534    137.628   6.350  1.03369E+00  9.86552E-01  4.70748E-02
    7873.963    140.057   6.400  1.04077E+00  9.85755E-01  5.49917E-02
    7876.411    142.505   6.450  1.04258E+00  9.84958E-01  5.76520E-02
    7878.877    144.972   6.500  1.03855E+00  9.84161E-01  5.44727E-02
    7881.364    147.458   6.550  1.02893E+00  9.83530E-01  4.55105E-02
    7883.869    149.963   6.600  1.01520E+00  9.82898E-01  3.24066E-02
    7886.393    152.487   6.650  9.99142E-01  9.82267E-01  1.69458E-02
    7888.936    155.031   6.700  9.82585E-01  9.81635E-01  9.54156E-04
    7891.498    157.593   6.750  9.67058E-01  9.81004E-01 -1.40286E-02
    7894.079    160.174   6.800  9.53617E-01  9.80372E-01 -2.69383E-02
    7896.680    162.774   6.850  9.42806E-01  9.79741E-01 -3.72206E-02
    7899.299    165.394   6.900  9.34756E-01  9.79109E-01 -4.47367E-02
    7901.937    168.032   6.950  9.29349E-01  9.78478E-01 -4.95984E-02
    7904.595    170.690   7.000  9.26385E-01  9.77846E-01 -5.19990E-02
    7907.271    173.366   7.050  9.25810E-01  9.77086E-01 -5.18741E-02
    7909.967    176.062   7.100  9.27372E-01  9.76325E-01 -4.95852E-02
    7912.682    178.776   7.150  9.30988E-01  9.75565E-01 -4.52064E-02
    7915.415    181.510   7.200  9.36566E-01  9.74804E-01 -3.88261E-02
    7918.168    184.263   7.250  9.43894E-01  9.74044E-01 -3.06501E-02
    7920.940    187.034   7.300  9.52580E-01  9.73284E-01 -2.10726E-02
    7923.731    189.825   7.350  9.62040E-01  9.72523E-01 -1.06832E-02
    7926.540    192.635   7.400  9.71565E-01  9.71763E-01 -2.01445E-04
    7929.369    195.464   7.450  9.80440E-01  9.71002E-01  9.64180E-03
    7932.217    198.312   7.500  9.88073E-01  9.70242E-01  1.82375E-02
    7935.084    201.179   7.550  9.93847E-01  9.69198E-01  2.52506E-02
    7937.970    204.065   7.600  9.97816E-01  9.68154E-01  3.04325E-02
    7940.875    206.970   7.650  1.00008E+00  9.67110E-01  3.38763E-02
    7943.800    209.894   7.700  1.00090E+00  9.66067E-01  3.58468E-02
    7946.743    212.838   7.750  1.00059E+00  9.65023E-01  3.66659E-02
    7949.705    215.800   7.800  9.99430E-01  9.63979E-01  3.65986E-02
    7952.686    218.781   7.850  9.97534E-01  9.62936E-01  3.57748E-02
    7955.687    221.781   7.900  9.94888E-01  9.61892E-01  3.41709E-02
    7958.706    224.801   7.950  9.91365E-01  9.60848E-01  3.16529E-02
    7961.745    227.839   8.000  9.86816E-01  9.59804E-01  2.80615E-02
    7964.802    230.897   8.050  9.80954E-01  9.58597E-01  2.32620E-02
    7967.879    233.973   8.100  9.74192E-01  9.57390E-01  1.75096E-02
    7970.974    237.069   8.150  9.66638E-01  9.56183E-01  1.09126E-02
    7974.089    240.184   8.200  9.58489E-01  9.54976E-01  3.67300E-03
    7977.223    243.317   8.250  9.49997E-01  9.53769E-01 -3.94887E-03
    7980.375    246.470   8.300  9.41385E-01  9.52562E-01 -1.17204E-02
    7983.547    249.642   8.350  9.32767E-01  9.51354E-01 -1.95227E-02
    7986.738    252.833   8.400  9.24129E-01  9.50147E-01 -2.73708E-02
    7989.948    256.043   8.450  9.15411E-01  9.48940E-01 -3.53275E-02
    7993.177    259.272   8.500  9.06678E-01  9.47733E-01 -4.33256E-02
    7996.425    262.520   8.550  8.98422E-01  9.46671E-01 -5.09785E-02
    7999.692    265.787   8.600  8.91330E-01  9.45609E-01 -5.74194E-02
    8002.978    269.073   8.650  8.86571E-01  9.44547E-01 -6.14039E-02
    8006.283    272.378   8.700  8.85506E-01  9.43485E-01 -6.14818E-02
    8009.608    275.702   8.750  8.89388E-01  9.42423E-01 -5.63068E-02
    8012.951    279.046   8.800  8.99012E-01  9.41361E-01 -4.50157E-02
    8016.313    282.408   8.850  9.14382E-01  9.40299E-01 -2.75827E-02
    8019.695    285.789   8.900  9.34497E-01  9.39237E-01 -5.05075E-03
    8023.095    289.190   8.950  9.57338E-01  9.38174E-01  2.04453E-02
    8026.514    292.609   9.000  9.80087E-01  9.37112E-01  4.59045E-02
    8029.953    296.048   9.050  9.99903E-01  9.36187E-01  6.81163E-02
    8033.410    299.505   9.100  1.01352E+00  9.35263E-01  8.37327E-02
    8036.887    302.982   9.150  1.01852E+00  9.34338E-01  9.01533E-02
    8040.383    306.477   9.200  1.01389E+00  9.33413E-01  8.62568E-02
    8043.897    309.992   9.250  1.00029E+00  9.32488E-01  7.27366E-02
    8047.431    313.526   9.300  9.79989E-01  9.31563E-01  5.19925E-02
    8050.984    317.079   9.350  9.56338E-01  9.30638E-01  2.76166E-02
    8054.556    320.651   9.400  9.33083E-01  9.29713E-01  3.62427E-03
    8058.147    324.241   9.450  9.13587E-01  9.28788E-01 -1.63627E-02
    8061.757    327.851   9.500  9.00203E-01  9.27863E-01 -2.97990E-02
    8065.386    331.480   9.550  8.93888E-01  9.26968E-01 -3.56689E-02
    8069.034    335.129   9.600  8.94264E-01  9.26073E-01 -3.43278E-02
    8072.701    338.796   9.650  8.99344E-01  9.25178E-01 -2.79038E-02
    8076.387    342.482   9.700  9.06211E-01  9.24283E-01 -1.95373E-02
    8080.092    346.187   9.750  9.11744E-01  9.23388E-01 -1.25983E-02
    8083.817    349.911   9.800  9.13393E-01  9.22493E-01 -9.85423E-03
    8087.560    353.655   9.850  9.09804E-01  9.21597E-01 -1.27828E-02
    8091.322    357.417   9.900  9.01168E-01  9.20702E-01 -2.11921E-02
    8095.104    361.198   9.950  8.89194E-01  9.19807E-01 -3.32393E-02
    8098.904    364.999  10.000  8.76726E-01  9.18912E-01 -4.58457E-02
    8102.724    368.818  10.050  8.66760E-01  9.17762E-01 -5.54932E-02
    8106.562    372.657  10.100  8.62606E-01  9.16612E-01 -5.88313E-02
    8110.420    376.514  10.150  8.66288E-01  9.15462E-01 -5.36320E-02
    8114.296    380.391  10.200  8.78295E-01  9.14312E-01 -3.93293E-02
    8118.192    384.287  10.250  8.97415E-01  9.13162E-01 -1.72161E-02
    8122.107    388.202  10.300  9.20937E-01  9.12012E-01  9.76970E-03
    8126.041    392.135  10.350  9.45188E-01  9.10862E-01  3.76199E-02
    8129.994    396.088  10.400  9.66267E-01  9.09711E-01  6.20567E-02
    8133.965    400.060  10.450  9.80813E-01  9.08561E-01  7.93768E-02
    8137.956    404.051  10.500  9.86645E-01  9.07411E-01  8.71524E-02
    8141.966    408.061  10.550  9.83119E-01  9.06261E-01  8.46424E-02
    8145.995    412.090  10.600  9.71168E-01  9.05111E-01  7.28358E-02
    8150.044    416.138  10.650  9.53004E-01  9.03961E-01  5.41416E-02
    8154.111    420.205  10.700  9.31593E-01  9.02811E-01  3.18133E-02
    8158.197    424.292  10.750  9.10024E-01  9.01661E-01  9.25550E-03
    8162.302    428.397  10.800  8.90918E-01  9.00511E-01 -1.06286E-02
    8166.427    432.521  10.850  8.76009E-01  8.99361E-01 -2.59059E-02
    8170.570    436.665  10.900  8.65965E-01  8.98210E-01 -3.58164E-02
    8174.732    440.827  10.950  8.60469E-01  8.97060E-01 -4.06926E-02
    8178.914    445.008  11.000  8.58504E-01  8.95910E-01 -4.16501E-02
    8183.114    449.209  11.050  8.58676E-01  8.94715E-01 -4.01798E-02
    8187.334    453.429  11.100  8.59843E-01  8.93519E-01 -3.75940E-02
    8191.572    457.667  11.150  8.61120E-01  8.92324E-01 -3.48794E-02
    8195.830    461.925  11.200  8.62155E-01  8.91128E-01 -3.24273E-02
    8200.107    466.202  11.250  8.63118E-01  8.89933E-01 -3.00500E-02
    8204.403    470.497  11.300  8.64529E-01  8.88737E-01 -2.71641E-02
    8208.717    474.812  11.350  8.67006E-01  8.87542E-01 -2.30735E-02
    8213.051    479.146  11.400  8.71004E-01  8.86346E-01 -1.72603E-02
    8217.404    483.499  11.450  8.76628E-01  8.85151E-01 -9.60046E-03
    8221.776    487.871  11.500  8.83556E-01  8.83955E-01 -4.49541E-04
    8226.167    492.262  11.550  8.91096E-01  8.82759E-01  9.41619E-03
    8230.577    496.672  11.600  8.98343E-01  8.81564E-01  1.89762E-02
    8235.006    501.101  11.650  9.04389E-01  8.80368E-01  2.72006E-02
    8239.454    505.549  11.700  9.08519E-01  8.79173E-01  3.32748E-02
    8243.922    510.016  11.750  9.10345E-01  8.77977E-01  3.67498E-02
    8248.408    514.503  11.800  9.09842E-01  8.76782E-01  3.75852E-02
    8252.913    519.008  11.850  9.07282E-01  8.75586E-01  3.60817E-02
    8257.438    523.532  11.900  9.03109E-01  8.74391E-01  3.27349E-02
    8261.981    528.076  11.950  8.97781E-01  8.73195E-01  2.80617E-02
    8266.543    532.638  12.000  8.91650E-01  8.72000E-01  2.24583E-02
    8271.125    537.220  12.050  8.84857E-01  8.70758E-01  1.61367E-02
    8275.725    541.820  12.100  8.77495E-01  8.69517E-01  9.14416E-03
    8280.345    546.440  12.150  8.69546E-01  8.68275E-01  1.45920E-03
    8284.984    551.078  12.200  8.61050E-01  8.67033E-01 -6.87694E-03
    8289.641    555.736  12.250  8.52218E-01  8.65792E-01 -1.56240E-02
    8294.318    560.413  12.300  8.43502E-01  8.64550E-01 -2.42622E-02
    8299.014    565.109  12.350  8.35586E-01  8.63309E-01 -3.20020E-02
    8303.729    569.824  12.400  8.29290E-01  8.62067E-01 -3.78916E-02
    8308.463    574.557  12.450  8.25409E-01  8.60825E-01 -4.10010E-02
    8313.216    579.310  12.500  8.24534E-01  8.59584E-01 -4.06361E-02
    8317.988    584.082  12.550  8.26883E-01  8.58342E-01 -3.65261E-02
    8322.779    588.873  12.600  8.32217E-01  8.57101E-01 -2.89333E-02
    8327.589    593.684  12.650  8.39842E-01  8.55859E-01 -1.86509E-02
    8332.418    598.513  12.700  8.48712E-01  8.54617E-01 -6.88607E-03
    8337.266    603.361  12.750  8.57613E-01  8.53376E-01  4.94818E-03
    8342.133    608.228  12.800  8.65373E-01  8.52134E-01  1.54829E-02
    8347.020    613.114  12.850  8.71067E-01  8.50893E-01  2.36281E-02
    8351.925    618.020  12.900  8.74154E-01  8.49651E-01  2.87396E-02
    8356.850    622.944  12.950  8.74531E-01  8.48409E-01  3.06838E-02
    8361.793    627.888  13.000  8.72494E-01  8.47168E-01  2.97919E-02
    8366.755    632.850  13.050  8.68559E-01  8.45819E-01  2.67937E-02
    8371.737    637.832  13.100  8.63456E-01  8.44470E-01  2.24070E-02
    8376.738    642.832  13.150  8.57827E-01  8.43121E-01  1.73831E-02
    8381.757    647.852  13.200  8.52160E-01  8.41772E-01  1.22992E-02
    8386.796    652.891  13.250  8.46740E-01  8.40423E-01  7.49055E-03
    8391.854    657.948  13.300  8.41653E-01  8.39075E-01  3.06305E-03
    8396.931    663.025  13.350  8.36861E-01  8.37726E-01 -1.02901E-03
    8402.026    668.121  13.400  8.32288E-01  8.36377E-01 -4.87319E-03
    8407.141    673.236  13.450  8.27911E-01  8.35028E-01 -8.49580E-03
    8412.275    678.370  13.500  8.23811E-01  8.33679E-01 -1.17994E-02
    8417.428    683.523  13.550  8.20173E-01  8.32330E-01 -1.45595E-02
    8422.600    688.695  13.600  8.17244E-01  8.30981E-01 -1.64793E-02
    8427.791    693.886  13.650  8.15250E-01  8.29633E-01 -1.72816E-02
    8433.002    699.096  13.700  8.14319E-01  8.28284E-01 -1.68068E-02
    8438.231    704.326  13.750  8.14424E-01  8.26935E-01 -1.50826E-02
    8443.479    709.574  13.800  8.15366E-01  8.25586E-01 -1.23407E-02
    8448.746    714.841  13.850  8.16818E-01  8.24237E-01 -8.97357E-03
    8454.033    720.127  13.900  8.18396E-01  8.22888E-01 -5.44248E-03
    8459.338    725.433  13.950  8.19757E-01  8.21539E-01 -2.16326E-03
    8464.663    730.757  14.000  8.20679E-01  8.20191E-01  5.94056E-04
    8470.006    736.101  14.050  8.21101E-01  8.18855E-01  2.73473E-03
    8475.369    741.463  14.100  8.21141E-01  8.17519E-01  4.41811E-03
    8480.750    746.845  14.150  8.21019E-01  8.16183E-01  5.90840E-03
    8486.151    752.246  14.200  8.20960E-01  8.14847E-01  7.47995E-03
    8491.571    757.665  14.250  8.21092E-01  8.13511E-01  9.29187E-03
    8497.009    763.104  14.300  8.21374E-01  8.12175E-01  1.12935E-02
    8502.467    768.562  14.350  8.21568E-01  8.10839E-01  1.31932E-02
    8507.944    774.039  14.400  8.21280E-01  8.09503E-01  1.45059E-02
    8513.440    779.535  14.450  8.20059E-01  8.08167E-01  1.46725E-02
    8518.955    785.050  14.500  8.17530E-01  8.06831E-01  1.32218E-02
    8524.489    790.584  14.550  8.13519E-01  8.05495E-01  9.93256E-03
    8530.042    796.137  14.600  8.08149E-01  8.04159E-01  4.94773E-03
    8535.614    801.709  14.650  8.01861E-01  8.02823E-01 -1.19406E-03
    8541.205    807.300  14.700  7.95356E-01  8.01487E-01 -7.62716E-03
    8546.815    812.910  14.750  7.89464E-01  8.00151E-01 -1.33174E-02
    8552.445    818.539  14.800  7.84975E-01  7.98815E-01 -1.72762E-02
    8558.093    824.188  14.850  7.82459E-01  7.97479E-01 -1.87801E-02
    8563.760    829.855  14.900  7.82138E-01  7.96143E-01 -1.75411E-02
    8569.447    835.541  14.950  7.83820E-01  7.94807E-01 -1.37845E-02
    8575.152    841.247  15.000  7.86936E-01  7.93471E-01 -8.21279E-03
    8580.877    846.971  15.050  7.90572E-01  7.92060E-01 -1.87398E-03
    8586.620    852.715  15.100  7.93933E-01  7.90650E-01  4.14093E-03
    8592.383    858.477  15.150  7.96206E-01  7.89239E-01  8.80295E-03
    8598.164    864.259  15.200  7.96840E-01  7.87829E-01  1.14068E-02
    8603.965    870.060  15.250  7.95648E-01  7.86419E-01  1.17053E-02
    8609.785    875.880  15.300  7.92829E-01  7.85008E-01  9.93700E-03
    8615.624    881.718  15.350  7.88894E-01  7.83598E-01  6.74219E-03
    8621.482    887.576  15.400  7.84533E-01  7.82187E-01  2.99137E-03
    8627.358    893.453  15.450  7.80441E-01  7.80777E-01 -4.29589E-04
    8633.254    899.349  15.500  7.77160E-01  7.79367E-01 -2.82465E-03
    8639.169    905.264  15.550  7.74966E-01  7.77956E-01 -3.83389E-03
    8645.103    911.198  15.600  7.73831E-01  7.76546E-01 -3.48838E-03
    8651.057    917.151  15.650  7.73453E-01  7.75135E-01 -2.16491E-03
    8657.029    923.123  15.700  7.73370E-01  7.73725E-01 -4.57661E-04
    8663.020    929.115  15.750  7.73086E-01  7.72314E-01  9.96561E-04
    8669.030    935.125  15.800  7.72212E-01  7.70904E-01  1.69243E-03
    8675.059    941.154  15.850  7.70562E-01  7.69494E-01  1.38526E-03
    8681.108    947.202  15.900  7.68194E-01  7.68083E-01  1.44414E-04
    8687.175    953.270  15.950  7.65383E-01  7.66673E-01 -1.67891E-03
    8693.262    959.356  16.000  7.62535E-01  7.65262E-01 -3.55671E-03
    8699.367    965.462  16.050  7.60100E-01  7.63849E-01 -4.89928E-03
    8705.492    971.586  16.100  7.58376E-01  7.62436E-01 -5.31480E-03
    8711.635    977.730  16.150  7.57504E-01  7.61023E-01 -4.61549E-03
    8717.798    983.893  16.200  7.57417E-01  7.59610E-01 -2.88163E-03
    8723.980    990.074  16.250  7.57868E-01  7.58197E-01 -4.33187E-04
    8730.180    996.275  16.300  7.58494E-01  7.56784E-01  2.25566E-03
    8736.400   1002.495  16.350  7.58908E-01  7.55371E-01  4.67423E-03
    8742.639   1008.734  16.400  7.58786E-01  7.53958E-01  6.39363E-03
    8748.897   1014.992  16.450  7.57939E-01  7.52545E-01  7.15621E-03
    8755.174   1021.269  16.500  7.56335E-01  7.51132E-01  6.91597E-03
    8761.470   1027.565  16.550  7.54092E-01  7.49718E-01  5.82387E-03
    8767.785   1033.880  16.600  7.51428E-01  7.48305E-01  4.16651E-03
    8774.119   1040.214  16.650  7.48597E-01  7.46892E-01  2.27839E-03
    8780.472   1046.567  16.700  7.45818E-01  7.45479E-01  4.53620E-04
    8786.844   1052.939  16.750  7.43233E-01  7.44066E-01 -1.11860E-03
    8793.236   1059.330  16.800  7.40884E-01  7.42653E-01 -2.37889E-03
    8799.646   1065.741  16.850  7.38732E-01  7.41240E-01 -3.37903E-03
    8806.075   1072.170  16.900  7.36694E-01  7.39827E-01 -4.22906E-03
    8812.524   1078.618  16.950  7.34695E-01  7.38414E-01 -5.02904E-03
    8818.991   1085.086  17.000  7.32714E-01  7.37001E-01 -5.80869E-03
    8825.478   1091.572  17.050  7.30788E-01  7.35579E-01 -6.50555E-03
    8831.983   1098.078  17.100  7.29040E-01  7.34157E-01 -6.96191E-03
    8838.508   1104.602  17.150  7.27648E-01  7.32736E-01 -6.93490E-03
    8845.051   1111.146  17.200  7.26779E-01  7.31314E-01 -6.19433E-03
    8851.614   1117.709  17.250  7.26527E-01  7.29892E-01 -4.60497E-03
    8858.196   1124.291  17.300  7.26873E-01  7.28470E-01 -2.18993E-03
    8864.797   1130.891  17.350  7.27663E-01  7.27049E-01  8.44178E-04
    8871.416   1137.511  17.400  7.28626E-01  7.25627E-01  4.12932E-03
    8878.055   1144.150  17.450  7.29425E-01  7.24205E-01  7.20124E-03
    8884.713   1150.808  17.500  7.29723E-01  7.22784E-01  9.59218E-03
    8891.390   1157.485  17.550  7.29252E-01  7.21362E-01  1.09280E-02
    8898.086   1164.181  17.600  7.27870E-01  7.19940E-01  1.10056E-02
    8904.801   1170.896  17.650  7.25589E-01  7.18518E-01  9.83252E-03
    8911.536   1177.630  17.700  7.22565E-01  7.17097E-01  7.61946E-03
    8918.289   1184.384  17.750  7.19062E-01  7.15675E-01  4.72964E-03
    8925.061   1191.156  17.800  7.15396E-01  7.14253E-01  1.59906E-03
    8931.852   1197.947  17.850  7.11867E-01  7.12832E-01 -1.35214E-03
    8938.663   1204.757  17.900  7.08708E-01  7.11410E-01 -3.79589E-03
    8945.492   1211.587  17.950  7.06050E-01  7.09988E-01 -5.54340E-03
    8952.341   1218.435  18.000  7.03919E-01  7.08566E-01 -6.55555E-03
    8959.208   1225.303  18.050  7.02221E-01  7.07123E-01 -6.92836E-03
    8966.095   1232.189  18.100  7.00898E-01  7.05680E-01 -6.77297E-03
    8973.000   1239.095  18.150  6.99808E-01  7.04236E-01 -6.28496E-03
    8979.925   1246.020  18.200  6.98827E-01  7.02793E-01 -5.64180E-03
    8986.869   1252.963  18.250  6.97868E-01  7.01350E-01 -4.96288E-03
    8993.831   1259.926  18.300  6.96901E-01  6.99906E-01 -4.29244E-03
    9000.813   1266.908  18.350  6.95944E-01  6.98463E-01 -3.60625E-03
    9007.814   1273.909  18.400  6.95042E-01  6.97020E-01 -2.83676E-03
    9014.834   1280.929  18.450  6.94250E-01  6.95576E-01 -1.90716E-03
    9021.873   1287.967  18.500  6.93603E-01  6.94133E-01 -7.63721E-04
    9028.931   1295.025  18.550  6.93107E-01  6.92690E-01  6.01827E-04
    9036.008   1302.102  18.600  6.92729E-01  6.91247E-01  2.14420E-03
    9043.104   1309.199  18.650  6.92404E-01  6.89803E-01  3.77020E-03
    9050.219   1316.314  18.700  6.92045E-01  6.88360E-01  5.35383E-03
    9057.353   1323.448  18.750  6.91556E-01  6.86917E-01  6.75489E-03
    9064.506   1330.601  18.800  6.90844E-01  6.85473E-01  7.83568E-03
    9071.679   1337.773  18.850  6.89825E-01  6.84030E-01  8.47283E-03
    9078.870   1344.965  18.900  6.88431E-01  6.82587E-01  8.56437E-03
    9086.080   1352.175  18.950  6.86615E-01  6.81143E-01  8.03486E-03
    9093.310   1359.405  19.000  6.84349E-01  6.79700E-01  6.84193E-03
    9100.558   1366.653  19.050  6.81664E-01  6.78281E-01  4.98873E-03
    9107.826   1373.921  19.100  6.78559E-01  6.76863E-01  2.50693E-03
    9115.113   1381.207  19.150  6.75126E-01  6.75444E-01 -4.70906E-04
    9122.418   1388.513  19.200  6.71518E-01  6.74025E-01 -3.72106E-03
    9129.743   1395.838  19.250  6.67944E-01  6.72607E-01 -6.93559E-03
    9137.087   1403.181  19.300  6.64647E-01  6.71188E-01 -9.75007E-03
    9144.449   1410.544  19.350  6.61876E-01  6.69769E-01 -1.17915E-02
    9151.831   1417.926  19.400  6.59841E-01  6.68351E-01 -1.27399E-02
    9159.232   1425.327  19.450  6.58673E-01  6.66932E-01 -1.23923E-02
    9166.652   1432.747  19.500  6.58388E-01  6.65513E-01 -1.07137E-02
    9174.091   1440.186  19.550  6.58878E-01  6.64095E-01 -7.86174E-03
    9181.549   1447.644  19.600  6.59911E-01  6.62676E-01 -4.17625E-03
    9189.026   1455.121  19.650  6.61171E-01  6.61257E-01 -1.31274E-04
    9196.522   1462.617  19.700  6.62306E-01  6.59839E-01  3.74266E-03
    9204.038   1470.132  19.750  6.62993E-01  6.58420E-01  6.95132E-03
    9211.572   1477.667  19.800  6.62991E-01  6.57001E-01  9.12489E-03
    9219.125   1485.220  19.850  6.62186E-01  6.55583E-01  1.00820E-02
    9226.697   1492.792  19.900  6.60604E-01  6.54164E-01  9.85503E-03
    9234.289   1500.384  19.950  6.58398E-01  6.52745E-01  8.66991E-03
    9241.899   1507.994  20.000  6.55807E-01  6.51327E-01  6.88622E-03
