# # Once                                                         FEFF 9.6.4  
# # POT  SCF 100  5.0000   0, core-hole, AFOLP (folp(0)= 1.150)
# # Abs   Z=27 Rmt= 1.333 Rnm= 1.384 K  shell
# # Pot 1 Z=62 Rmt= 1.708 Rnm= 1.731
# # Pot 2 Z=27 Rmt= 1.342 Rnm= 1.393
# # Gam_ch=1.436E+00 H-L exch Vi= 0.000E+00 Vr= 0.000E+00
# # Mu=-1.756E+01 kf=2.065E+00 Vint=-2.658E+01 Rs_int= 1.757
# # PATH  Rmax=10.000,  Keep_limit= 0.00, Heap_limit 0.00  Pwcrit= 2.50%
#  S02=1.000  Temp=   0.00  Debye_temp=   0.00  Global_sig2= 0.00000
#  Energy zero shift, vr, vi    0.00000E+00   0.00000E+00
#  Curved wave amplitude ratio filter   4.000%
#     file         sig2 tot  cw amp ratio   deg  nlegs   reff  inp sig2
#           1       0.00000    100.00      1.00     2   2.3374
#           2       0.00000    191.30      2.00     2   2.3908
#           3       0.00000     92.23      1.00     2   2.4351
#           4       0.00000    175.60      2.00     2   2.4960
#           5       0.00000    163.70      2.00     2   2.5835
#           6       0.00000    155.30      2.00     2   2.6510
#           7       0.00000     86.86      1.00     2   2.9702
#           8       0.00000     84.43      1.00     2   3.0156
#           9       0.00000     40.50      1.00     2   3.5609
#          10       0.00000     17.14      4.00     3   3.6084
#          11       0.00000     16.63      4.00     3   3.6470
#          12       0.00000     14.21      4.00     3   3.6647
#          13       0.00000     16.50      4.00     3   3.6907
#          14       0.00000     15.77      4.00     3   3.7561
#          15       0.00000     12.67      4.00     3   3.8004
#          16       0.00000      9.40      2.00     3   3.8055
#          17       0.00000     10.91      4.00     3   3.8197
#          18       0.00000     10.93      4.00     3   3.8686
#          19       0.00000     11.70      4.00     3   3.8782
#          20       0.00000     64.07      2.00     2   3.9313
#          21       0.00000     59.87      2.00     2   4.0430
#          22       0.00000     59.44      2.00     2   4.0550
#          23       0.00000     57.94      2.00     2   4.0977
#          24       0.00000     57.34      2.00     2   4.1151
#          25       0.00000     56.72      2.00     2   4.1335
#          26       0.00000     55.06      2.00     2   4.1835
#          27       0.00000      8.02      4.00     3   4.3207
#          28       0.00000     12.61      4.00     3   4.3298
#          29       0.00000     17.60      4.00     3   4.3298
#          30       0.00000      9.12      4.00     3   4.3639
#          31       0.00000     14.81      4.00     3   4.4172
#          32       0.00000      6.32      2.00     3   4.4179
#          33       0.00000     16.58      4.00     3   4.4205
#          34       0.00000     16.92      4.00     3   4.4478
#          35       0.00000     17.61      4.00     3   4.4484
#          36       0.00000      6.89      2.00     3   4.4530
#          37       0.00000      9.08      2.00     3   4.4530
#          38       0.00000      9.19      2.00     3   4.4530
#          39       0.00000     10.45      4.00     3   4.4871
#          40       0.00000     14.61      4.00     3   4.4871
#          41       0.00000     10.71      4.00     3   4.4879
#          42       0.00000     14.76      4.00     3   4.4879
#          43       0.00000     14.69      4.00     3   4.4918
#          44       0.00000      9.25      4.00     3   4.5152
#          45       0.00000     45.03      2.00     2   4.5336
#          46       0.00000      9.71      4.00     3   4.5581
#          47       0.00000     13.52      4.00     3   4.5581
#          48       0.00000     14.40      4.00     3   4.5667
#          49       0.00000      9.77      4.00     3   4.5707
#          50       0.00000     43.52      2.00     2   4.5947
#          51       0.00000     12.78      4.00     3   4.5973
#          52       0.00000     12.76      4.00     3   4.5973
#          53       0.00000      8.51      4.00     3   4.6282
#          54       0.00000      9.85      4.00     3   4.6518
#          55       0.00000      5.78      1.00     4   4.6748
#          56       0.00000      6.16      2.00     3   4.6784
#          57       0.00000     11.51      4.00     3   4.6882
#          58       0.00000     63.96      2.00     2   4.7043
#          59       0.00000     19.76      8.00     3   4.7177
#          60       0.00000      8.03      4.00     3   4.7312
#          61       0.00000     19.38      4.00     3   4.7621
#          62       0.00000     19.74      1.00     2   4.7726
#          63       0.00000     17.90      4.00     3   4.7768
#          64       0.00000     39.28      2.00     2   4.7817
#          65       0.00000     97.62      4.00     3   4.7817
#          66       0.00000     10.48      2.00     4   4.7817
#          67       0.00000     80.08      2.00     4   4.7817
#          68       0.00000     19.38      4.00     3   4.8054
#          69       0.00000      5.67      4.00     4   4.8260
#          70       0.00000      5.60      4.00     4   4.8334
#          71       0.00000     37.76      4.00     3   4.8667
#          72       0.00000      4.84      1.00     4   4.8703
#          73       0.00000     28.03      4.00     4   4.8868
#          74       0.00000      5.26      4.00     4   4.8868
#          75       0.00000     17.99      4.00     3   4.8986
#          76       0.00000      4.57      4.00     4   4.9743
#          77       0.00000      4.74      4.00     4   4.9743
#          78       0.00000      8.71      2.00     4   4.9919
#          79       0.00000     11.14      4.00     3   4.9973
#          81       0.00000     54.24      2.00     2   5.0257
#          82       0.00000     68.98      4.00     2   5.0257
#          83       0.00000     13.77      4.00     3   5.0373
#          84       0.00000     10.13      4.00     3   5.0394
#          85       0.00000     11.90      4.00     3   5.0493
#          86       0.00000     54.35      4.00     3   5.0526
#          87       0.00000     53.76      4.00     3   5.0526
#          88       0.00000     33.88      2.00     2   5.0599
#          89       0.00000      9.92      4.00     3   5.0778
#          91       0.00000     24.28      2.00     4   5.0794
#          92       0.00000     23.85      2.00     4   5.0794
#          93       0.00000      4.16      4.00     4   5.0794
#          94       0.00000     33.10      2.00     2   5.1046
#          95       0.00000      9.72      4.00     3   5.1076
#          96       0.00000     15.37      4.00     3   5.1205
#          97       0.00000     15.18      4.00     3   5.1213
#          98       0.00000     14.86      4.00     3   5.1275
#          99       0.00000     23.98      4.00     3   5.1349
#         100       0.00000     32.42      2.00     2   5.1446
#         101       0.00000      7.53      2.00     4   5.1669
#         102       0.00000     22.51      4.00     3   5.1825
#         103       0.00000     27.42      4.00     3   5.1921
#         104       0.00000      7.97      4.00     3   5.1967
#         105       0.00000      4.53      2.00     4   5.2100
#         106       0.00000     31.13      2.00     2   5.2231
#         107       0.00000      7.72      4.00     3   5.2278
#         108       0.00000     14.97      4.00     4   5.2345
#         110       0.00000     10.11      4.00     3   5.2846
#         111       0.00000      7.51      4.00     3   5.2867
#         112       0.00000     15.87      4.00     3   5.2876
#         113       0.00000      6.74      2.00     4   5.3020
#         114       0.00000      9.47      4.00     3   5.3072
#         115       0.00000     23.17      1.00     2   5.3453
#         116       0.00000     11.11      4.00     3   5.3475
#         117       0.00000     21.12      2.00     3   5.3492
#         118       0.00000     45.67      2.00     3   5.3492
#         119       0.00000     14.02      2.00     4   5.3530
#         120       0.00000     29.95      1.00     4   5.3530
#         122       0.00000     22.61      1.00     2   5.3959
#         123       0.00000     20.24      2.00     3   5.4006
#         124       0.00000     43.19      2.00     3   5.4006
#         125       0.00000     13.17      2.00     4   5.4054
#         126       0.00000     27.41      1.00     4   5.4054
#         127       0.00000     10.82      4.00     3   5.4092
#         128       0.00000     12.37      4.00     3   5.4313
#         129       0.00000     26.54      2.00     2   5.5407
#         130       0.00000     21.77      4.00     3   5.5425
#         131       0.00000     26.33      2.00     2   5.5569
#         132       0.00000     25.82      2.00     2   5.5968
#         133       0.00000     25.53      2.00     2   5.6199
#         135       0.00000     20.32      4.00     3   5.6271
#         136       0.00000     31.16      4.00     3   5.8103
#         137       0.00000     30.06      4.00     3   5.8389
#         138       0.00000     22.22      4.00     3   5.8511
#         139       0.00000     20.31      4.00     3   5.8903
#         140       0.00000     11.17      1.00     2   5.8983
#         141       0.00000     37.60      2.00     3   5.9194
#         142       0.00000      4.01      1.00     4   5.9404
#         143       0.00000     30.24      1.00     4   5.9404
#         144       0.00000      4.72      2.00     4   5.9405
#         145       0.00000     10.67      1.00     2   5.9960
#         146       0.00000     37.33      2.00     3   6.0136
#         147       0.00000     21.11      2.00     2   6.0185
#         148       0.00000     21.07      2.00     2   6.0224
#         149       0.00000     11.34      2.00     4   6.0239
#         150       0.00000      8.60      4.00     3   6.0250
#         152       0.00000     31.26      1.00     4   6.0312
#         153       0.00000      4.28      2.00     4   6.0312
#         154       0.00000     20.82      2.00     2   6.0482
#         155       0.00000     20.72      2.00     2   6.0583
#         156       0.00000     10.66      2.00     4   6.0579
#         157       0.00000     20.69      2.00     2   6.0610
#         158       0.00000      7.52      4.00     3   6.0679
#         159       0.00000     41.16      4.00     2   6.0729
#         160       0.00000     20.50      2.00     2   6.0811
#         161       0.00000     13.73      4.00     3   6.1351
#         162       0.00000     13.24      4.00     3   6.1351
#         163       0.00000     11.43      4.00     3   6.1437
#         164       0.00000      5.34      2.00     4   6.1614
#         165       0.00000      8.38      4.00     3   6.1804
#         166       0.00000      8.88      4.00     3   6.1975
#         167       0.00000      8.87      4.00     3   6.1975
#         168       0.00000      7.16      4.00     3   6.1990
#         169       0.00000     19.30      2.00     2   6.2118
#         170       0.00000      4.62      4.00     4   6.2119
#         172       0.00000      4.53      2.00     4   6.2236
#         173       0.00000      8.19      4.00     3   6.2287
#         174       0.00000      6.81      4.00     3   6.2287
#         175       0.00000     18.98      2.00     2   6.2486
#         176       0.00000      7.89      4.00     3   6.2554
#         177       0.00000      7.70      4.00     3   6.2684
#         179       0.00000      7.81      4.00     3   6.2756
#         180       0.00000      6.46      4.00     3   6.2756
#         181       0.00000      6.77      4.00     3   6.2824
#         182       0.00000      7.26      4.00     3   6.2858
#   174/ 181 paths used
#  xsedge+50, used to normalize mu           2.9129E-04
#  -----------------------------------------------------------------------
#  omega    e    k    mu    mu0     chi     @#
    7719.126    -17.547   0.050  1.03795E-01  3.14571E-01 -3.85283E-01
    7719.155    -17.519   0.100  1.11481E-01  3.19621E-01 -3.79758E-01
    7719.202    -17.471   0.150  1.34218E-01  3.34562E-01 -3.63531E-01
    7719.269    -17.405   0.200  1.57976E-01  3.49504E-01 -3.45638E-01
    7719.355    -17.319   0.250  1.94873E-01  3.72634E-01 -3.17948E-01
    7719.459    -17.214   0.300  2.33712E-01  3.95764E-01 -2.87303E-01
    7719.583    -17.090   0.350  2.80132E-01  4.22350E-01 -2.49129E-01
    7719.726    -16.947   0.400  3.28841E-01  4.48936E-01 -2.07893E-01
    7719.888    -16.785   0.450  3.81962E-01  4.74043E-01 -1.57079E-01
    7720.069    -16.605   0.500  4.36531E-01  4.99150E-01 -1.05288E-01
    7720.269    -16.404   0.550  4.90927E-01  5.21028E-01 -4.97661E-02
    7720.488    -16.185   0.600  5.42189E-01  5.42906E-01 -1.16610E-03
    7720.726    -15.947   0.650  5.83272E-01  5.62144E-01  3.37294E-02
    7720.983    -15.690   0.700  6.15796E-01  5.81382E-01  5.39520E-02
    7721.260    -15.414   0.750  6.32598E-01  5.98975E-01  5.16956E-02
    7721.555    -15.119   0.800  6.38242E-01  6.16569E-01  3.26915E-02
    7721.869    -14.804   0.850  6.28553E-01  6.33185E-01 -6.84900E-03
    7722.203    -14.471   0.900  6.09376E-01  6.49801E-01 -5.86071E-02
    7722.555    -14.118   0.950  5.80054E-01  6.65797E-01 -1.21842E-01
    7722.927    -13.747   1.000  5.46832E-01  6.81793E-01 -1.88052E-01
    7723.317    -13.356   1.050  5.11878E-01  6.97282E-01 -2.53327E-01
    7723.727    -12.947   1.100  4.80417E-01  7.12771E-01 -3.11438E-01
    7724.155    -12.518   1.150  4.55019E-01  7.27716E-01 -3.58711E-01
    7724.603    -12.071   1.200  4.38965E-01  7.42661E-01 -3.92191E-01
    7725.070    -11.604   1.250  4.33183E-01  7.56956E-01 -4.10806E-01
    7725.555    -11.118   1.300  4.39802E-01  7.71251E-01 -4.13318E-01
    7726.060    -10.613   1.350  4.57510E-01  7.84729E-01 -4.01468E-01
    7726.584    -10.089   1.400  4.87087E-01  7.98207E-01 -3.75663E-01
    7727.127     -9.547   1.450  5.25958E-01  8.10732E-01 -3.38845E-01
    7727.689     -8.985   1.500  5.73398E-01  8.23258E-01 -2.93034E-01
    7728.270     -8.404   1.550  6.26036E-01  8.34683E-01 -2.41540E-01
    7728.870     -7.803   1.600  6.82829E-01  8.46108E-01 -1.86609E-01
    7729.489     -7.184   1.650  7.40965E-01  8.56327E-01 -1.30374E-01
    7730.127     -6.546   1.700  8.00192E-01  8.66545E-01 -7.41599E-02
    7730.785     -5.889   1.750  8.59159E-01  8.75486E-01 -1.80766E-02
    7731.461     -5.213   1.800  9.17845E-01  8.84428E-01  3.66537E-02
    7732.156     -4.517   1.850  9.74952E-01  8.92038E-01  9.02467E-02
    7732.871     -3.803   1.900  1.02888E+00  8.99648E-01  1.39595E-01
    7733.604     -3.070   1.950  1.07672E+00  9.05863E-01  1.83441E-01
    7734.357     -2.317   2.000  1.11519E+00  9.12077E-01  2.16775E-01
    7735.128     -1.546   2.050  1.14169E+00  9.16378E-01  2.39572E-01
    7735.919     -0.755   2.100  1.15037E+00  9.20679E-01  2.43319E-01
    7736.728      0.055   2.150  1.13953E+00  9.24979E-01  2.26442E-01
    7737.557      0.883   2.200  1.11045E+00  9.29280E-01  1.90509E-01
    7738.405      1.731   2.250  1.06026E+00  9.30547E-01  1.36414E-01
    7739.271      2.598   2.300  1.00099E+00  9.31815E-01  7.27490E-02
    7740.157      3.484   2.350  9.43217E-01  9.33082E-01  1.06596E-02
    7741.062      4.389   2.400  8.96455E-01  9.34349E-01 -3.98602E-02
    7741.986      5.312   2.450  8.72305E-01  9.39194E-01 -7.02336E-02
    7742.929      6.255   2.500  8.64712E-01  9.44039E-01 -8.31433E-02
    7743.891      7.217   2.550  8.71074E-01  9.48883E-01 -8.14074E-02
    7744.872      8.198   2.600  8.86247E-01  9.53728E-01 -7.04751E-02
    7745.872      9.199   2.650  8.99652E-01  9.57763E-01 -6.04926E-02
    7746.891     10.218   2.700  9.15958E-01  9.61798E-01 -4.75640E-02
    7747.930     11.256   2.750  9.32392E-01  9.65833E-01 -3.45864E-02
    7748.987     12.313   2.800  9.47194E-01  9.69868E-01 -2.33751E-02
    7750.063     13.390   2.850  9.57194E-01  9.72158E-01 -1.53883E-02
    7751.159     14.485   2.900  9.64941E-01  9.74449E-01 -9.75273E-03
    7752.273     15.599   2.950  9.71064E-01  9.76739E-01 -5.80692E-03
    7753.406     16.733   3.000  9.76749E-01  9.79030E-01 -2.32739E-03
    7754.559     17.885   3.050  9.80685E-01  9.80719E-01 -3.41478E-05
    7755.731     19.057   3.100  9.86567E-01  9.82408E-01  4.22686E-03
    7756.921     20.248   3.150  9.95187E-01  9.84097E-01  1.12481E-02
    7758.131     21.457   3.200  1.00662E+00  9.85787E-01  2.10830E-02
    7759.360     22.686   3.250  1.01794E+00  9.86464E-01  3.18048E-02
    7760.607     23.934   3.300  1.03082E+00  9.87142E-01  4.40553E-02
    7761.874     25.201   3.350  1.04371E+00  9.87820E-01  5.62755E-02
    7763.160     26.486   3.400  1.05486E+00  9.88497E-01  6.67070E-02
    7764.465     27.791   3.450  1.06326E+00  9.89240E-01  7.43234E-02
    7765.789     29.115   3.500  1.06718E+00  9.89982E-01  7.74196E-02
    7767.132     30.458   3.550  1.06574E+00  9.90724E-01  7.51397E-02
    7768.494     31.820   3.600  1.05866E+00  9.91466E-01  6.72305E-02
    7769.875     33.202   3.650  1.04566E+00  9.91669E-01  5.39567E-02
    7771.275     34.602   3.700  1.02830E+00  9.91872E-01  3.63607E-02
    7772.694     36.021   3.750  1.00774E+00  9.92075E-01  1.56185E-02
    7774.133     37.459   3.800  9.85338E-01  9.92278E-01 -6.90999E-03
    7775.590     38.916   3.850  9.62800E-01  9.92884E-01 -2.99225E-02
    7777.066     40.393   3.900  9.41641E-01  9.93490E-01 -5.15182E-02
    7778.562     41.888   3.950  9.23299E-01  9.94095E-01 -7.02730E-02
    7780.076     43.403   4.000  9.09097E-01  9.94701E-01 -8.48835E-02
    7781.610     44.936   4.050  9.00600E-01  9.95136E-01 -9.36398E-02
    7783.162     46.489   4.100  8.98299E-01  9.95572E-01 -9.62470E-02
    7784.734     48.060   4.150  9.02449E-01  9.96007E-01 -9.24722E-02
    7786.325     49.651   4.200  9.12735E-01  9.96442E-01 -8.26474E-02
    7787.934     51.261   4.250  9.28844E-01  9.97032E-01 -6.72619E-02
    7789.563     52.890   4.300  9.48511E-01  9.97622E-01 -4.83983E-02
    7791.211     54.537   4.350  9.69689E-01  9.98213E-01 -2.80831E-02
    7792.878     56.204   4.400  9.90173E-01  9.98803E-01 -8.48894E-03
    7794.564     57.890   4.450  1.00804E+00  9.99441E-01  8.45250E-03
    7796.269     59.595   4.500  1.02155E+00  1.00008E+00  2.10904E-02
    7797.993     61.319   4.550  1.03003E+00  1.00072E+00  2.87661E-02
    7799.736     63.062   4.600  1.03369E+00  1.00136E+00  3.17043E-02
    7801.498     64.824   4.650  1.03310E+00  1.00175E+00  3.07329E-02
    7803.279     66.606   4.700  1.03023E+00  1.00213E+00  2.75212E-02
    7805.079     68.406   4.750  1.02677E+00  1.00252E+00  2.37381E-02
    7806.899     70.225   4.800  1.02414E+00  1.00291E+00  2.07782E-02
    7808.737     72.063   4.850  1.02299E+00  1.00319E+00  1.93738E-02
    7810.594     73.921   4.900  1.02378E+00  1.00347E+00  1.98649E-02
    7812.471     75.797   4.950  1.02615E+00  1.00375E+00  2.19038E-02
    7814.366     77.693   5.000  1.02942E+00  1.00403E+00  2.48250E-02
    7816.281     79.607   5.050  1.03247E+00  1.00406E+00  2.77743E-02
    7818.214     81.541   5.100  1.03523E+00  1.00409E+00  3.04527E-02
    7820.167     83.493   5.150  1.03760E+00  1.00411E+00  3.27420E-02
    7822.139     85.465   5.200  1.03971E+00  1.00414E+00  3.47783E-02
    7824.129     87.456   5.250  1.04130E+00  1.00389E+00  3.65894E-02
    7826.139     89.465   5.300  1.04280E+00  1.00364E+00  3.83188E-02
    7828.168     91.494   5.350  1.04365E+00  1.00340E+00  3.94118E-02
    7830.216     93.542   5.400  1.04272E+00  1.00315E+00  3.87609E-02
    7832.283     95.609   5.450  1.03825E+00  1.00265E+00  3.48851E-02
    7834.369     97.695   5.500  1.02906E+00  1.00216E+00  2.63854E-02
    7836.474     99.800   5.550  1.01421E+00  1.00166E+00  1.23148E-02
    7838.598    101.924   5.600  9.93767E-01  1.00116E+00 -7.26330E-03
    7840.741    104.067   5.650  9.69008E-01  1.00042E+00 -3.08717E-02
    7842.903    106.229   5.700  9.42915E-01  9.99673E-01 -5.58312E-02
    7845.084    108.411   5.750  9.19190E-01  9.98928E-01 -7.85024E-02
    7847.284    110.611   5.800  9.01802E-01  9.98182E-01 -9.49673E-02
    7849.504    112.830   5.850  8.94204E-01  9.97319E-01 -1.01713E-01
    7851.742    115.069   5.900  8.98309E-01  9.96456E-01 -9.69169E-02
    7854.000    117.326   5.950  9.14082E-01  9.95593E-01 -8.05755E-02
    7856.276    119.602   6.000  9.39370E-01  9.94730E-01 -5.47840E-02
    7858.572    121.898   6.050  9.70279E-01  9.93746E-01 -2.32500E-02
    7860.886    124.213   6.100  1.00153E+00  9.92762E-01  8.69383E-03
    7863.220    126.546   6.150  1.02805E+00  9.91778E-01  3.60185E-02
    7865.572    128.899   6.200  1.04581E+00  9.90794E-01  5.46988E-02
    7867.944    131.271   6.250  1.05261E+00  9.89810E-01  6.25117E-02
    7870.335    133.661   6.300  1.04846E+00  9.88826E-01  5.94284E-02
    7872.745    136.071   6.350  1.03546E+00  9.87842E-01  4.75172E-02
    7875.174    138.500   6.400  1.01728E+00  9.86858E-01  3.03928E-02
    7877.621    140.948   6.450  9.98227E-01  9.85874E-01  1.23554E-02
    7880.088    143.415   6.500  9.82325E-01  9.84890E-01 -2.56822E-03
    7882.574    145.901   6.550  9.72706E-01  9.83971E-01 -1.12934E-02
    7885.079    148.406   6.600  9.70618E-01  9.83053E-01 -1.24809E-02
    7887.604    150.930   6.650  9.75426E-01  9.82134E-01 -6.74056E-03
    7890.147    153.473   6.700  9.84998E-01  9.81215E-01  3.80580E-03
    7892.709    156.035   6.750  9.96344E-01  9.80297E-01  1.61633E-02
    7895.290    158.617   6.800  1.00638E+00  9.79378E-01  2.72318E-02
    7897.891    161.217   6.850  1.01264E+00  9.78460E-01  3.45046E-02
    7900.510    163.836   6.900  1.01369E+00  9.77541E-01  3.65394E-02
    7903.148    166.475   6.950  1.00935E+00  9.76623E-01  3.31182E-02
    7905.806    169.132   7.000  1.00048E+00  9.75704E-01  2.50999E-02
    7908.482    171.809   7.050  9.88638E-01  9.74892E-01  1.39434E-02
    7911.178    174.504   7.100  9.75435E-01  9.74081E-01  1.37582E-03
    7913.892    177.219   7.150  9.62560E-01  9.73269E-01 -1.08882E-02
    7916.626    179.953   7.200  9.51299E-01  9.72457E-01 -2.15380E-02
    7919.379    182.705   7.250  9.42423E-01  9.71646E-01 -2.97825E-02
    7922.151    185.477   7.300  9.36235E-01  9.70834E-01 -3.53030E-02
    7924.941    188.268   7.350  9.32727E-01  9.70022E-01 -3.80996E-02
    7927.751    191.078   7.400  9.31751E-01  9.69211E-01 -3.83125E-02
    7930.580    193.907   7.450  9.33150E-01  9.68399E-01 -3.60939E-02
    7933.428    196.755   7.500  9.36792E-01  9.67587E-01 -3.15714E-02
    7936.295    199.622   7.550  9.42542E-01  9.66706E-01 -2.48053E-02
    7939.181    202.508   7.600  9.50184E-01  9.65824E-01 -1.60769E-02
    7942.086    205.413   7.650  9.59064E-01  9.64943E-01 -6.05158E-03
    7945.011    208.337   7.700  9.68231E-01  9.64061E-01  4.29768E-03
    7947.954    211.280   7.750  9.76542E-01  9.63180E-01  1.37906E-02
    7950.916    214.242   7.800  9.82844E-01  9.62298E-01  2.12339E-02
    7953.897    217.224   7.850  9.86214E-01  9.61417E-01  2.56618E-02
    7956.898    220.224   7.900  9.86163E-01  9.60535E-01  2.65575E-02
    7959.917    223.244   7.950  9.82771E-01  9.59654E-01  2.39881E-02
    7962.956    226.282   8.000  9.76684E-01  9.58772E-01  1.86121E-02
    7966.013    229.340   8.050  9.68743E-01  9.57751E-01  1.14376E-02
    7969.090    232.416   8.100  9.60594E-01  9.56730E-01  4.02695E-03
    7972.185    235.512   8.150  9.53523E-01  9.55709E-01 -2.28068E-03
    7975.300    238.626   8.200  9.48440E-01  9.54687E-01 -6.52840E-03
    7978.434    241.760   8.250  9.45737E-01  9.53666E-01 -8.29791E-03
    7981.586    244.913   8.300  9.45280E-01  9.52645E-01 -7.71928E-03
    7984.758    248.085   8.350  9.46527E-01  9.51624E-01 -5.35000E-03
    7987.949    251.275   8.400  9.48725E-01  9.50603E-01 -1.97364E-03
    7991.159    254.485   8.450  9.51117E-01  9.49581E-01  1.61617E-03
    7994.388    257.714   8.500  9.53101E-01  9.48560E-01  4.78647E-03
    7997.636    260.962   8.550  9.54173E-01  9.47472E-01  7.07281E-03
    8000.903    264.229   8.600  9.54294E-01  9.46384E-01  8.35946E-03
    8004.189    267.516   8.650  9.53560E-01  9.45296E-01  8.74487E-03
    8007.494    270.821   8.700  9.52141E-01  9.44209E-01  8.40486E-03
    8010.818    274.145   8.750  9.50174E-01  9.43121E-01  7.48329E-03
    8014.162    277.488   8.800  9.47719E-01  9.42033E-01  6.03986E-03
    8017.524    280.850   8.850  9.44770E-01  9.40945E-01  4.06859E-03
    8020.905    284.232   8.900  9.41331E-01  9.39857E-01  1.57006E-03
    8024.306    287.632   8.950  9.37492E-01  9.38769E-01 -1.36224E-03
    8027.725    291.052   9.000  9.33479E-01  9.37681E-01 -4.48711E-03
    8031.164    294.490   9.050  9.29735E-01  9.36609E-01 -7.34774E-03
    8034.621    297.948   9.100  9.26521E-01  9.35537E-01 -9.64701E-03
    8038.098    301.424   9.150  9.24169E-01  9.34465E-01 -1.10273E-02
    8041.594    304.920   9.200  9.22851E-01  9.33393E-01 -1.13027E-02
    8045.108    308.435   9.250  9.22482E-01  9.32321E-01 -1.05600E-02
    8048.642    311.969   9.300  9.22714E-01  9.31249E-01 -9.16987E-03
    8052.195    315.521   9.350  9.23026E-01  9.30177E-01 -7.69044E-03
    8055.767    319.093   9.400  9.22896E-01  9.29105E-01 -6.68396E-03
    8059.358    322.684   9.450  9.21995E-01  9.28033E-01 -6.50677E-03
    8062.968    326.294   9.500  9.20335E-01  9.26961E-01 -7.14798E-03
    8066.597    329.923   9.550  9.18490E-01  9.25996E-01 -8.10431E-03
    8070.245    333.571   9.600  9.16974E-01  9.25031E-01 -8.70718E-03
    8073.912    337.238   9.650  9.16518E-01  9.24066E-01 -8.16447E-03
    8077.598    340.924   9.700  9.17706E-01  9.23101E-01 -5.84117E-03
    8081.303    344.630   9.750  9.20750E-01  9.22136E-01 -1.50170E-03
    8085.027    348.354   9.800  9.25358E-01  9.21171E-01  4.54188E-03
    8088.771    352.097   9.850  9.30737E-01  9.20206E-01  1.14335E-02
    8092.533    355.860   9.900  9.35753E-01  9.19241E-01  1.79435E-02
    8096.315    359.641   9.950  9.39208E-01  9.18275E-01  2.27679E-02
    8100.115    363.441  10.000  9.40162E-01  9.17310E-01  2.48781E-02
    8103.934    367.261  10.050  9.38083E-01  9.16250E-01  2.37950E-02
    8107.773    371.099  10.100  9.33361E-01  9.15190E-01  1.98254E-02
    8111.631    374.957  10.150  9.26871E-01  9.14129E-01  1.39167E-02
    8115.507    378.834  10.200  9.19860E-01  9.13069E-01  7.42578E-03
    8119.403    382.729  10.250  9.13600E-01  9.12009E-01  1.74159E-03
    8123.318    386.644  10.300  9.09022E-01  9.10949E-01 -2.11140E-03
    8127.252    390.578  10.350  9.06452E-01  9.09888E-01 -3.77027E-03
    8131.204    394.531  10.400  9.05516E-01  9.08828E-01 -3.63761E-03
    8135.176    398.503  10.450  9.05264E-01  9.07768E-01 -2.75268E-03
    8139.167    402.494  10.500  9.04474E-01  9.06707E-01 -2.45861E-03
    8143.177    406.504  10.550  9.02056E-01  9.05647E-01 -3.95736E-03
    8147.206    410.533  10.600  8.97441E-01  9.04587E-01 -7.88231E-03
    8151.254    414.581  10.650  8.90832E-01  9.03526E-01 -1.40192E-02
    8155.322    418.648  10.700  8.83229E-01  9.02466E-01 -2.12684E-02
    8159.408    422.734  10.750  8.76222E-01  9.01406E-01 -2.78735E-02
    8163.513    426.840  10.800  8.71586E-01  9.00345E-01 -3.18666E-02
    8167.637    430.964  10.850  8.70788E-01  8.99285E-01 -3.16108E-02
    8171.781    435.107  10.900  8.74548E-01  8.98225E-01 -2.62926E-02
    8175.943    439.270  10.950  8.82574E-01  8.97164E-01 -1.62204E-02
    8180.125    443.451  11.000  8.93553E-01  8.96104E-01 -2.83956E-03
    8184.325    447.652  11.050  9.05182E-01  8.94865E-01  1.14982E-02
    8188.545    451.871  11.100  9.15390E-01  8.93626E-01  2.42894E-02
    8192.783    456.110  11.150  9.22106E-01  8.92386E-01  3.32119E-02
    8197.041    460.367  11.200  9.23987E-01  8.91147E-01  3.67498E-02
    8201.318    464.644  11.250  9.20728E-01  8.89908E-01  3.45361E-02
    8205.613    468.940  11.300  9.13095E-01  8.88669E-01  2.74096E-02
    8209.928    473.255  11.350  9.02716E-01  8.87429E-01  1.71769E-02
    8214.262    477.589  11.400  8.91654E-01  8.86190E-01  6.14790E-03
    8218.615    481.941  11.450  8.81906E-01  8.84951E-01 -3.43140E-03
    8222.987    486.313  11.500  8.74940E-01  8.83712E-01 -9.89724E-03
    8227.378    490.704  11.550  8.71401E-01  8.82472E-01 -1.25090E-02
    8231.788    495.114  11.600  8.71039E-01  8.81233E-01 -1.15335E-02
    8236.217    499.544  11.650  8.72874E-01  8.79994E-01 -8.06707E-03
    8240.665    503.992  11.700  8.75528E-01  8.78755E-01 -3.66048E-03
    8245.133    508.459  11.750  8.77638E-01  8.77515E-01  1.39383E-04
    8249.619    512.945  11.800  8.78210E-01  8.76276E-01  2.20036E-03
    8254.124    517.451  11.850  8.76846E-01  8.75037E-01  2.06099E-03
    8258.648    521.975  11.900  8.73775E-01  8.73798E-01 -2.55784E-05
    8263.192    526.518  11.950  8.69712E-01  8.72559E-01 -3.25189E-03
    8267.754    531.081  12.000  8.65589E-01  8.71319E-01 -6.55551E-03
    8272.336    535.662  12.050  8.62256E-01  8.70076E-01 -8.95918E-03
    8276.936    540.263  12.100  8.60207E-01  8.68833E-01 -9.89693E-03
    8281.556    544.882  12.150  8.59552E-01  8.67590E-01 -9.23471E-03
    8286.195    549.521  12.200  8.60018E-01  8.66347E-01 -7.28131E-03
    8290.852    554.179  12.250  8.61082E-01  8.65104E-01 -4.63382E-03
    8295.529    558.856  12.300  8.62165E-01  8.63861E-01 -1.95613E-03
    8300.225    563.551  12.350  8.62819E-01  8.62618E-01  2.32470E-04
    8304.940    568.266  12.400  8.62837E-01  8.61375E-01  1.69208E-03
    8309.674    573.000  12.450  8.62276E-01  8.60132E-01  2.48460E-03
    8314.427    577.753  12.500  8.61378E-01  8.58889E-01  2.88830E-03
    8319.199    582.525  12.550  8.60438E-01  8.57646E-01  3.24507E-03
    8323.990    587.316  12.600  8.59669E-01  8.56403E-01  3.80039E-03
    8328.800    592.126  12.650  8.59103E-01  8.55159E-01  4.59529E-03
    8333.629    596.955  12.700  8.58584E-01  8.53916E-01  5.44737E-03
    8338.477    601.804  12.750  8.57829E-01  8.52673E-01  6.02488E-03
    8343.344    606.671  12.800  8.56544E-01  8.51430E-01  5.98427E-03
    8348.231    611.557  12.850  8.54555E-01  8.50187E-01  5.11908E-03
    8353.136    616.462  12.900  8.51896E-01  8.48944E-01  3.46471E-03
    8358.060    621.387  12.950  8.48823E-01  8.47701E-01  1.31913E-03
    8363.004    626.330  13.000  8.45752E-01  8.46458E-01 -8.30518E-04
    8367.966    631.293  13.050  8.43071E-01  8.45143E-01 -2.44301E-03
    8372.948    636.274  13.100  8.41209E-01  8.43828E-01 -3.09171E-03
    8377.949    641.275  13.150  8.40276E-01  8.42513E-01 -2.64505E-03
    8382.968    646.295  13.200  8.40099E-01  8.41198E-01 -1.30086E-03
    8388.007    651.333  13.250  8.40278E-01  8.39883E-01  4.69317E-04
    8393.065    656.391  13.300  8.40305E-01  8.38567E-01  2.06479E-03
    8398.141    661.468  13.350  8.39725E-01  8.37252E-01  2.94270E-03
    8403.237    666.564  13.400  8.38275E-01  8.35937E-01  2.78658E-03
    8408.352    671.679  13.450  8.35964E-01  8.34622E-01  1.60162E-03
    8413.486    676.813  13.500  8.33061E-01  8.33307E-01 -2.94156E-04
    8418.639    681.966  13.550  8.30006E-01  8.31992E-01 -2.37894E-03
    8423.811    687.138  13.600  8.27260E-01  8.30677E-01 -4.09952E-03
    8429.002    692.329  13.650  8.25160E-01  8.29362E-01 -5.04888E-03
    8434.212    697.539  13.700  8.23817E-01  8.28047E-01 -5.09008E-03
    8439.442    702.768  13.750  8.23094E-01  8.26731E-01 -4.38523E-03
    8444.690    708.016  13.800  8.22666E-01  8.25416E-01 -3.32142E-03
    8449.957    713.284  13.850  8.22150E-01  8.24101E-01 -2.35990E-03
    8455.244    718.570  13.900  8.21249E-01  8.22786E-01 -1.86161E-03
    8460.549    723.875  13.950  8.19864E-01  8.21471E-01 -1.94998E-03
    8465.873    729.200  14.000  8.18132E-01  8.20156E-01 -2.45964E-03
    8471.217    734.543  14.050  8.16347E-01  8.18779E-01 -2.96102E-03
    8476.580    739.906  14.100  8.14911E-01  8.17402E-01 -3.03747E-03
    8481.961    745.288  14.150  8.14162E-01  8.16025E-01 -2.27486E-03
    8487.362    750.688  14.200  8.14247E-01  8.14648E-01 -4.90147E-04
    8492.781    756.108  14.250  8.15044E-01  8.13271E-01  2.17326E-03
    8498.220    761.547  14.300  8.16174E-01  8.11894E-01  5.25602E-03
    8503.678    767.004  14.350  8.17102E-01  8.10517E-01  8.09966E-03
    8509.155    772.481  14.400  8.17284E-01  8.09139E-01  1.00346E-02
    8514.651    777.977  14.450  8.16334E-01  8.07762E-01  1.05792E-02
    8520.166    783.492  14.500  8.14138E-01  8.06385E-01  9.58569E-03
    8525.700    789.026  14.550  8.10890E-01  8.05008E-01  7.28458E-03
    8531.253    794.579  14.600  8.07026E-01  8.03631E-01  4.21222E-03
    8536.825    800.151  14.650  8.03095E-01  8.02254E-01  1.04529E-03
    8542.416    805.742  14.700  7.99589E-01  8.00877E-01 -1.60412E-03
    8548.026    811.353  14.750  7.96801E-01  7.99500E-01 -3.36551E-03
    8553.655    816.982  14.800  7.94760E-01  7.98123E-01 -4.20088E-03
    8559.304    822.630  14.850  7.93246E-01  7.96746E-01 -4.38045E-03
    8564.971    828.298  14.900  7.91897E-01  7.95369E-01 -4.35294E-03
    8570.658    833.984  14.950  7.90364E-01  7.93992E-01 -4.55579E-03
    8576.363    839.689  15.000  7.88456E-01  7.92615E-01 -5.23230E-03
    8582.088    845.414  15.050  7.86196E-01  7.91238E-01 -6.35530E-03
    8587.831    851.157  15.100  7.83927E-01  7.89861E-01 -7.49281E-03
    8593.594    856.920  15.150  7.82091E-01  7.88485E-01 -8.08709E-03
    8599.375    862.702  15.200  7.81104E-01  7.87108E-01 -7.60731E-03
    8605.176    868.502  15.250  7.81194E-01  7.85731E-01 -5.75970E-03
    8610.996    874.322  15.300  7.82283E-01  7.84355E-01 -2.63377E-03
    8616.835    880.161  15.350  7.83975E-01  7.82978E-01  1.27045E-03
    8622.692    886.019  15.400  7.85638E-01  7.81601E-01  5.15161E-03
    8628.569    891.896  15.450  7.86580E-01  7.80225E-01  8.12535E-03
    8634.465    897.792  15.500  7.86255E-01  7.78848E-01  9.48695E-03
    8640.380    903.707  15.550  7.84435E-01  7.77471E-01  8.93580E-03
    8646.314    909.641  15.600  7.81297E-01  7.76094E-01  6.68784E-03
    8652.267    915.594  15.650  7.77385E-01  7.74718E-01  3.43457E-03
    8658.240    921.566  15.700  7.73461E-01  7.73341E-01  1.54575E-04
    8664.231    927.557  15.750  7.70285E-01  7.71964E-01 -2.17011E-03
    8670.241    933.567  15.800  7.68387E-01  7.70588E-01 -2.84893E-03
    8676.270    939.597  15.850  7.67901E-01  7.69211E-01 -1.69916E-03
    8682.319    945.645  15.900  7.68515E-01  7.67834E-01  8.84267E-04
    8688.386    951.712  15.950  7.69553E-01  7.66458E-01  4.03034E-03
    8694.473    957.799  16.000  7.70171E-01  7.65081E-01  6.63840E-03
    8700.578    963.904  16.050  7.69527E-01  7.63652E-01  7.67718E-03
    8706.703    970.029  16.100  7.67251E-01  7.62223E-01  6.58352E-03
    8712.846    976.173  16.150  7.63327E-01  7.60794E-01  3.32337E-03
    8719.009    982.335  16.200  7.58198E-01  7.59365E-01 -1.53346E-03
    8725.191    988.517  16.250  7.52661E-01  7.57935E-01 -6.94579E-03
    8731.391    994.718  16.300  7.47665E-01  7.56506E-01 -1.16651E-02
    8737.611   1000.937  16.350  7.44065E-01  7.55077E-01 -1.45577E-02
    8743.850   1007.176  16.400  7.42402E-01  7.53648E-01 -1.48961E-02
    8750.108   1013.434  16.450  7.42769E-01  7.52219E-01 -1.25411E-02
    8756.385   1019.711  16.500  7.44798E-01  7.50790E-01 -7.96717E-03
    8762.681   1026.007  16.550  7.47761E-01  7.49361E-01 -2.13113E-03
    8768.996   1032.322  16.600  7.50760E-01  7.47932E-01  3.77559E-03
    8775.330   1038.656  16.650  7.52946E-01  7.46503E-01  8.61879E-03
    8781.683   1045.009  16.700  7.53713E-01  7.45074E-01  1.15787E-02
    8788.055   1051.382  16.750  7.52811E-01  7.43644E-01  1.23085E-02
    8794.446   1057.773  16.800  7.50363E-01  7.42215E-01  1.09617E-02
    8800.857   1064.183  16.850  7.46791E-01  7.40786E-01  8.09560E-03
    8807.286   1070.613  16.900  7.42681E-01  7.39357E-01  4.48952E-03
    8813.735   1077.061  16.950  7.38620E-01  7.37928E-01  9.35978E-04
    8820.202   1083.528  17.000  7.35071E-01  7.36499E-01 -1.93706E-03
    8826.688   1090.015  17.050  7.32306E-01  7.35081E-01 -3.77006E-03
    8833.194   1096.520  17.100  7.30343E-01  7.33663E-01 -4.52048E-03
    8839.719   1103.045  17.150  7.29057E-01  7.32245E-01 -4.34946E-03
    8846.262   1109.589  17.200  7.28231E-01  7.30827E-01 -3.54787E-03
    8852.825   1116.151  17.250  7.27627E-01  7.29409E-01 -2.44062E-03
    8859.407   1122.733  17.300  7.27033E-01  7.27991E-01 -1.31535E-03
    8866.008   1129.334  17.350  7.26293E-01  7.26573E-01 -3.85987E-04
    8872.627   1135.954  17.400  7.25310E-01  7.25155E-01  2.13731E-04
    8879.266   1142.593  17.450  7.24043E-01  7.23737E-01  4.21481E-04
    8885.924   1149.251  17.500  7.22491E-01  7.22319E-01  2.37461E-04
    8892.601   1155.928  17.550  7.20702E-01  7.20902E-01 -2.76439E-04
    8899.297   1162.624  17.600  7.18769E-01  7.19484E-01 -9.91956E-04
    8906.012   1169.339  17.650  7.16833E-01  7.18066E-01 -1.71541E-03
    8912.747   1176.073  17.700  7.15064E-01  7.16648E-01 -2.20752E-03
    8919.500   1182.826  17.750  7.13634E-01  7.15230E-01 -2.22919E-03
    8926.272   1189.598  17.800  7.12663E-01  7.13812E-01 -1.60860E-03
    8933.063   1196.390  17.850  7.12172E-01  7.12394E-01 -3.11666E-04
    8939.874   1203.200  17.900  7.12050E-01  7.10976E-01  1.50961E-03
    8946.703   1210.029  17.950  7.12054E-01  7.09558E-01  3.51550E-03
    8953.551   1216.878  18.000  7.11850E-01  7.08140E-01  5.23622E-03
    8960.419   1223.745  18.050  7.11077E-01  7.06704E-01  6.18558E-03
    8967.305   1230.632  18.100  7.09492E-01  7.05268E-01  5.98646E-03
    8974.211   1237.538  18.150  7.07007E-01  7.03832E-01  4.50900E-03
    8981.136   1244.462  18.200  7.03756E-01  7.02396E-01  1.93636E-03
    8988.079   1251.406  18.250  7.00085E-01  7.00960E-01 -1.24806E-03
    8995.042   1258.369  18.300  6.96471E-01  6.99524E-01 -4.36218E-03
    9002.024   1265.350  18.350  6.93414E-01  6.98088E-01 -6.69348E-03
    9009.025   1272.351  18.400  6.91294E-01  6.96652E-01 -7.68893E-03
    9016.045   1279.371  18.450  6.90271E-01  6.95216E-01 -7.11135E-03
    9023.084   1286.410  18.500  6.90231E-01  6.93780E-01 -5.11393E-03
    9030.142   1293.468  18.550  6.90815E-01  6.92343E-01 -2.20715E-03
    9037.219   1300.545  18.600  6.91513E-01  6.90907E-01  8.76324E-04
    9044.315   1307.641  18.650  6.91803E-01  6.89471E-01  3.38138E-03
    9051.430   1314.756  18.700  6.91295E-01  6.88035E-01  4.73747E-03
    9058.564   1321.891  18.750  6.89834E-01  6.86599E-01  4.71198E-03
    9065.717   1329.044  18.800  6.87537E-01  6.85163E-01  3.46456E-03
    9072.890   1336.216  18.850  6.84744E-01  6.83727E-01  1.48706E-03
    9080.081   1343.407  18.900  6.81915E-01  6.82291E-01 -5.51842E-04
    9087.291   1350.618  18.950  6.79487E-01  6.80855E-01 -2.00926E-03
    9094.521   1357.847  19.000  6.77751E-01  6.79419E-01 -2.45631E-03
    9101.769   1365.096  19.050  6.76771E-01  6.77992E-01 -1.80159E-03
    9109.037   1372.363  19.100  6.76377E-01  6.76566E-01 -2.80063E-04
    9116.323   1379.650  19.150  6.76224E-01  6.75139E-01  1.60745E-03
    9123.629   1386.956  19.200  6.75912E-01  6.73713E-01  3.26538E-03
    9130.954   1394.280  19.250  6.75100E-01  6.72286E-01  4.18762E-03
    9138.298   1401.624  19.300  6.73612E-01  6.70860E-01  4.10483E-03
    9145.660   1408.987  19.350  6.71474E-01  6.69433E-01  3.05077E-03
    9153.042   1416.369  19.400  6.68895E-01  6.68006E-01  1.33118E-03
    9160.443   1423.770  19.450  6.66187E-01  6.66580E-01 -5.89376E-04
    9167.863   1431.189  19.500  6.63663E-01  6.65153E-01 -2.24165E-03
    9175.302   1438.628  19.550  6.61542E-01  6.63727E-01 -3.29452E-03
    9182.760   1446.087  19.600  6.59891E-01  6.62300E-01 -3.64038E-03
    9190.237   1453.564  19.650  6.58629E-01  6.60874E-01 -3.39871E-03
    9197.733   1461.060  19.700  6.57575E-01  6.59447E-01 -2.84187E-03
    9205.249   1468.575  19.750  6.56526E-01  6.58020E-01 -2.27385E-03
    9212.783   1476.109  19.800  6.55343E-01  6.56594E-01 -1.90756E-03
    9220.336   1483.662  19.850  6.53999E-01  6.55167E-01 -1.78518E-03
    9227.908   1491.235  19.900  6.52585E-01  6.53741E-01 -1.76960E-03
    9235.500   1498.826  19.950  6.51266E-01  6.52314E-01 -1.60904E-03
    9243.110   1506.437  20.000  6.50205E-01  6.50888E-01 -1.05041E-03
