# # Once                                                         FEFF 9.6.4  
# # POT  SCF 100  5.0000   0, core-hole, AFOLP (folp(0)= 1.150)
# # Abs   Z=26 Rmt= 1.357 Rnm= 1.410 K  shell
# # Pot 1 Z=57 Rmt= 1.835 Rnm= 1.835
# # Pot 2 Z=14 Rmt= 1.346 Rnm= 1.398
# # Pot 3 Z=26 Rmt= 1.366 Rnm= 1.418
# # Gam_ch=1.309E+00 H-L exch Vi= 0.000E+00 Vr= 0.000E+00
# # Mu=-1.651E+01 kf=2.101E+00 Vint=-2.552E+01 Rs_int= 1.726
# # PATH  Rmax= 8.000,  Keep_limit= 0.00, Heap_limit 0.00  Pwcrit= 2.50%
#  S02=1.000  Temp=   0.00  Debye_temp=   0.00  Global_sig2= 0.00000
#  Energy zero shift, vr, vi    0.00000E+00   0.00000E+00
#  Curved wave amplitude ratio filter   4.000%
#     file         sig2 tot  cw amp ratio   deg  nlegs   reff  inp sig2
#           1       0.00000    100.00      1.00     2   2.4075
#           2       0.00000     97.36      1.00     2   2.4406
#           3       0.00000     96.76      1.00     2   2.4483
#           4       0.00000     96.48      1.00     2   2.4519
#           5       0.00000     95.81      1.00     2   2.4605
#           6       0.00000     89.60      1.00     2   2.5459
#           7       0.00000     89.09      1.00     2   2.5533
#           8       0.00000     88.49      1.00     2   2.5619
#           9       0.00000     87.49      1.00     2   2.5767
#          10       0.00000     78.69      1.00     2   2.7174
#          11       0.00000     79.18      1.00     2   3.3242
#          12       0.00000     77.38      1.00     2   3.3620
#          13       0.00000     45.54      1.00     2   3.5082
#          14       0.00000      9.53      2.00     3   3.7000
#          15       0.00000      9.54      2.00     3   3.7163
#          16       0.00000      9.88      2.00     3   3.7180
#          17       0.00000      9.54      2.00     3   3.7200
#          18       0.00000      9.55      2.00     3   3.7295
#          19       0.00000      8.65      2.00     3   3.7428
#          20       0.00000      8.94      2.00     3   3.7427
#          21       0.00000      8.59      2.00     3   3.7616
#          22       0.00000      9.11      2.00     3   3.8139
#          23       0.00000      8.81      2.00     3   3.8205
#          24       0.00000      8.16      2.00     3   3.8326
#          25       0.00000      8.72      2.00     3   3.8337
#          26       0.00000     35.78      1.00     2   3.8888
#          27       0.00000     24.61      1.00     2   4.0640
#          28       0.00000     24.06      1.00     2   4.0954
#          29       0.00000     31.21      1.00     2   4.1137
#          30       0.00000     23.01      1.00     2   4.1585
#          31       0.00000     60.22      2.00     2   4.1743
#          32       0.00000      8.10      2.00     3   4.1817
#          33       0.00000     22.43      1.00     2   4.1948
#          34       0.00000      7.66      2.00     3   4.2027
#          35       0.00000     29.59      1.00     2   4.2038
#          36       0.00000     29.55      1.00     2   4.2059
#          37       0.00000     29.32      1.00     2   4.2195
#          38       0.00000     58.40      2.00     2   4.2264
#          39       0.00000     28.71      1.00     2   4.2549
#          40       0.00000      9.88      2.00     3   4.3721
#          41       0.00000      9.13      2.00     3   4.4045
#          42       0.00000      9.03      2.00     3   4.4088
#          43       0.00000     25.37      1.00     2   4.4697
#          44       0.00000     20.69      4.00     3   4.5278
#          45       0.00000      6.78      2.00     3   4.5277
#          46       0.00000      9.37      2.00     3   4.5301
#          47       0.00000      5.74      2.00     3   4.5367
#          48       0.00000     48.58      2.00     2   4.5464
#          49       0.00000     24.25      1.00     2   4.5490
#          50       0.00000      6.51      2.00     3   4.5636
#          51       0.00000      5.67      2.00     3   4.5644
#          52       0.00000      6.49      2.00     3   4.5661
#          53       0.00000      6.17      2.00     3   4.5707
#          54       0.00000      6.27      2.00     3   4.5726
#          55       0.00000      9.62      2.00     3   4.5729
#          56       0.00000     23.90      1.00     2   4.5751
#          57       0.00000     10.05      2.00     3   4.5749
#          58       0.00000      9.63      2.00     3   4.5830
#          59       0.00000      6.34      2.00     3   4.5915
#          60       0.00000     17.15      1.00     2   4.5927
#          61       0.00000      6.34      2.00     3   4.5933
#          62       0.00000      9.17      2.00     3   4.5975
#          63       0.00000      6.08      2.00     3   4.5999
#          64       0.00000      5.91      2.00     3   4.6035
#          65       0.00000      5.73      2.00     3   4.6102
#          66       0.00000      8.73      2.00     3   4.6230
#          67       0.00000      9.32      2.00     3   4.6243
#          68       0.00000     16.77      1.00     2   4.6277
#          69       0.00000      8.61      2.00     3   4.6276
#          70       0.00000      5.32      2.00     3   4.6307
#          71       0.00000     23.15      1.00     2   4.6326
#          72       0.00000      6.22      2.00     3   4.6344
#          73       0.00000      8.53      2.00     3   4.6400
#          74       0.00000      8.72      2.00     3   4.6444
#          75       0.00000      8.46      2.00     3   4.6443
#          76       0.00000     11.24      2.00     3   4.6702
#          77       0.00000     11.11      2.00     3   4.6811
#          78       0.00000     13.25      2.00     3   4.6907
#          79       0.00000      5.29      2.00     3   4.7010
#          80       0.00000     13.81      2.00     3   4.7294
#          81       0.00000     13.84      2.00     3   4.7294
#          82       0.00000     13.41      2.00     3   4.7582
#          83       0.00000     12.36      2.00     3   4.7750
#          84       0.00000      9.24      2.00     3   4.7793
#          85       0.00000      6.98      2.00     3   4.7797
#          86       0.00000      6.82      2.00     3   4.8104
#          87       0.00000      9.19      2.00     3   4.8130
#          88       0.00000      6.32      1.00     4   4.8151
#          89       0.00000     20.77      1.00     2   4.8300
#          90       0.00000     11.99      2.00     3   4.8333
#          91       0.00000     38.04      2.00     3   4.8536
#          94       0.00000     21.62      2.00     3   4.8717
#          95       0.00000     19.29      1.00     4   4.8772
#          96       0.00000      5.96      1.00     4   4.8812
#          97       0.00000     20.15      1.00     2   4.8862
#          98       0.00000     51.40      2.00     3   4.8865
#          99       0.00000     41.80      1.00     4   4.8868
#         100       0.00000     16.44      2.00     4   4.8925
#         101       0.00000      5.88      1.00     4   4.8966
#         102       0.00000      5.85      1.00     4   4.9038
#         103       0.00000      5.76      1.00     4   4.9211
#         104       0.00000     19.59      1.00     2   4.9393
#         105       0.00000     19.53      1.00     2   4.9445
#         106       0.00000     19.52      1.00     2   4.9461
#         107       0.00000     19.51      1.00     2   4.9470
#         108       0.00000     38.45      2.00     3   4.9625
#         109       0.00000     30.91      2.00     3   4.9720
#         110       0.00000     33.49      2.00     3   4.9734
#         111       0.00000     19.49      2.00     3   4.9794
#         112       0.00000     21.77      1.00     4   4.9806
#         113       0.00000     27.59      2.00     3   4.9850
#         114       0.00000     19.10      1.00     2   4.9867
#         115       0.00000     19.26      2.00     3   4.9981
#         117       0.00000     15.81      1.00     4   4.9999
#         118       0.00000     13.08      1.00     4   5.0046
#         119       0.00000     13.63      2.00     4   5.0064
#         120       0.00000     29.26      2.00     3   5.0212
#         121       0.00000     10.20      1.00     4   5.0240
#         122       0.00000     13.45      2.00     4   5.0250
#         124       0.00000     11.98      1.00     4   5.0557
#         125       0.00000     18.36      1.00     2   5.0612
#         126       0.00000      4.99      1.00     4   5.0917
#         127       0.00000     18.13      2.00     3   5.0994
#         128       0.00000     24.63      2.00     3   5.1022
#         129       0.00000     29.07      1.00     2   5.1042
#         130       0.00000      4.93      1.00     4   5.1065
#         131       0.00000     28.81      1.00     2   5.1222
#         132       0.00000      4.86      1.00     4   5.1238
#         133       0.00000     12.70      2.00     4   5.1250
#         134       0.00000      8.72      1.00     4   5.1432
#         135       0.00000      4.74      1.00     4   5.1534
#         136       0.00000     16.66      1.00     2   5.2494
#         137       0.00000      4.99      2.00     3   5.3672
#         138       0.00000     15.65      1.00     2   5.3723
#         139       0.00000      4.76      2.00     3   5.3748
#         140       0.00000      5.31      2.00     3   5.4171
#         142       0.00000     30.26      2.00     2   5.4391
#         143       0.00000      8.72      2.00     3   5.4513
#         144       0.00000      8.74      2.00     3   5.4571
#         145       0.00000      8.38      2.00     3   5.4733
#         146       0.00000      5.52      2.00     3   5.4930
#         147       0.00000      4.80      2.00     3   5.4926
#         148       0.00000      8.14      2.00     3   5.5015
#         149       0.00000      4.59      2.00     3   5.5545
#         150       0.00000      5.44      2.00     3   5.5576
#         151       0.00000      8.49      4.00     3   5.5974
#         154       0.00000     13.35      1.00     2   5.6943
#         155       0.00000     13.33      1.00     2   5.6970
#         156       0.00000      5.21      2.00     3   5.7079
#         158       0.00000      4.84      2.00     3   5.7466
#         159       0.00000      5.47      2.00     3   5.7466
#         160       0.00000     13.00      1.00     2   5.7488
#         161       0.00000     12.97      1.00     2   5.7527
#         162       0.00000      4.26      2.00     3   5.7564
#         163       0.00000     12.69      1.00     2   5.7985
#         164       0.00000     12.66      1.00     2   5.8039
#         165       0.00000     12.48      1.00     2   5.8336
#         166       0.00000      7.39      2.00     3   5.8516
#         167       0.00000      8.73      2.00     3   5.8553
#         168       0.00000     20.30      1.00     2   5.8571
#         169       0.00000     39.75      2.00     3   5.8626
#         170       0.00000     24.07      1.00     4   5.8681
#         171       0.00000     12.27      1.00     2   5.8705
#         172       0.00000     18.56      2.00     3   5.8848
#         173       0.00000     12.66      2.00     4   5.8862
#         174       0.00000     19.84      1.00     2   5.9075
#         175       0.00000     40.38      2.00     3   5.9104
#         176       0.00000     18.12      2.00     3   5.9119
#         177       0.00000     25.73      1.00     4   5.9134
#         178       0.00000     12.10      2.00     4   5.9153
#         179       0.00000      8.85      2.00     3   5.9200
#         180       0.00000     11.94      1.00     2   5.9272
#         181       0.00000     11.86      1.00     2   5.9420
#         183       0.00000      7.62      1.00     2   5.9769
#         185       0.00000     11.60      1.00     2   5.9886
#         186       0.00000     11.55      1.00     2   5.9979
#         187       0.00000      7.49      1.00     2   6.0078
#         189       0.00000     11.40      1.00     2   6.0264
#         190       0.00000     11.38      1.00     2   6.0308
#         191       0.00000     22.72      2.00     2   6.0339
#         192       0.00000      4.22      2.00     3   6.0405
#         193       0.00000     12.91      4.00     3   6.0816
#         194       0.00000     10.98      1.00     2   6.1077
#         195       0.00000     10.97      1.00     2   6.1090
#         196       0.00000      7.43      2.00     3   6.1204
#         197       0.00000     10.89      1.00     2   6.1246
#         198       0.00000      7.56      2.00     3   6.1348
#         200       0.00000      8.56      2.00     3   6.1495
#         201       0.00000      5.05      2.00     3   6.1620
#         202       0.00000     10.69      1.00     2   6.1645
#         203       0.00000      7.24      2.00     3   6.1721
#         204       0.00000      5.32      2.00     3   6.1736
#         206       0.00000      8.11      2.00     3   6.1752
#         207       0.00000     10.59      1.00     2   6.1857
#         208       0.00000      4.15      2.00     3   6.1918
#         209       0.00000     10.55      1.00     2   6.1949
#         210       0.00000      5.29      2.00     3   6.1947
#         211       0.00000      5.29      2.00     3   6.1962
#         212       0.00000      8.13      2.00     3   6.2135
#         214       0.00000     10.32      1.00     2   6.2426
#         215       0.00000      8.22      2.00     3   6.2440
#         216       0.00000      8.20      2.00     3   6.2478
#         217       0.00000     10.19      1.00     2   6.2704
#         218       0.00000     10.16      1.00     2   6.2762
#         220       0.00000      9.41      2.00     3   6.2903
#         222       0.00000      9.52      2.00     3   6.2970
#         223       0.00000      5.89      2.00     3   6.2994
#         226       0.00000     10.02      1.00     2   6.3073
#         227       0.00000      9.98      2.00     3   6.3175
#         228       0.00000      6.33      2.00     3   6.3198
#         231       0.00000      7.72      2.00     3   6.3233
#         237       0.00000      8.20      2.00     3   6.3423
#         238       0.00000      6.10      2.00     3   6.3444
#         239       0.00000      5.78      2.00     3   6.3551
#         240       0.00000      8.16      2.00     3   6.3553
#         243       0.00000      6.26      2.00     3   6.3741
#         244       0.00000      6.19      2.00     3   6.3763
#         245       0.00000      9.69      1.00     2   6.3823
#         246       0.00000      6.16      1.00     2   6.3889
#         247       0.00000      9.65      1.00     2   6.3909
#         248       0.00000      8.55      2.00     3   6.3947
#         250       0.00000      9.63      1.00     2   6.3974
#         253       0.00000      5.12      2.00     3   6.4007
#         255       0.00000      9.85      2.00     3   6.4032
#         256       0.00000      9.57      1.00     2   6.4094
#         257       0.00000      4.22      2.00     3   6.4106
#         258       0.00000      4.58      2.00     3   6.4106
#         259       0.00000      9.57      1.00     2   6.4111
#         260       0.00000      4.32      2.00     3   6.4237
#         261       0.00000      9.50      1.00     2   6.4276
#         262       0.00000      8.96      2.00     3   6.4319
#         263       0.00000      4.44      2.00     3   6.4362
#         264       0.00000      9.46      1.00     2   6.4368
#         265       0.00000      9.47      2.00     3   6.4394
#         266       0.00000      7.14      2.00     3   6.4399
#         267       0.00000      9.22      2.00     3   6.4419
#         268       0.00000     16.36      2.00     3   6.4463
#         270       0.00000      5.95      1.00     2   6.4575
#         271       0.00000      4.44      2.00     3   6.4573
#         272       0.00000      4.24      2.00     3   6.4597
#         273       0.00000      4.91      2.00     3   6.4626
#         274       0.00000      4.34      2.00     3   6.4684
#         275       0.00000      9.32      1.00     2   6.4693
#         278       0.00000      9.30      1.00     2   6.4761
#         280       0.00000      9.26      1.00     2   6.4857
#         281       0.00000      4.30      2.00     3   6.4906
#         282       0.00000      9.23      1.00     2   6.4929
#         283       0.00000      5.91      2.00     3   6.4939
#         284       0.00000      7.15      1.00     4   6.4952
#         285       0.00000      4.84      2.00     3   6.4996
#         287       0.00000     14.22      2.00     3   6.5050
#         288       0.00000      9.17      1.00     2   6.5064
#         289       0.00000     18.14      2.00     3   6.5079
#         290       0.00000      4.86      2.00     3   6.5119
#         291       0.00000      5.89      2.00     3   6.5178
#         292       0.00000      4.95      2.00     3   6.5178
#         293       0.00000      7.43      2.00     3   6.5220
#         295       0.00000     14.49      2.00     3   6.5323
#         296       0.00000      9.06      1.00     2   6.5337
#         297       0.00000      6.06      1.00     4   6.5338
#         298       0.00000      4.32      2.00     3   6.5490
#         299       0.00000     16.56      2.00     3   6.5510
#         300       0.00000     13.95      2.00     3   6.5555
#         301       0.00000      4.38      2.00     3   6.5575
#         302       0.00000      6.47      1.00     4   6.5583
#         303       0.00000     16.19      2.00     3   6.5651
#         306       0.00000      6.01      2.00     3   6.5764
#         307       0.00000      6.45      1.00     4   6.5772
#         308       0.00000     17.72      2.00     2   6.5849
#         309       0.00000     17.59      2.00     3   6.5849
#         312       0.00000     10.72      1.00     4   6.6047
#         313       0.00000      8.76      1.00     2   6.6122
#         315       0.00000     12.38      2.00     3   6.6196
#         316       0.00000     11.25      2.00     3   6.6196
#         317       0.00000      7.43      2.00     3   6.6248
#         318       0.00000      5.48      1.00     2   6.6281
#         319       0.00000      8.70      1.00     2   6.6277
#         320       0.00000     14.74      2.00     3   6.6329
#         321       0.00000      5.43      1.00     2   6.6459
#         324       0.00000      7.18      1.00     4   6.6536
#         325       0.00000      4.30      2.00     4   6.6542
#         326       0.00000      4.75      1.00     4   6.6542
#         327       0.00000      4.30      1.00     4   6.6542
#         329       0.00000     15.17      2.00     3   6.6722
#         330       0.00000     14.96      2.00     3   6.6727
#         331       0.00000      8.52      1.00     2   6.6748
#         332       0.00000      8.87      1.00     4   6.6744
#         333       0.00000     10.55      1.00     4   6.6768
#         334       0.00000     15.31      2.00     3   6.6866
#         335       0.00000      7.33      2.00     3   6.6919
#         336       0.00000      8.51      1.00     4   6.6934
#         337       0.00000     13.56      2.00     3   6.6984
#         338       0.00000      4.33      2.00     3   6.7004
#         340       0.00000      8.40      1.00     2   6.7080
#         341       0.00000      4.47      2.00     4   6.7155
#         342       0.00000      8.37      1.00     2   6.7158
#         343       0.00000      6.74      1.00     4   6.7167
#         344       0.00000     11.81      1.00     4   6.7174
#   298/ 340 paths used
#  xsedge+50, used to normalize mu           3.1680E-04
#  -----------------------------------------------------------------------
#  omega    e    k    mu    mu0     chi     @#
    7120.922    -16.501   0.050  3.81190E-01  3.36251E-01  7.56226E-02
    7120.950    -16.472   0.100  3.88741E-01  3.42147E-01  7.82731E-02
    7120.998    -16.425   0.150  4.10728E-01  3.59680E-01  8.53230E-02
    7121.065    -16.358   0.200  4.32314E-01  3.77213E-01  9.16330E-02
    7121.150    -16.272   0.250  4.63803E-01  4.03862E-01  9.88620E-02
    7121.255    -16.168   0.300  4.93745E-01  4.30511E-01  1.03442E-01
    7121.379    -16.044   0.350  5.23373E-01  4.60031E-01  1.02475E-01
    7121.522    -15.901   0.400  5.49419E-01  4.89550E-01  9.58002E-02
    7121.684    -15.739   0.450  5.64377E-01  5.16254E-01  7.59716E-02
    7121.865    -15.558   0.500  5.73619E-01  5.42958E-01  4.77649E-02
    7122.065    -15.358   0.550  5.66231E-01  5.65500E-01  1.12231E-03
    7122.284    -15.139   0.600  5.52350E-01  5.88042E-01 -5.39252E-02
    7122.522    -14.901   0.650  5.21187E-01  6.07447E-01 -1.28161E-01
    7122.779    -14.644   0.700  4.85407E-01  6.26852E-01 -2.06715E-01
    7123.055    -14.367   0.750  4.34678E-01  6.44316E-01 -3.01030E-01
    7123.351    -14.072   0.800  3.85352E-01  6.61780E-01 -3.90129E-01
    7123.665    -13.758   0.850  3.35499E-01  6.78053E-01 -4.74865E-01
    7123.998    -13.424   0.900  3.01668E-01  6.94326E-01 -5.34821E-01
    7124.351    -13.072   0.950  2.91073E-01  7.09767E-01 -5.60238E-01
    7124.722    -12.701   1.000  2.97688E-01  7.25207E-01 -5.62146E-01
    7125.113    -12.310   1.050  3.16890E-01  7.39930E-01 -5.46771E-01
    7125.522    -11.900   1.100  3.50982E-01  7.54654E-01 -5.12989E-01
    7125.951    -11.472   1.150  3.99609E-01  7.68613E-01 -4.61364E-01
    7126.399    -11.024   1.200  4.57240E-01  7.82572E-01 -4.00299E-01
    7126.865    -10.557   1.250  5.21055E-01  7.95662E-01 -3.32824E-01
    7127.351    -10.072   1.300  5.82588E-01  8.08752E-01 -2.70066E-01
    7127.856     -9.567   1.350  6.37180E-01  8.20852E-01 -2.16350E-01
    7128.380     -9.043   1.400  6.81238E-01  8.32953E-01 -1.76314E-01
    7128.923     -8.500   1.450  7.12878E-01  8.43953E-01 -1.50489E-01
    7129.485     -7.938   1.500  7.36223E-01  8.54953E-01 -1.34689E-01
    7130.066     -7.357   1.550  7.53946E-01  8.64733E-01 -1.24366E-01
    7130.666     -6.757   1.600  7.74087E-01  8.74513E-01 -1.11569E-01
    7131.285     -6.138   1.650  8.00594E-01  8.83027E-01 -9.07719E-02
    7131.923     -5.500   1.700  8.37559E-01  8.91541E-01 -5.89240E-02
    7132.580     -4.842   1.750  8.86006E-01  8.98764E-01 -1.38247E-02
    7133.256     -4.166   1.800  9.39359E-01  9.05986E-01  3.59065E-02
    7133.952     -3.471   1.850  9.95586E-01  9.11906E-01  8.95241E-02
    7134.666     -2.756   1.900  1.04313E+00  9.17826E-01  1.33301E-01
    7135.400     -2.023   1.950  1.07892E+00  9.22433E-01  1.65778E-01
    7136.152     -1.271   2.000  1.09671E+00  9.27040E-01  1.78992E-01
    7136.924     -0.499   2.050  1.09569E+00  9.30018E-01  1.74381E-01
    7137.714      0.292   2.100  1.07731E+00  9.32996E-01  1.51557E-01
    7138.524      1.101   2.150  1.04818E+00  9.35973E-01  1.17580E-01
    7139.352      1.930   2.200  1.01596E+00  9.38951E-01  8.05171E-02
    7140.200      2.778   2.250  9.81278E-01  9.39436E-01  4.37845E-02
    7141.067      3.644   2.300  9.54101E-01  9.39921E-01  1.48509E-02
    7141.953      4.530   2.350  9.36288E-01  9.40407E-01 -4.31723E-03
    7142.858      5.435   2.400  9.26105E-01  9.40892E-01 -1.55136E-02
    7143.782      6.359   2.450  9.21718E-01  9.43458E-01 -2.28112E-02
    7144.725      7.302   2.500  9.17957E-01  9.46025E-01 -2.94544E-02
    7145.687      8.264   2.550  9.14753E-01  9.48591E-01 -3.55141E-02
    7146.668      9.245   2.600  9.14083E-01  9.51157E-01 -3.89157E-02
    7147.668     10.245   2.650  9.16345E-01  9.54622E-01 -4.00714E-02
    7148.687     11.264   2.700  9.22204E-01  9.58088E-01 -3.74647E-02
    7149.725     12.302   2.750  9.31593E-01  9.61553E-01 -3.11971E-02
    7150.782     13.360   2.800  9.43654E-01  9.65018E-01 -2.21873E-02
    7151.859     14.436   2.850  9.53299E-01  9.67161E-01 -1.43588E-02
    7152.954     15.531   2.900  9.63136E-01  9.69304E-01 -6.37207E-03
    7154.069     16.646   2.950  9.72445E-01  9.71446E-01  1.02937E-03
    7155.202     17.779   3.000  9.80830E-01  9.73589E-01  7.44256E-03
    7156.355     18.932   3.050  9.85743E-01  9.75275E-01  1.07317E-02
    7157.526     20.103   3.100  9.89735E-01  9.76961E-01  1.30638E-02
    7158.717     21.294   3.150  9.93872E-01  9.78647E-01  1.55321E-02
    7159.926     22.504   3.200  9.99372E-01  9.80332E-01  1.93743E-02
    7161.155     23.732   3.250  1.00474E+00  9.81365E-01  2.37347E-02
    7162.403     24.980   3.300  1.01310E+00  9.82398E-01  3.10942E-02
    7163.670     26.247   3.350  1.02452E+00  9.83432E-01  4.15209E-02
    7164.956     27.533   3.400  1.03810E+00  9.84465E-01  5.40716E-02
    7166.260     28.838   3.450  1.05170E+00  9.85602E-01  6.65204E-02
    7167.584     30.162   3.500  1.06405E+00  9.86739E-01  7.76554E-02
    7168.927     31.505   3.550  1.07275E+00  9.87877E-01  8.50949E-02
    7170.290     32.867   3.600  1.07577E+00  9.89014E-01  8.68301E-02
    7171.671     34.248   3.650  1.07169E+00  9.89753E-01  8.18507E-02
    7173.071     35.648   3.700  1.06078E+00  9.90493E-01  7.00800E-02
    7174.490     37.067   3.750  1.04397E+00  9.91232E-01  5.24935E-02
    7175.928     38.506   3.800  1.02313E+00  9.91971E-01  3.09563E-02
    7177.386     39.963   3.850  1.00049E+00  9.93033E-01  7.39207E-03
    7178.862     41.439   3.900  9.78132E-01  9.94094E-01 -1.58035E-02
    7180.357     42.935   3.950  9.57758E-01  9.95155E-01 -3.69647E-02
    7181.872     44.449   4.000  9.40272E-01  9.96216E-01 -5.52049E-02
    7183.405     45.983   4.050  9.25531E-01  9.97137E-01 -7.05490E-02
    7184.958     47.535   4.100  9.13796E-01  9.98058E-01 -8.28870E-02
    7186.530     49.107   4.150  9.04689E-01  9.98979E-01 -9.26050E-02
    7188.120     50.698   4.200  8.98073E-01  9.99900E-01 -9.98506E-02
    7189.730     52.307   4.250  8.94680E-01  1.00075E+00 -1.03878E-01
    7191.359     53.936   4.300  8.95091E-01  1.00161E+00 -1.04174E-01
    7193.007     55.584   4.350  9.00096E-01  1.00246E+00 -9.99834E-02
    7194.673     57.251   4.400  9.10227E-01  1.00332E+00 -9.08033E-02
    7196.359     58.937   4.450  9.25955E-01  1.00414E+00 -7.61924E-02
    7198.064     60.642   4.500  9.45862E-01  1.00496E+00 -5.75405E-02
    7199.788     62.366   4.550  9.68313E-01  1.00578E+00 -3.64484E-02
    7201.531     64.109   4.600  9.91344E-01  1.00661E+00 -1.48314E-02
    7203.294     65.871   4.650  1.01287E+00  1.00704E+00  5.65811E-03
    7205.075     67.652   4.700  1.03169E+00  1.00748E+00  2.35049E-02
    7206.875     69.452   4.750  1.04750E+00  1.00792E+00  3.84108E-02
    7208.694     71.272   4.800  1.06082E+00  1.00835E+00  5.08949E-02
    7210.532     73.110   4.850  1.07240E+00  1.00851E+00  6.19753E-02
    7212.390     74.967   4.900  1.08362E+00  1.00867E+00  7.27040E-02
    7214.266     76.844   4.950  1.09499E+00  1.00883E+00  8.35843E-02
    7216.162     78.739   5.000  1.10614E+00  1.00899E+00  9.42423E-02
    7218.076     80.654   5.050  1.11531E+00  1.00877E+00  1.03403E-01
    7220.010     82.587   5.100  1.12084E+00  1.00855E+00  1.09034E-01
    7221.962     84.540   5.150  1.12057E+00  1.00832E+00  1.09039E-01
    7223.934     86.511   5.200  1.11288E+00  1.00810E+00  1.01828E-01
    7225.925     88.502   5.250  1.09646E+00  1.00750E+00  8.65350E-02
    7227.935     90.512   5.300  1.07265E+00  1.00691E+00  6.40114E-02
    7229.963     92.541   5.350  1.04339E+00  1.00631E+00  3.61351E-02
    7232.011     94.589   5.400  1.01144E+00  1.00572E+00  5.58673E-03
    7234.078     96.656   5.450  9.79447E-01  1.00481E+00 -2.47773E-02
    7236.164     98.742   5.500  9.50660E-01  1.00391E+00 -5.20824E-02
    7238.269    100.847   5.550  9.27080E-01  1.00300E+00 -7.43580E-02
    7240.393    102.971   5.600  9.09800E-01  1.00210E+00 -9.05135E-02
    7242.536    105.114   5.650  8.99055E-01  1.00093E+00 -1.00056E-01
    7244.699    107.276   5.700  8.94529E-01  9.99770E-01 -1.03510E-01
    7246.880    109.457   5.750  8.95492E-01  9.98606E-01 -1.01568E-01
    7249.080    111.657   5.800  9.01138E-01  9.97441E-01 -9.50013E-02
    7251.299    113.877   5.850  9.10802E-01  9.96188E-01 -8.43684E-02
    7253.538    116.115   5.900  9.23572E-01  9.94935E-01 -7.06263E-02
    7255.795    118.372   5.950  9.38632E-01  9.93681E-01 -5.45704E-02
    7258.072    120.649   6.000  9.55033E-01  9.92428E-01 -3.71304E-02
    7260.367    122.944   6.050  9.71757E-01  9.91205E-01 -1.93394E-02
    7262.682    125.259   6.100  9.87470E-01  9.89981E-01 -2.50081E-03
    7265.015    127.593   6.150  1.00111E+00  9.88758E-01  1.23162E-02
    7267.368    129.945   6.200  1.01187E+00  9.87534E-01  2.43086E-02
    7269.740    132.317   6.250  1.01941E+00  9.86311E-01  3.31201E-02
    7272.130    134.708   6.300  1.02393E+00  9.85087E-01  3.89265E-02
    7274.540    137.118   6.350  1.02610E+00  9.83864E-01  4.23875E-02
    7276.969    139.546   6.400  1.02688E+00  9.82640E-01  4.44686E-02
    7279.417    141.994   6.450  1.02729E+00  9.81417E-01  4.61816E-02
    7281.884    144.461   6.500  1.02811E+00  9.80193E-01  4.83109E-02
    7284.370    146.947   6.550  1.02979E+00  9.79264E-01  5.10061E-02
    7286.875    149.452   6.600  1.03202E+00  9.78334E-01  5.42550E-02
    7289.399    151.977   6.650  1.03411E+00  9.77405E-01  5.73843E-02
    7291.942    154.520   6.700  1.03503E+00  9.76475E-01  5.93178E-02
    7294.505    157.082   6.750  1.03350E+00  9.75546E-01  5.87848E-02
    7297.086    159.663   6.800  1.02837E+00  9.74616E-01  5.45852E-02
    7299.686    162.263   6.850  1.01880E+00  9.73687E-01  4.58642E-02
    7302.305    164.883   6.900  1.00453E+00  9.72757E-01  3.23486E-02
    7304.944    167.521   6.950  9.86054E-01  9.71827E-01  1.44993E-02
    7307.601    170.179   7.000  9.64571E-01  9.70898E-01 -6.45583E-03
    7310.278    172.855   7.050  9.42091E-01  9.70180E-01 -2.86928E-02
    7312.973    175.551   7.100  9.20673E-01  9.69462E-01 -4.98912E-02
    7315.688    178.265   7.150  9.02682E-01  9.68743E-01 -6.76257E-02
    7318.422    180.999   7.200  8.90198E-01  9.68025E-01 -7.97553E-02
    7321.174    183.752   7.250  8.84620E-01  9.67307E-01 -8.48266E-02
    7323.946    186.524   7.300  8.86384E-01  9.66589E-01 -8.23677E-02
    7326.737    189.314   7.350  8.94871E-01  9.65871E-01 -7.29922E-02
    7329.547    192.124   7.400  9.08529E-01  9.65152E-01 -5.82755E-02
    7332.376    194.953   7.450  9.25194E-01  9.64434E-01 -4.04282E-02
    7335.224    197.801   7.500  9.42533E-01  9.63716E-01 -2.18478E-02
    7338.091    200.668   7.550  9.58516E-01  9.62875E-01 -4.50193E-03
    7340.977    203.554   7.600  9.71558E-01  9.62034E-01  9.84894E-03
    7343.882    206.459   7.650  9.80894E-01  9.61193E-01  2.03998E-02
    7346.806    209.383   7.700  9.86513E-01  9.60352E-01  2.71238E-02
    7349.749    212.327   7.750  9.88966E-01  9.59510E-01  3.05789E-02
    7352.712    215.289   7.800  9.89088E-01  9.58669E-01  3.16207E-02
    7355.693    218.270   7.850  9.87730E-01  9.57828E-01  3.11241E-02
    7358.693    221.271   7.900  9.85574E-01  9.56987E-01  2.97942E-02
    7361.713    224.290   7.950  9.83076E-01  9.56146E-01  2.81050E-02
    7364.751    227.328   8.000  9.80516E-01  9.55305E-01  2.63455E-02
    7367.809    230.386   8.050  9.77876E-01  9.54222E-01  2.47526E-02
    7370.885    233.463   8.100  9.75621E-01  9.53139E-01  2.35586E-02
    7373.981    236.558   8.150  9.73867E-01  9.52056E-01  2.28877E-02
    7377.095    239.673   8.200  9.72600E-01  9.50973E-01  2.27259E-02
    7380.229    242.807   8.250  9.71568E-01  9.49890E-01  2.28110E-02
    7383.382    245.959   8.300  9.70222E-01  9.48807E-01  2.25654E-02
    7386.554    249.131   8.350  9.67758E-01  9.47724E-01  2.11405E-02
    7389.745    252.322   8.400  9.63298E-01  9.46641E-01  1.76013E-02
    7392.955    255.532   8.450  9.56164E-01  9.45558E-01  1.12223E-02
    7396.183    258.761   8.500  9.46182E-01  9.44475E-01  1.80876E-03
    7399.431    262.009   8.550  9.33691E-01  9.43232E-01 -1.01238E-02
    7402.699    265.276   8.600  9.20172E-01  9.41989E-01 -2.31779E-02
    7405.985    268.562   8.650  9.07455E-01  9.40745E-01 -3.54139E-02
    7409.290    271.867   8.700  8.97519E-01  9.39502E-01 -4.47189E-02
    7412.614    275.191   8.750  8.92001E-01  9.38259E-01 -4.93363E-02
    7415.957    278.535   8.800  8.91736E-01  9.37015E-01 -4.83556E-02
    7419.320    281.897   8.850  8.96494E-01  9.35772E-01 -4.20007E-02
    7422.701    285.278   8.900  9.05008E-01  9.34528E-01 -3.16085E-02
    7426.101    288.679   8.950  9.15295E-01  9.33285E-01 -1.92876E-02
    7429.521    292.098   9.000  9.25193E-01  9.32042E-01 -7.35282E-03
    7432.959    295.537   9.050  9.32981E-01  9.30902E-01  2.23401E-03
    7436.417    298.994   9.100  9.37730E-01  9.29763E-01  8.57090E-03
    7439.894    302.471   9.150  9.39503E-01  9.28624E-01  1.17167E-02
    7443.389    305.967   9.200  9.39183E-01  9.27485E-01  1.26130E-02
    7446.904    309.481   9.250  9.38073E-01  9.26345E-01  1.26587E-02
    7450.438    313.015   9.300  9.37394E-01  9.25206E-01  1.31696E-02
    7453.990    316.568   9.350  9.37845E-01  9.24067E-01  1.49043E-02
    7457.562    320.140   9.400  9.39374E-01  9.22927E-01  1.78095E-02
    7461.153    323.731   9.450  9.41218E-01  9.21788E-01  2.10640E-02
    7464.763    327.341   9.500  9.42206E-01  9.20649E-01  2.33950E-02
    7468.392    330.970   9.550  9.41427E-01  9.19630E-01  2.36779E-02
    7472.040    334.618   9.600  9.37869E-01  9.18611E-01  2.09397E-02
    7475.707    338.285   9.650  9.31591E-01  9.17593E-01  1.52355E-02
    7479.394    341.971   9.700  9.23482E-01  9.16574E-01  7.52585E-03
    7483.099    345.676   9.750  9.15035E-01  9.15555E-01 -5.67493E-04
    7486.823    349.400   9.800  9.07920E-01  9.14537E-01 -7.22221E-03
    7490.566    353.144   9.850  9.03497E-01  9.13518E-01 -1.09487E-02
    7494.329    356.906   9.900  9.02413E-01  9.12499E-01 -1.10310E-02
    7498.110    360.687   9.950  9.04406E-01  9.11480E-01 -7.74404E-03
    7501.911    364.488  10.000  9.08374E-01  9.10462E-01 -2.28802E-03
    7505.730    368.307  10.050  9.12535E-01  9.09353E-01  3.49015E-03
    7509.569    372.146  10.100  9.15268E-01  9.08245E-01  7.71337E-03
    7513.426    376.004  10.150  9.15179E-01  9.07137E-01  8.84244E-03
    7517.303    379.880  10.200  9.11596E-01  9.06029E-01  6.12899E-03
    7521.199    383.776  10.250  9.04739E-01  9.04921E-01 -2.00494E-04
    7525.113    387.691  10.300  8.95648E-01  9.03812E-01 -9.00881E-03
    7529.047    391.625  10.350  8.85934E-01  9.02704E-01 -1.85268E-02
    7533.000    395.577  10.400  8.77398E-01  9.01596E-01 -2.67638E-02
    7536.972    399.549  10.450  8.71640E-01  9.00488E-01 -3.19435E-02
    7540.963    403.540  10.500  8.69731E-01  8.99380E-01 -3.28687E-02
    7544.973    407.550  10.550  8.72014E-01  8.98271E-01 -2.91432E-02
    7549.002    411.579  10.600  8.78066E-01  8.97163E-01 -2.12214E-02
    7553.050    415.627  10.650  8.86804E-01  8.96055E-01 -1.02923E-02
    7557.117    419.695  10.700  8.96712E-01  8.94947E-01  1.96558E-03
    7561.203    423.781  10.750  9.06129E-01  8.93839E-01  1.37054E-02
    7565.309    427.886  10.800  9.13552E-01  8.92730E-01  2.32460E-02
    7569.433    432.010  10.850  9.17890E-01  8.91622E-01  2.93613E-02
    7573.576    436.154  10.900  9.18640E-01  8.90514E-01  3.14749E-02
    7577.739    440.316  10.950  9.15936E-01  8.89406E-01  2.97246E-02
    7581.920    444.498  11.000  9.10484E-01  8.88298E-01  2.48866E-02
    7586.121    448.698  11.050  9.03176E-01  8.86936E-01  1.82453E-02
    7590.340    452.918  11.100  8.95418E-01  8.85573E-01  1.10776E-02
    7594.579    457.156  11.150  8.88262E-01  8.84211E-01  4.56505E-03
    7598.837    461.414  11.200  8.82405E-01  8.82849E-01 -5.01605E-04
    7603.113    465.691  11.250  8.78085E-01  8.81487E-01 -3.84562E-03
    7607.409    469.986  11.300  8.75105E-01  8.80125E-01 -5.68335E-03
    7611.724    474.301  11.350  8.72971E-01  8.78763E-01 -6.56809E-03
    7616.058    478.635  11.400  8.71106E-01  8.77400E-01 -7.14902E-03
    7620.411    482.988  11.450  8.69073E-01  8.76038E-01 -7.92279E-03
    7624.783    487.360  11.500  8.66726E-01  8.74676E-01 -9.05821E-03
    7629.174    491.751  11.550  8.64242E-01  8.73314E-01 -1.03516E-02
    7633.584    496.161  11.600  8.62042E-01  8.71952E-01 -1.13263E-02
    7638.013    500.590  11.650  8.60596E-01  8.70590E-01 -1.14392E-02
    7642.461    505.038  11.700  8.60226E-01  8.69227E-01 -1.03198E-02
    7646.928    509.505  11.750  8.60941E-01  8.67865E-01 -7.95100E-03
    7651.414    513.992  11.800  8.62397E-01  8.66503E-01 -4.72280E-03
    7655.920    518.497  11.850  8.63984E-01  8.65141E-01 -1.33254E-03
    7660.444    523.021  11.900  8.65025E-01  8.63779E-01  1.43782E-03
    7664.987    527.565  11.950  8.65004E-01  8.62417E-01  2.98995E-03
    7669.550    532.127  12.000  8.63755E-01  8.61055E-01  3.12558E-03
    7674.131    536.709  12.050  8.61572E-01  8.59753E-01  2.10898E-03
    7678.732    541.309  12.100  8.59009E-01  8.58451E-01  6.48180E-04
    7683.352    545.929  12.150  8.56799E-01  8.57149E-01 -4.06727E-04
    7687.990    550.568  12.200  8.55544E-01  8.55847E-01 -3.52852E-04
    7692.648    555.225  12.250  8.55486E-01  8.54546E-01  1.09630E-03
    7697.325    559.902  12.300  8.56394E-01  8.53244E-01  3.67941E-03
    7702.020    564.598  12.350  8.57625E-01  8.51942E-01  6.64710E-03
    7706.735    569.313  12.400  8.58324E-01  8.50640E-01  9.00013E-03
    7711.469    574.047  12.450  8.57717E-01  8.49339E-01  9.82895E-03
    7716.222    578.800  12.500  8.55390E-01  8.48037E-01  8.63924E-03
    7720.994    583.572  12.550  8.51451E-01  8.46735E-01  5.54933E-03
    7725.785    588.363  12.600  8.46525E-01  8.45433E-01  1.28674E-03
    7730.595    593.173  12.650  8.41573E-01  8.44132E-01 -3.02070E-03
    7735.424    598.002  12.700  8.37591E-01  8.42830E-01 -6.19346E-03
    7740.273    602.850  12.750  8.35300E-01  8.41528E-01 -7.37387E-03
    7745.140    607.717  12.800  8.34913E-01  8.40226E-01 -6.30046E-03
    7750.026    612.604  12.850  8.36069E-01  8.38925E-01 -3.39147E-03
    7754.932    617.509  12.900  8.37951E-01  8.37623E-01  3.89722E-04
    7759.856    622.433  12.950  8.39547E-01  8.36321E-01  3.84191E-03
    7764.799    627.377  13.000  8.39968E-01  8.35019E-01  5.90343E-03
    7769.762    632.339  13.050  8.38599E-01  8.33624E-01  5.94527E-03
    7774.744    637.321  13.100  8.35598E-01  8.32229E-01  4.03262E-03
    7779.744    642.321  13.150  8.31499E-01  8.30833E-01  7.97740E-04
    7784.764    647.341  13.200  8.27136E-01  8.29438E-01 -2.76510E-03
    7789.802    652.380  13.250  8.23362E-01  8.28043E-01 -5.63249E-03
    7794.860    657.438  13.300  8.20777E-01  8.26647E-01 -7.07510E-03
    7799.937    662.514  13.350  8.19565E-01  8.25252E-01 -6.86596E-03
    7805.033    667.610  13.400  8.19465E-01  8.23857E-01 -5.31201E-03
    7810.148    672.725  13.450  8.19895E-01  8.22461E-01 -3.10874E-03
    7815.282    677.859  13.500  8.20179E-01  8.21066E-01 -1.07648E-03
    7820.435    683.012  13.550  8.19775E-01  8.19671E-01  1.26872E-04
    7825.607    688.184  13.600  8.18456E-01  8.18275E-01  2.19971E-04
    7830.798    693.375  13.650  8.16365E-01  8.16880E-01 -6.27885E-04
    7836.008    698.585  13.700  8.13947E-01  8.15485E-01 -1.87896E-03
    7841.237    703.815  13.750  8.11778E-01  8.14089E-01 -2.82932E-03
    7846.486    709.063  13.800  8.10364E-01  8.12694E-01 -2.85779E-03
    7851.753    714.330  13.850  8.09965E-01  8.11299E-01 -1.63781E-03
    7857.039    719.617  13.900  8.10516E-01  8.09903E-01  7.53546E-04
    7862.345    724.922  13.950  8.11637E-01  8.08508E-01  3.85785E-03
    7867.669    730.246  14.000  8.12759E-01  8.07113E-01  6.97324E-03
    7873.013    735.590  14.050  8.13215E-01  8.05642E-01  9.37086E-03
    7878.375    740.952  14.100  8.12612E-01  8.04171E-01  1.04635E-02
    7883.757    746.334  14.150  8.10734E-01  8.02700E-01  9.97780E-03
    7889.157    751.735  14.200  8.07652E-01  8.01229E-01  7.99165E-03
    7894.577    757.154  14.250  8.03679E-01  7.99758E-01  4.88855E-03
    7900.016    762.593  14.300  7.99281E-01  7.98287E-01  1.24185E-03
    7905.474    768.051  14.350  7.94953E-01  7.96816E-01 -2.33014E-03
    7910.950    773.528  14.400  7.91119E-01  7.95345E-01 -5.29724E-03
    7916.446    779.024  14.450  7.88055E-01  7.93874E-01 -7.30825E-03
    7921.961    784.539  14.500  7.85866E-01  7.92403E-01 -8.22609E-03
    7927.495    790.073  14.550  7.84498E-01  7.90932E-01 -8.11075E-03
    7933.048    795.626  14.600  7.83788E-01  7.89461E-01 -7.16557E-03
    7938.620    801.198  14.650  7.83511E-01  7.87990E-01 -5.66753E-03
    7944.212    806.789  14.700  7.83442E-01  7.86519E-01 -3.90050E-03
    7949.822    812.399  14.750  7.83391E-01  7.85048E-01 -2.10512E-03
    7955.451    818.028  14.800  7.83222E-01  7.83577E-01 -4.51706E-04
    7961.099    823.677  14.850  7.82861E-01  7.82106E-01  9.63634E-04
    7966.767    829.344  14.900  7.82282E-01  7.80635E-01  2.10428E-03
    7972.453    835.030  14.950  7.81482E-01  7.79164E-01  2.96745E-03
    7978.159    840.736  15.000  7.80466E-01  7.77693E-01  3.55655E-03
    7983.883    846.460  15.050  7.79238E-01  7.76254E-01  3.83369E-03
    7989.627    852.204  15.100  7.77771E-01  7.74816E-01  3.80387E-03
    7995.389    857.967  15.150  7.76051E-01  7.73378E-01  3.44768E-03
    8001.171    863.748  15.200  7.74061E-01  7.71939E-01  2.74155E-03
    8006.972    869.549  15.250  7.71801E-01  7.70501E-01  1.68336E-03
    8012.791    875.369  15.300  7.69314E-01  7.69063E-01  3.26314E-04
    8018.630    881.207  15.350  7.66706E-01  7.67624E-01 -1.19332E-03
    8024.488    887.065  15.400  7.64150E-01  7.66186E-01 -2.65146E-03
    8030.365    892.942  15.450  7.61862E-01  7.64748E-01 -3.76551E-03
    8036.261    898.838  15.500  7.60053E-01  7.63309E-01 -4.25738E-03
    8042.176    904.753  15.550  7.58867E-01  7.61871E-01 -3.93518E-03
    8048.110    910.687  15.600  7.58324E-01  7.60433E-01 -2.76775E-03
    8054.063    916.640  15.650  7.58292E-01  7.58995E-01 -9.23323E-04
    8060.035    922.612  15.700  7.58503E-01  7.57556E-01  1.24770E-03
    8066.026    928.604  15.750  7.58610E-01  7.56118E-01  3.28858E-03
    8072.037    934.614  15.800  7.58274E-01  7.54680E-01  4.75275E-03
    8078.066    940.643  15.850  7.57261E-01  7.53241E-01  5.32651E-03
    8084.114    946.692  15.900  7.55508E-01  7.51803E-01  4.91858E-03
    8090.182    952.759  15.950  7.53135E-01  7.50365E-01  3.68563E-03
    8096.268    958.845  16.000  7.50414E-01  7.48926E-01  1.98319E-03
    8102.374    964.951  16.050  7.47610E-01  7.47414E-01  2.62247E-04
    8108.498    971.075  16.100  7.45077E-01  7.45901E-01 -1.10284E-03
    8114.642    977.219  16.150  7.42997E-01  7.44389E-01 -1.86602E-03
    8120.804    983.382  16.200  7.41389E-01  7.42876E-01 -1.99769E-03
    8126.986    989.563  16.250  7.40116E-01  7.41363E-01 -1.67929E-03
    8133.187    995.764  16.300  7.38940E-01  7.39851E-01 -1.22863E-03
    8139.407   1001.984  16.350  7.37612E-01  7.38338E-01 -9.81631E-04
    8145.645   1008.223  16.400  7.35961E-01  7.36826E-01 -1.17135E-03
    8151.903   1014.481  16.450  7.33954E-01  7.35313E-01 -1.84540E-03
    8158.180   1020.758  16.500  7.31707E-01  7.33801E-01 -2.84914E-03
    8164.476   1027.054  16.550  7.29444E-01  7.32288E-01 -3.87862E-03
    8170.791   1033.369  16.600  7.27422E-01  7.30775E-01 -4.58312E-03
    8177.125   1039.703  16.650  7.25846E-01  7.29263E-01 -4.68033E-03
    8183.479   1046.056  16.700  7.24804E-01  7.27750E-01 -4.04463E-03
    8189.851   1052.428  16.750  7.24246E-01  7.26238E-01 -2.73974E-03
    8196.242   1058.819  16.800  7.24008E-01  7.24725E-01 -9.88348E-04
    8202.652   1065.230  16.850  7.23869E-01  7.23213E-01  9.06223E-04
    8209.082   1071.659  16.900  7.23618E-01  7.21700E-01  2.65490E-03
    8215.530   1078.107  16.950  7.23114E-01  7.20188E-01  4.05938E-03
    8221.998   1084.575  17.000  7.22303E-01  7.18675E-01  5.04450E-03
    8228.484   1091.061  17.050  7.21253E-01  7.17193E-01  5.65670E-03
    8234.990   1097.567  17.100  7.19962E-01  7.15711E-01  5.93509E-03
    8241.514   1104.092  17.150  7.18473E-01  7.14228E-01  5.93849E-03
    8248.058   1110.635  17.200  7.16788E-01  7.12746E-01  5.66637E-03
    8254.621   1117.198  17.250  7.14857E-01  7.11264E-01  5.04882E-03
    8261.202   1123.780  17.300  7.12608E-01  7.09782E-01  3.98010E-03
    8267.803   1130.380  17.350  7.09988E-01  7.08299E-01  2.38301E-03
    8274.423   1137.000  17.400  7.07014E-01  7.06817E-01  2.78190E-04
    8281.062   1143.639  17.450  7.03803E-01  7.05335E-01 -2.17066E-03
    8287.720   1150.297  17.500  7.00573E-01  7.03853E-01 -4.65724E-03
    8294.397   1156.974  17.550  6.97603E-01  7.02371E-01 -6.78443E-03
    8301.093   1163.670  17.600  6.95170E-01  7.00888E-01 -8.15499E-03
    8307.808   1170.385  17.650  6.93476E-01  6.99406E-01 -8.47514E-03
    8314.542   1177.119  17.700  6.92591E-01  6.97924E-01 -7.63925E-03
    8321.295   1183.873  17.750  6.92422E-01  6.96442E-01 -5.76945E-03
    8328.068   1190.645  17.800  6.92737E-01  6.94960E-01 -3.19737E-03
    8334.859   1197.436  17.850  6.93205E-01  6.93477E-01 -3.92185E-04
    8341.669   1204.247  17.900  6.93480E-01  6.91995E-01  2.14527E-03
    8348.499   1211.076  17.950  6.93271E-01  6.90513E-01  3.99383E-03
    8355.347   1217.924  18.000  6.92407E-01  6.89031E-01  4.90015E-03
    8362.214   1224.792  18.050  6.90863E-01  6.87540E-01  4.83254E-03
    8369.101   1231.678  18.100  6.88761E-01  6.86049E-01  3.95283E-03
    8376.007   1238.584  18.150  6.86315E-01  6.84558E-01  2.56685E-03
    8382.931   1245.509  18.200  6.83783E-01  6.83067E-01  1.04831E-03
    8389.875   1252.452  18.250  6.81407E-01  6.81576E-01 -2.47557E-04
    8396.838   1259.415  18.300  6.79365E-01  6.80085E-01 -1.05830E-03
    8403.820   1266.397  18.350  6.77738E-01  6.78594E-01 -1.26158E-03
    8410.820   1273.398  18.400  6.76502E-01  6.77103E-01 -8.88111E-04
    8417.840   1280.418  18.450  6.75545E-01  6.75612E-01 -1.00363E-04
    8424.879   1287.457  18.500  6.74698E-01  6.74121E-01  8.55624E-04
    8431.937   1294.515  18.550  6.73782E-01  6.72630E-01  1.71323E-03
    8439.014   1301.592  18.600  6.72648E-01  6.71139E-01  2.24861E-03
    8446.110   1308.688  18.650  6.71209E-01  6.69649E-01  2.33062E-03
    8453.225   1315.803  18.700  6.69458E-01  6.68158E-01  1.94651E-03
    8460.360   1322.937  18.750  6.67465E-01  6.66667E-01  1.19823E-03
    8467.513   1330.090  18.800  6.65356E-01  6.65176E-01  2.70555E-04
    8474.685   1337.263  18.850  6.63273E-01  6.63685E-01 -6.20940E-04
    8481.877   1344.454  18.900  6.61341E-01  6.62194E-01 -1.28884E-03
    8489.087   1351.664  18.950  6.59631E-01  6.60703E-01 -1.62421E-03
    8496.316   1358.894  19.000  6.58142E-01  6.59212E-01 -1.62429E-03
    8503.565   1366.142  19.050  6.56813E-01  6.57729E-01 -1.39260E-03
    8510.832   1373.410  19.100  6.55529E-01  6.56245E-01 -1.09199E-03
    8518.119   1380.696  19.150  6.54168E-01  6.54762E-01 -9.07750E-04
    8525.425   1388.002  19.200  6.52642E-01  6.53279E-01 -9.76170E-04
    8532.749   1395.327  19.250  6.50926E-01  6.51796E-01 -1.33475E-03
    8540.093   1402.670  19.300  6.49076E-01  6.50312E-01 -1.90244E-03
    8547.456   1410.033  19.350  6.47210E-01  6.48829E-01 -2.49748E-03
    8554.838   1417.415  19.400  6.45478E-01  6.47346E-01 -2.88869E-03
    8562.239   1424.816  19.450  6.44014E-01  6.45863E-01 -2.86513E-03
    8569.659   1432.236  19.500  6.42897E-01  6.44379E-01 -2.30304E-03
    8577.098   1439.675  19.550  6.42120E-01  6.42896E-01 -1.20907E-03
    8584.556   1447.133  19.600  6.41588E-01  6.41413E-01  2.73645E-04
    8592.033   1454.610  19.650  6.41143E-01  6.39929E-01  1.89856E-03
    8599.529   1462.106  19.700  6.40600E-01  6.38446E-01  3.37778E-03
    8607.044   1469.621  19.750  6.39797E-01  6.36963E-01  4.45408E-03
    8614.578   1477.156  19.800  6.38629E-01  6.35480E-01  4.96164E-03
    8622.132   1484.709  19.850  6.37073E-01  6.33996E-01  4.85842E-03
    8629.704   1492.281  19.900  6.35181E-01  6.32513E-01  4.22314E-03
    8637.295   1499.873  19.950  6.33060E-01  6.31030E-01  3.22103E-03
    8644.906   1507.483  20.000  6.30836E-01  6.29547E-01  2.05166E-03
