# # Once                                                         FEFF 9.6.4  
# # POT  SCF 100  5.0000   0, core-hole, AFOLP (folp(0)= 1.150)
# # Abs   Z=26 Rmt= 1.359 Rnm= 1.406 K  shell
# # Pot 1 Z=57 Rmt= 1.836 Rnm= 1.836
# # Pot 2 Z=14 Rmt= 1.349 Rnm= 1.400
# # Pot 3 Z=26 Rmt= 1.357 Rnm= 1.408
# # Gam_ch=1.309E+00 H-L exch Vi= 0.000E+00 Vr= 0.000E+00
# # Mu=-1.666E+01 kf=2.118E+00 Vint=-2.582E+01 Rs_int= 1.712
# # PATH  Rmax= 8.000,  Keep_limit= 0.00, Heap_limit 0.00  Pwcrit= 2.50%
#  S02=1.000  Temp=   0.00  Debye_temp=   0.00  Global_sig2= 0.00000
#  Energy zero shift, vr, vi    0.00000E+00   0.00000E+00
#  Curved wave amplitude ratio filter   4.000%
#     file         sig2 tot  cw amp ratio   deg  nlegs   reff  inp sig2
#           1       0.00000    100.00      1.00     2   2.4137
#           2       0.00000     91.66      1.00     2   2.4700
#           3       0.00000     93.35      1.00     2   2.4746
#           4       0.00000     90.92      1.00     2   2.4801
#           5       0.00000     89.12      1.00     2   2.5051
#           6       0.00000     86.91      1.00     2   2.5367
#           7       0.00000    170.20      2.00     2   2.5630
#           8       0.00000     83.36      1.00     2   2.5898
#           9       0.00000     76.45      1.00     2   2.7015
#          10       0.00000     75.98      1.00     2   3.3168
#          11       0.00000     75.75      1.00     2   3.3219
#          12       0.00000     48.66      1.00     2   3.3280
#          13       0.00000      7.35      2.00     3   3.7021
#          14       0.00000      7.19      2.00     3   3.7257
#          15       0.00000      7.31      2.00     3   3.7257
#          16       0.00000      6.65      2.00     3   3.7338
#          17       0.00000      9.48      2.00     3   3.7424
#          18       0.00000      8.93      2.00     3   3.7457
#          19       0.00000      7.55      2.00     3   3.7463
#          20       0.00000      9.01      2.00     3   3.7696
#          21       0.00000      6.08      2.00     3   3.7854
#          22       0.00000     16.21      4.00     3   3.7866
#          23       0.00000      7.04      2.00     3   3.8150
#          24       0.00000      8.85      2.00     3   3.8147
#          25       0.00000      8.83      2.00     3   3.8281
#          26       0.00000      7.40      2.00     3   3.8421
#          27       0.00000      7.33      2.00     3   3.8446
#          28       0.00000      5.79      2.00     3   3.9006
#          29       0.00000      7.64      2.00     3   3.9006
#          30       0.00000     33.53      1.00     2   3.9092
#          31       0.00000      7.45      2.00     3   3.9218
#          32       0.00000     30.55      1.00     2   4.0643
#          33       0.00000      9.63      2.00     3   4.0899
#          34       0.00000      7.24      2.00     3   4.1098
#          35       0.00000     29.62      1.00     2   4.1170
#          36       0.00000     28.53      1.00     2   4.1805
#          37       0.00000     28.49      1.00     2   4.1830
#          38       0.00000     28.46      1.00     2   4.1851
#          39       0.00000     28.45      1.00     2   4.1859
#          40       0.00000     21.22      1.00     2   4.1990
#          41       0.00000     28.18      1.00     2   4.2017
#          42       0.00000     21.08      1.00     2   4.2084
#          43       0.00000     27.97      1.00     2   4.2148
#          45       0.00000     27.84      1.00     2   4.2229
#          46       0.00000     27.14      1.00     2   4.2669
#          47       0.00000     27.08      1.00     2   4.2712
#          48       0.00000      9.29      2.00     3   4.3922
#          49       0.00000     12.40      2.00     3   4.3959
#          51       0.00000      8.50      2.00     3   4.4284
#          52       0.00000      5.36      2.00     3   4.4308
#          54       0.00000     23.92      1.00     2   4.4902
#          55       0.00000     23.86      1.00     2   4.4952
#          56       0.00000     23.70      1.00     2   4.5072
#          57       0.00000     23.69      1.00     2   4.5076
#          58       0.00000     23.61      1.00     2   4.5142
#          59       0.00000      8.59      2.00     3   4.5244
#          60       0.00000      8.94      2.00     3   4.5332
#          61       0.00000     11.14      2.00     3   4.5470
#          62       0.00000      5.24      2.00     3   4.5537
#          63       0.00000      8.06      2.00     3   4.5537
#          64       0.00000     22.97      1.00     2   4.5633
#          65       0.00000      9.03      2.00     3   4.5703
#          67       0.00000     15.49      2.00     3   4.5758
#          68       0.00000     14.04      2.00     3   4.5760
#          69       0.00000      8.77      2.00     3   4.5823
#          70       0.00000      9.26      2.00     3   4.5861
#          71       0.00000      4.70      2.00     3   4.5879
#          72       0.00000      5.99      2.00     3   4.5879
#          73       0.00000      5.56      2.00     3   4.5928
#          74       0.00000      8.77      2.00     3   4.5939
#          75       0.00000      5.92      2.00     3   4.5956
#          76       0.00000     13.12      2.00     3   4.5968
#          77       0.00000      8.44      2.00     3   4.5982
#          78       0.00000      7.77      2.00     3   4.6030
#          79       0.00000      7.15      4.00     3   4.6035
#          80       0.00000     12.53      2.00     3   4.6052
#          81       0.00000      4.56      2.00     3   4.6091
#          82       0.00000     22.32      1.00     2   4.6159
#          83       0.00000      4.23      2.00     3   4.6183
#          84       0.00000      5.82      2.00     3   4.6183
#          85       0.00000      5.77      2.00     3   4.6219
#          86       0.00000      5.58      2.00     3   4.6239
#          87       0.00000      8.36      2.00     3   4.6239
#          88       0.00000      8.22      2.00     3   4.6264
#          89       0.00000      8.98      2.00     3   4.6278
#          90       0.00000      9.01      2.00     3   4.6300
#          91       0.00000      4.76      2.00     3   4.6349
#          92       0.00000      7.84      2.00     3   4.6346
#          93       0.00000      7.24      2.00     3   4.6349
#          94       0.00000      4.71      2.00     3   4.6399
#          95       0.00000      5.11      2.00     3   4.6428
#          96       0.00000      7.79      2.00     3   4.6428
#          97       0.00000      5.48      2.00     3   4.6494
#          98       0.00000     21.86      1.00     2   4.6540
#          99       0.00000      7.47      2.00     3   4.6635
#         100       0.00000      4.90      2.00     3   4.6878
#         101       0.00000      7.43      2.00     3   4.6878
#         102       0.00000      4.46      2.00     3   4.7028
#         103       0.00000     21.58      2.00     3   4.7040
#         104       0.00000      7.53      2.00     3   4.7040
#         105       0.00000     20.87      2.00     3   4.7083
#         106       0.00000      7.48      2.00     3   4.7118
#         107       0.00000      9.78      2.00     3   4.7187
#         108       0.00000     12.70      2.00     3   4.7224
#         109       0.00000     12.54      2.00     3   4.7219
#         110       0.00000      9.30      2.00     3   4.7231
#         111       0.00000      6.57      2.00     3   4.7252
#         112       0.00000     20.44      2.00     3   4.7274
#         113       0.00000      6.65      2.00     3   4.7411
#         114       0.00000     13.18      2.00     3   4.7441
#         115       0.00000     20.34      1.00     2   4.7876
#         116       0.00000      6.41      2.00     3   4.7887
#         117       0.00000      6.42      2.00     3   4.7886
#         118       0.00000     55.09      2.00     3   4.8046
#         119       0.00000      9.73      2.00     3   4.8167
#         120       0.00000     37.01      1.00     4   4.8217
#         121       0.00000     11.73      2.00     3   4.8263
#         122       0.00000      4.12      1.00     4   4.8274
#         123       0.00000      9.61      2.00     3   4.8435
#         124       0.00000     11.93      2.00     3   4.8435
#         127       0.00000      5.34      1.00     4   4.9128
#         129       0.00000      5.02      1.00     4   4.9265
#         133       0.00000      5.15      1.00     4   4.9399
#         134       0.00000     18.46      2.00     3   4.9411
#         135       0.00000     18.73      1.00     2   4.9435
#         136       0.00000      4.88      1.00     4   4.9475
#         138       0.00000      5.06      1.00     4   4.9601
#         139       0.00000     47.56      2.00     3   4.9655
#         141       0.00000     18.47      1.00     2   4.9710
#         142       0.00000     12.56      2.00     4   4.9750
#         143       0.00000     12.95      2.00     3   4.9771
#         144       0.00000     29.53      1.00     4   4.9874
#         145       0.00000     18.30      1.00     2   4.9886
#         146       0.00000     46.10      2.00     3   4.9887
#         147       0.00000     37.07      1.00     4   4.9888
#         148       0.00000     18.20      1.00     2   4.9990
#         149       0.00000     17.49      2.00     3   5.0071
#         150       0.00000     26.91      2.00     3   5.0071
#         152       0.00000      4.85      1.00     4   5.0101
#         153       0.00000      9.25      2.00     4   5.0113
#         154       0.00000     29.55      2.00     3   5.0275
#         155       0.00000     35.85      2.00     2   5.0284
#         159       0.00000     11.55      2.00     4   5.0431
#         160       0.00000     10.56      1.00     4   5.0431
#         161       0.00000     33.35      2.00     3   5.0485
#         162       0.00000     13.22      1.00     4   5.0560
#         163       0.00000     28.88      2.00     3   5.0585
#         164       0.00000      5.77      4.00     4   5.0681
#         165       0.00000     17.44      1.00     4   5.0689
#         166       0.00000      4.60      1.00     4   5.0734
#         167       0.00000     12.17      2.00     3   5.0816
#         168       0.00000     12.45      1.00     4   5.0887
#         169       0.00000     17.36      1.00     2   5.0903
#         170       0.00000      8.88      2.00     4   5.1153
#         171       0.00000     27.00      2.00     3   5.1206
#         172       0.00000      8.82      2.00     4   5.1261
#         173       0.00000     11.62      1.00     4   5.1510
#         174       0.00000     26.82      1.00     2   5.1715
#         175       0.00000     26.73      1.00     2   5.1781
#         176       0.00000      4.22      1.00     4   5.1795
#         177       0.00000     15.76      1.00     2   5.2805
#         178       0.00000     15.53      1.00     2   5.3101
#         179       0.00000     15.37      1.00     2   5.3312
#         180       0.00000      4.64      2.00     3   5.3434
#         181       0.00000     15.20      1.00     2   5.3534
#         182       0.00000      4.37      2.00     3   5.3891
#         184       0.00000      4.44      2.00     3   5.4112
#         185       0.00000      5.14      2.00     3   5.4396
#         186       0.00000      4.07      2.00     3   5.4403
#         188       0.00000      5.22      2.00     3   5.4684
#         189       0.00000      8.19      2.00     3   5.4892
#         190       0.00000      4.74      2.00     3   5.4966
#         191       0.00000     13.98      2.00     3   5.5175
#         192       0.00000      4.80      2.00     3   5.5290
#         193       0.00000      7.75      2.00     3   5.5290
#         194       0.00000      7.45      2.00     3   5.5503
#         197       0.00000      4.39      2.00     3   5.5857
#         198       0.00000      5.15      2.00     3   5.5857
#         199       0.00000      6.73      2.00     3   5.6021
#         200       0.00000      6.66      2.00     3   5.6118
#         201       0.00000      4.34      2.00     3   5.6123
#         202       0.00000      5.47      2.00     3   5.6185
#         203       0.00000      5.52      2.00     3   5.6318
#         204       0.00000     13.20      1.00     2   5.6424
#         205       0.00000      4.67      2.00     3   5.6777
#         206       0.00000     25.52      2.00     2   5.7127
#         207       0.00000     12.76      1.00     2   5.7135
#         208       0.00000      9.05      2.00     3   5.7270
#         209       0.00000      9.19      2.00     3   5.7504
#         210       0.00000     12.49      1.00     2   5.7573
#         211       0.00000     12.36      1.00     2   5.7802
#         215       0.00000     12.11      1.00     2   5.8234
#         218       0.00000     19.32      1.00     2   5.8638
#         219       0.00000     40.06      2.00     3   5.8658
#         220       0.00000     26.05      1.00     4   5.8679
#         221       0.00000     19.27      1.00     2   5.8696
#         222       0.00000     11.83      1.00     2   5.8736
#         223       0.00000     17.35      2.00     3   5.8747
#         224       0.00000     38.12      2.00     3   5.8747
#         225       0.00000     12.11      2.00     4   5.8799
#         226       0.00000     23.32      1.00     4   5.8799
#         227       0.00000     17.03      2.00     3   5.9068
#         228       0.00000     11.87      2.00     4   5.9117
#         229       0.00000     11.50      1.00     2   5.9329
#         230       0.00000     11.48      1.00     2   5.9369
#         231       0.00000      8.01      2.00     3   5.9386
#         232       0.00000      6.30      2.00     3   5.9534
#         233       0.00000      7.80      2.00     3   5.9611
#         234       0.00000     11.34      1.00     2   5.9649
#         235       0.00000      6.42      2.00     3   5.9683
#         237       0.00000      6.29      2.00     3   5.9922
#         238       0.00000     11.18      1.00     2   5.9956
#         239       0.00000      6.44      2.00     3   5.9989
#         240       0.00000     11.12      1.00     2   6.0056
#         241       0.00000     11.11      1.00     2   6.0080
#         242       0.00000      7.08      1.00     2   6.0135
#         243       0.00000     11.04      1.00     2   6.0221
#         245       0.00000     10.95      1.00     2   6.0405
#         247       0.00000     10.93      1.00     2   6.0435
#         249       0.00000     10.83      1.00     2   6.0643
#         251       0.00000      7.91      2.00     3   6.0812
#         252       0.00000      6.74      1.00     2   6.1068
#         253       0.00000     10.42      1.00     2   6.1494
#         254       0.00000      4.77      2.00     3   6.1512
#         255       0.00000      5.36      2.00     3   6.1600
#         258       0.00000      4.56      2.00     3   6.1674
#         259       0.00000      4.95      2.00     3   6.1674
#         260       0.00000     15.91      4.00     3   6.1732
#         261       0.00000     10.27      1.00     2   6.1805
#         262       0.00000      4.19      2.00     3   6.1844
#         263       0.00000      7.70      2.00     3   6.1874
#         264       0.00000      6.44      1.00     2   6.1949
#         265       0.00000      4.52      2.00     3   6.1992
#         266       0.00000      6.08      2.00     3   6.2032
#         267       0.00000      7.98      2.00     3   6.2052
#         268       0.00000      5.05      2.00     3   6.2065
#         269       0.00000      4.64      2.00     3   6.2102
#         270       0.00000      8.17      2.00     3   6.2124
#         271       0.00000      4.78      2.00     3   6.2206
#         272       0.00000     10.07      1.00     2   6.2235
#         273       0.00000      4.10      2.00     3   6.2414
#         274       0.00000      8.21      2.00     3   6.2425
#         275       0.00000      9.97      1.00     2   6.2453
#         278       0.00000      9.04      2.00     3   6.2887
#         280       0.00000      4.15      2.00     3   6.2956
#         282       0.00000      8.87      2.00     3   6.2991
#         283       0.00000      4.24      2.00     3   6.3002
#         286       0.00000      9.23      2.00     3   6.3069
#         287       0.00000      6.08      1.00     2   6.3084
#         288       0.00000      6.67      2.00     3   6.3115
#         289       0.00000      4.26      2.00     3   6.3134
#         290       0.00000      4.79      2.00     3   6.3141
#         294       0.00000      5.97      2.00     3   6.3297
#         295       0.00000      9.60      1.00     2   6.3299
#         298       0.00000      9.29      2.00     3   6.3394
#         299       0.00000      5.74      2.00     3   6.3479
#         300       0.00000      5.18      2.00     3   6.3479
#         301       0.00000     18.94      2.00     2   6.3616
#         303       0.00000      9.45      1.00     2   6.3655
#         304       0.00000      5.24      2.00     3   6.3659
#         306       0.00000      7.44      2.00     3   6.3671
#         307       0.00000      5.62      2.00     3   6.3685
#         312       0.00000     18.72      2.00     2   6.3880
#         318       0.00000      4.41      2.00     3   6.4057
#         321       0.00000      5.45      2.00     3   6.4150
#         322       0.00000      7.58      2.00     3   6.4149
#         323       0.00000      8.05      2.00     3   6.4152
#         324       0.00000      5.75      1.00     2   6.4182
#         325       0.00000      4.27      2.00     3   6.4210
#         327       0.00000      9.17      1.00     2   6.4352
#         334       0.00000      9.09      1.00     2   6.4536
#         335       0.00000      4.32      2.00     3   6.4551
#         336       0.00000      9.08      1.00     2   6.4569
#         339       0.00000     11.20      2.00     3   6.4617
#         340       0.00000      9.27      2.00     3   6.4619
#         344       0.00000      9.05      1.00     2   6.4653
#         347       0.00000      6.35      2.00     3   6.4674
#         348       0.00000      9.03      1.00     2   6.4686
#         353       0.00000      9.00      1.00     2   6.4775
#         354       0.00000     17.76      2.00     3   6.4784
#         355       0.00000     12.99      2.00     3   6.4830
#         356       0.00000      8.97      1.00     2   6.4840
#         358       0.00000      4.37      2.00     3   6.4882
#         362       0.00000      4.59      2.00     3   6.4970
#         363       0.00000      5.52      1.00     2   6.4996
#         364       0.00000     14.86      2.00     3   6.5053
#         365       0.00000      5.42      1.00     4   6.5092
#         366       0.00000     10.77      2.00     3   6.5127
#         368       0.00000      8.83      1.00     4   6.5216
#         369       0.00000     10.56      2.00     3   6.5240
#         370       0.00000      4.51      2.00     3   6.5243
#         371       0.00000      4.43      2.00     3   6.5243
#         373       0.00000      8.38      2.00     3   6.5355
#         374       0.00000      8.14      2.00     3   6.5355
#         375       0.00000      8.74      1.00     2   6.5446
#         377       0.00000      5.62      2.00     3   6.5530
#         378       0.00000     16.50      2.00     3   6.5534
#         380       0.00000      8.70      1.00     2   6.5544
#         381       0.00000      8.70      1.00     2   6.5550
#         382       0.00000      9.66      2.00     3   6.5586
#         384       0.00000      4.33      1.00     4   6.5615
#         385       0.00000      7.45      2.00     3   6.5628
#         387       0.00000     16.56      2.00     3   6.5647
#         388       0.00000      5.05      2.00     3   6.5679
#         389       0.00000      8.63      1.00     2   6.5726
#         390       0.00000      5.26      2.00     3   6.5737
#         392       0.00000      4.79      2.00     4   6.5870
#         394       0.00000      8.56      1.00     2   6.5906
#         395       0.00000     22.32      2.00     3   6.5933
#         401       0.00000     22.17      2.00     3   6.6107
#         402       0.00000     13.16      2.00     3   6.6107
#         403       0.00000      8.47      1.00     2   6.6175
#         405       0.00000      8.44      1.00     2   6.6230
#         406       0.00000      5.27      2.00     3   6.6259
#         408       0.00000      6.01      1.00     4   6.6309
#         409       0.00000     14.67      1.00     4   6.6317
#         411       0.00000      8.40      1.00     2   6.6367
#         412       0.00000      4.86      2.00     3   6.6367
#         416       0.00000     11.52      2.00     3   6.6465
#         417       0.00000     14.57      1.00     4   6.6489
#         418       0.00000      7.50      1.00     4   6.6489
#         420       0.00000      9.35      1.00     4   6.6532
#         424       0.00000      9.48      1.00     4   6.6608
#         426       0.00000     18.20      2.00     3   6.6656
#         427       0.00000     14.34      2.00     3   6.6674
#         429       0.00000      8.27      1.00     2   6.6716
#         430       0.00000      7.12      2.00     3   6.6745
#         431       0.00000      4.55      1.00     4   6.6754
#         432       0.00000      8.23      1.00     2   6.6817
#         437       0.00000      9.94      1.00     4   6.6945
#         438       0.00000      4.69      2.00     4   6.6949
#         439       0.00000      6.86      2.00     3   6.6954
#         440       0.00000      5.65      1.00     4   6.6990
#         441       0.00000      5.01      1.00     2   6.6996
#         443       0.00000     13.60      2.00     3   6.7038
#         444       0.00000     10.26      2.00     3   6.7073
#         445       0.00000      6.13      1.00     4   6.7118
#         448       0.00000      4.96      1.00     2   6.7207
#         449       0.00000      4.28      2.00     4   6.7218
#   339/ 408 paths used
#  xsedge+50, used to normalize mu           3.2070E-04
#  -----------------------------------------------------------------------
#  omega    e    k    mu    mu0     chi     @#
    7120.064    -16.655   0.050  1.91792E-01  3.04167E-01 -2.11208E-01
    7120.093    -16.627   0.100  1.97368E-01  3.09499E-01 -2.10368E-01
    7120.141    -16.579   0.150  2.13616E-01  3.25264E-01 -2.08340E-01
    7120.207    -16.512   0.200  2.30112E-01  3.41029E-01 -2.05874E-01
    7120.293    -16.427   0.250  2.54298E-01  3.65024E-01 -2.03732E-01
    7120.398    -16.322   0.300  2.78709E-01  3.89020E-01 -2.01219E-01
    7120.522    -16.198   0.350  3.03342E-01  4.15699E-01 -2.02556E-01
    7120.665    -16.055   0.400  3.27640E-01  4.42379E-01 -2.04459E-01
    7120.826    -15.893   0.450  3.44707E-01  4.66703E-01 -2.14270E-01
    7121.007    -15.712   0.500  3.60698E-01  4.91026E-01 -2.25668E-01
    7121.207    -15.512   0.550  3.66923E-01  5.11817E-01 -2.46753E-01
    7121.427    -15.293   0.600  3.71929E-01  5.32608E-01 -2.69194E-01
    7121.665    -15.055   0.650  3.68457E-01  5.50824E-01 -2.99991E-01
    7121.922    -14.798   0.700  3.64665E-01  5.69041E-01 -3.30207E-01
    7122.198    -14.522   0.750  3.53481E-01  5.85784E-01 -3.68095E-01
    7122.493    -14.226   0.800  3.43785E-01  6.02526E-01 -4.02238E-01
    7122.808    -13.912   0.850  3.30694E-01  6.18481E-01 -4.38495E-01
    7123.141    -13.579   0.900  3.26173E-01  6.34435E-01 -4.60537E-01
    7123.493    -13.226   0.950  3.42984E-01  6.49949E-01 -4.49387E-01
    7123.865    -12.855   1.000  3.69041E-01  6.65462E-01 -4.25407E-01
    7124.255    -12.464   1.050  4.01720E-01  6.80644E-01 -3.92369E-01
    7124.665    -12.055   1.100  4.36601E-01  6.95827E-01 -3.57577E-01
    7125.094    -11.626   1.150  4.73441E-01  7.10643E-01 -3.20917E-01
    7125.541    -11.178   1.200  5.08317E-01  7.25459E-01 -2.88244E-01
    7126.008    -10.712   1.250  5.42069E-01  7.39801E-01 -2.57688E-01
    7126.494    -10.226   1.300  5.71398E-01  7.54142E-01 -2.33889E-01
    7126.999     -9.721   1.350  5.96408E-01  7.67849E-01 -2.15678E-01
    7127.523     -9.197   1.400  6.18503E-01  7.81555E-01 -2.01682E-01
    7128.065     -8.654   1.450  6.37610E-01  7.94476E-01 -1.90993E-01
    7128.627     -8.092   1.500  6.59534E-01  8.07397E-01 -1.77255E-01
    7129.208     -7.511   1.550  6.83682E-01  8.19367E-01 -1.60363E-01
    7129.809     -6.911   1.600  7.16462E-01  8.31338E-01 -1.33882E-01
    7130.428     -6.292   1.650  7.55032E-01  8.42226E-01 -1.00358E-01
    7131.066     -5.654   1.700  8.02426E-01  8.53115E-01 -5.76249E-02
    7131.723     -4.997   1.750  8.53241E-01  8.62816E-01 -1.07682E-02
    7132.399     -4.320   1.800  9.05224E-01  8.72517E-01  3.63939E-02
    7133.095     -3.625   1.850  9.53853E-01  8.80944E-01  8.03996E-02
    7133.809     -2.911   1.900  9.92810E-01  8.89372E-01  1.13050E-01
    7134.542     -2.177   1.950  1.02200E+00  8.96432E-01  1.36250E-01
    7135.295     -1.425   2.000  1.03690E+00  9.03493E-01  1.43715E-01
    7136.066     -0.653   2.050  1.04003E+00  9.08586E-01  1.40927E-01
    7136.857      0.137   2.100  1.03008E+00  9.13680E-01  1.24210E-01
    7137.667      0.947   2.150  1.01147E+00  9.18773E-01  9.84527E-02
    7138.495      1.776   2.200  9.89436E-01  9.23866E-01  6.93120E-02
    7139.343      2.623   2.250  9.63402E-01  9.25433E-01  4.01200E-02
    7140.210      3.490   2.300  9.42641E-01  9.27000E-01  1.65200E-02
    7141.096      4.376   2.350  9.30650E-01  9.28567E-01  2.19897E-03
    7142.000      5.281   2.400  9.28258E-01  9.30134E-01 -1.98005E-03
    7142.924      6.205   2.450  9.34227E-01  9.33696E-01  5.58721E-04
    7143.867      7.148   2.500  9.44143E-01  9.37259E-01  7.23322E-03
    7144.829      8.110   2.550  9.55691E-01  9.40821E-01  1.55902E-02
    7145.810      9.091   2.600  9.67660E-01  9.44384E-01  2.43516E-02
    7146.811     10.091   2.650  9.79121E-01  9.49588E-01  3.07598E-02
    7147.830     11.110   2.700  9.89765E-01  9.54793E-01  3.62642E-02
    7148.868     12.148   2.750  9.99091E-01  9.59997E-01  4.03588E-02
    7149.925     13.206   2.800  1.00646E+00  9.65202E-01  4.24084E-02
    7151.002     14.282   2.850  1.00766E+00  9.68064E-01  4.05831E-02
    7152.097     15.377   2.900  1.00639E+00  9.70926E-01  3.62502E-02
    7153.211     16.492   2.950  1.00325E+00  9.73788E-01  3.00260E-02
    7154.345     17.625   3.000  9.99071E-01  9.76651E-01  2.27893E-02
    7155.497     18.778   3.050  9.92157E-01  9.78503E-01  1.38510E-02
    7156.669     19.949   3.100  9.85893E-01  9.80355E-01  5.60745E-03
    7157.860     21.140   3.150  9.81542E-01  9.82207E-01 -6.71826E-04
    7159.069     22.350   3.200  9.80025E-01  9.84059E-01 -4.06798E-03
    7160.298     23.578   3.250  9.78651E-01  9.84638E-01 -6.02931E-03
    7161.546     24.826   3.300  9.80517E-01  9.85218E-01 -4.72734E-03
    7162.813     26.093   3.350  9.85114E-01  9.85797E-01 -6.85901E-04
    7164.098     27.379   3.400  9.91231E-01  9.86376E-01  4.86819E-03
    7165.403     28.684   3.450  9.96605E-01  9.86826E-01  9.80000E-03
    7166.727     30.008   3.500  1.00089E+00  9.87276E-01  1.36367E-02
    7168.070     31.351   3.550  1.00259E+00  9.87726E-01  1.48754E-02
    7169.432     32.713   3.600  1.00069E+00  9.88176E-01  1.25182E-02
    7170.813     34.094   3.650  9.94619E-01  9.88006E-01  6.61114E-03
    7172.214     35.494   3.700  9.85266E-01  9.87835E-01 -2.56716E-03
    7173.633     36.913   3.750  9.73796E-01  9.87665E-01 -1.38473E-02
    7175.071     38.351   3.800  9.61818E-01  9.87494E-01 -2.56196E-02
    7176.528     39.809   3.850  9.51156E-01  9.87671E-01 -3.64182E-02
    7178.005     41.285   3.900  9.43013E-01  9.87848E-01 -4.46940E-02
    7179.500     42.781   3.950  9.38207E-01  9.88025E-01 -4.96372E-02
    7181.015     44.295   4.000  9.36779E-01  9.88202E-01 -5.12120E-02
    7182.548     45.829   4.050  9.38140E-01  9.88279E-01 -4.99067E-02
    7184.101     47.381   4.100  9.41347E-01  9.88357E-01 -4.67668E-02
    7185.672     48.953   4.150  9.45303E-01  9.88434E-01 -4.28847E-02
    7187.263     50.543   4.200  9.49235E-01  9.88511E-01 -3.90308E-02
    7188.873     52.153   4.250  9.53491E-01  9.88720E-01 -3.49898E-02
    7190.502     53.782   4.300  9.58076E-01  9.88928E-01 -3.06272E-02
    7192.149     55.430   4.350  9.63753E-01  9.89137E-01 -2.51849E-02
    7193.816     57.097   4.400  9.71345E-01  9.89345E-01 -1.78501E-02
    7195.502     58.783   4.450  9.81938E-01  9.89727E-01 -7.72045E-03
    7197.207     60.488   4.500  9.94775E-01  9.90109E-01  4.62330E-03
    7198.931     62.212   4.550  1.00901E+00  9.90491E-01  1.83439E-02
    7200.674     63.955   4.600  1.02330E+00  9.90873E-01  3.21002E-02
    7202.436     65.717   4.650  1.03583E+00  9.91104E-01  4.42651E-02
    7204.218     67.498   4.700  1.04532E+00  9.91335E-01  5.34019E-02
    7206.018     69.298   4.750  1.05102E+00  9.91567E-01  5.87993E-02
    7207.837     71.117   4.800  1.05296E+00  9.91798E-01  6.04654E-02
    7209.675     72.956   4.850  1.05155E+00  9.91991E-01  5.88839E-02
    7211.533     74.813   4.900  1.04824E+00  9.92184E-01  5.54141E-02
    7213.409     76.689   4.950  1.04416E+00  9.92377E-01  5.11826E-02
    7215.305     78.585   5.000  1.04009E+00  9.92570E-01  4.69698E-02
    7217.219     80.499   5.050  1.03609E+00  9.92566E-01  4.30174E-02
    7219.153     82.433   5.100  1.03194E+00  9.92563E-01  3.89288E-02
    7221.105     84.386   5.150  1.02675E+00  9.92559E-01  3.38039E-02
    7223.077     86.357   5.200  1.01947E+00  9.92556E-01  2.66056E-02
    7225.068     88.348   5.250  1.00891E+00  9.92314E-01  1.64125E-02
    7227.077     90.358   5.300  9.95086E-01  9.92073E-01  2.98183E-03
    7229.106     92.387   5.350  9.78379E-01  9.91831E-01 -1.33182E-02
    7231.154     94.434   5.400  9.59845E-01  9.91589E-01 -3.14444E-02
    7233.221     96.501   5.450  9.40831E-01  9.91085E-01 -4.98153E-02
    7235.307     98.587   5.500  9.23409E-01  9.90581E-01 -6.66336E-02
    7237.412    100.692   5.550  9.09319E-01  9.90076E-01 -8.01700E-02
    7239.536    102.816   5.600  8.99974E-01  9.89572E-01 -8.90118E-02
    7241.679    104.960   5.650  8.96237E-01  9.88792E-01 -9.20380E-02
    7243.841    107.122   5.700  8.98496E-01  9.88013E-01 -8.91022E-02
    7246.023    109.303   5.750  9.06516E-01  9.87234E-01 -8.04210E-02
    7248.223    111.503   5.800  9.19591E-01  9.86454E-01 -6.66819E-02
    7250.442    113.723   5.850  9.36625E-01  9.85499E-01 -4.88014E-02
    7252.681    115.961   5.900  9.56294E-01  9.84544E-01 -2.82427E-02
    7254.938    118.218   5.950  9.77171E-01  9.83589E-01 -6.42458E-03
    7257.214    120.495   6.000  9.97798E-01  9.82634E-01  1.51972E-02
    7259.510    122.790   6.050  1.01665E+00  9.81496E-01  3.52796E-02
    7261.824    125.105   6.100  1.03235E+00  9.80357E-01  5.22525E-02
    7264.158    127.438   6.150  1.04382E+00  9.79219E-01  6.50256E-02
    7266.511    129.791   6.200  1.05036E+00  9.78081E-01  7.28504E-02
    7268.882    132.163   6.250  1.05166E+00  9.76942E-01  7.54150E-02
    7271.273    134.554   6.300  1.04793E+00  9.75804E-01  7.29041E-02
    7273.683    136.963   6.350  1.03987E+00  9.74665E-01  6.60045E-02
    7276.112    139.392   6.400  1.02861E+00  9.73527E-01  5.58394E-02
    7278.560    141.840   6.450  1.01556E+00  9.72389E-01  4.38274E-02
    7281.027    144.307   6.500  1.00221E+00  9.71250E-01  3.14770E-02
    7283.513    146.793   6.550  9.89528E-01  9.70144E-01  1.97353E-02
    7286.018    149.298   6.600  9.78915E-01  9.69038E-01  1.00714E-02
    7288.542    151.822   6.650  9.70875E-01  9.67932E-01  3.00565E-03
    7291.085    154.366   6.700  9.65217E-01  9.66825E-01 -1.64478E-03
    7293.647    156.928   6.750  9.61120E-01  9.65719E-01 -4.71014E-03
    7296.229    159.509   6.800  9.57363E-01  9.64613E-01 -7.43559E-03
    7298.829    162.109   6.850  9.52682E-01  9.63507E-01 -1.11176E-02
    7301.448    164.729   6.900  9.46163E-01  9.62400E-01 -1.67024E-02
    7304.087    167.367   6.950  9.37548E-01  9.61294E-01 -2.44613E-02
    7306.744    170.025   7.000  9.27379E-01  9.60188E-01 -3.38468E-02
    7309.421    172.701   7.050  9.17086E-01  9.59267E-01 -4.35753E-02
    7312.116    175.397   7.100  9.08051E-01  9.58347E-01 -5.20287E-02
    7314.831    178.111   7.150  9.01908E-01  9.57426E-01 -5.75095E-02
    7317.565    180.845   7.200  8.99873E-01  9.56505E-01 -5.87444E-02
    7320.317    183.598   7.250  9.02406E-01  9.55585E-01 -5.52371E-02
    7323.089    186.369   7.300  9.09102E-01  9.54664E-01 -4.73913E-02
    7325.880    189.160   7.350  9.18836E-01  9.53743E-01 -3.63581E-02
    7328.690    191.970   7.400  9.30138E-01  9.52823E-01 -2.36599E-02
    7331.519    194.799   7.450  9.41638E-01  9.51902E-01 -1.07205E-02
    7334.367    197.647   7.500  9.52444E-01  9.50981E-01  1.52959E-03
    7337.234    200.514   7.550  9.62601E-01  9.50112E-01  1.30799E-02
    7340.120    203.400   7.600  9.72034E-01  9.49242E-01  2.39003E-02
    7343.025    206.305   7.650  9.81125E-01  9.48373E-01  3.43915E-02
    7345.949    209.229   7.700  9.90034E-01  9.47503E-01  4.47192E-02
    7348.892    212.173   7.750  9.98352E-01  9.46634E-01  5.44515E-02
    7351.854    215.135   7.800  1.00498E+00  9.45765E-01  6.24299E-02
    7354.836    218.116   7.850  1.00832E+00  9.44895E-01  6.69578E-02
    7357.836    221.116   7.900  1.00672E+00  9.44026E-01  6.62750E-02
    7360.855    224.136   7.950  9.99061E-01  9.43156E-01  5.91768E-02
    7363.894    227.174   8.000  9.85277E-01  9.42287E-01  4.55676E-02
    7366.951    230.232   8.050  9.66461E-01  9.41323E-01  2.66782E-02
    7370.028    233.308   8.100  9.45312E-01  9.40360E-01  5.26139E-03
    7373.124    236.404   8.150  9.24970E-01  9.39397E-01 -1.53496E-02
    7376.238    239.519   8.200  9.08485E-01  9.38434E-01 -3.19029E-02
    7379.372    242.652   8.250  8.98043E-01  9.37471E-01 -4.20534E-02
    7382.525    245.805   8.300  8.94404E-01  9.36508E-01 -4.49636E-02
    7385.697    248.977   8.350  8.96741E-01  9.35545E-01 -4.14915E-02
    7388.887    252.168   8.400  9.02917E-01  9.34582E-01 -3.39006E-02
    7392.097    255.378   8.450  9.10131E-01  9.33619E-01 -2.51774E-02
    7395.326    258.607   8.500  9.15734E-01  9.32655E-01 -1.81624E-02
    7398.574    261.855   8.550  9.17752E-01  9.31553E-01 -1.48287E-02
    7401.841    265.122   8.600  9.15955E-01  9.30450E-01 -1.55923E-02
    7405.128    268.408   8.650  9.11318E-01  9.29347E-01 -1.94155E-02
    7408.433    271.713   8.700  9.05812E-01  9.28244E-01 -2.41847E-02
    7411.757    275.037   8.750  9.01742E-01  9.27141E-01 -2.74146E-02
    7415.100    278.380   8.800  9.01031E-01  9.26038E-01 -2.70216E-02
    7418.462    281.743   8.850  9.04662E-01  9.24935E-01 -2.19318E-02
    7421.844    285.124   8.900  9.12425E-01  9.23833E-01 -1.23550E-02
    7425.244    288.525   8.950  9.23034E-01  9.22730E-01  3.29832E-04
    7428.664    291.944   9.000  9.34533E-01  9.21627E-01  1.40085E-02
    7432.102    295.383   9.050  9.44823E-01  9.20505E-01  2.64239E-02
    7435.560    298.840   9.100  9.52274E-01  9.19384E-01  3.57767E-02
    7439.036    302.317   9.150  9.55985E-01  9.18262E-01  4.10775E-02
    7442.532    305.812   9.200  9.55871E-01  9.17141E-01  4.22199E-02
    7446.047    309.327   9.250  9.52495E-01  9.16019E-01  3.98052E-02
    7449.580    312.861   9.300  9.46762E-01  9.14897E-01  3.48103E-02
    7453.133    316.414   9.350  9.39591E-01  9.13776E-01  2.82323E-02
    7456.705    319.986   9.400  9.31683E-01  9.12654E-01  2.08319E-02
    7460.296    323.576   9.450  9.23433E-01  9.11533E-01  1.30420E-02
    7463.906    327.186   9.500  9.15006E-01  9.10411E-01  5.04105E-03
    7467.535    330.815   9.550  9.06584E-01  9.09317E-01 -3.00197E-03
    7471.183    334.463   9.600  8.98161E-01  9.08223E-01 -1.10639E-02
    7474.850    338.131   9.650  8.90163E-01  9.07129E-01 -1.86743E-02
    7478.536    341.817   9.700  8.83293E-01  9.06035E-01 -2.50590E-02
    7482.242    345.522   9.750  8.78390E-01  9.04941E-01 -2.92876E-02
    7485.966    349.246   9.800  8.76201E-01  9.03847E-01 -3.05283E-02
    7489.709    352.990   9.850  8.77131E-01  9.02753E-01 -2.83241E-02
    7493.472    356.752   9.900  8.81055E-01  9.01659E-01 -2.28014E-02
    7497.253    360.533   9.950  8.87259E-01  9.00565E-01 -1.47411E-02
    7501.053    364.334  10.000  8.94526E-01  8.99470E-01 -5.48366E-03
    7504.873    368.153  10.050  9.01315E-01  8.98351E-01  3.29150E-03
    7508.711    371.992  10.100  9.06235E-01  8.97231E-01  1.00100E-02
    7512.569    375.849  10.150  9.08151E-01  8.96112E-01  1.34002E-02
    7516.446    379.726  10.200  9.06529E-01  8.94992E-01  1.28566E-02
    7520.341    383.622  10.250  9.01580E-01  8.93873E-01  8.59900E-03
    7524.256    387.537  10.300  8.94237E-01  8.92753E-01  1.65765E-03
    7528.190    391.470  10.350  8.85987E-01  8.91634E-01 -6.31513E-03
    7532.143    395.423  10.400  8.78570E-01  8.90514E-01 -1.33753E-02
    7536.115    399.395  10.450  8.73611E-01  8.89395E-01 -1.76956E-02
    7540.106    403.386  10.500  8.72267E-01  8.88275E-01 -1.79696E-02
    7544.116    407.396  10.550  8.74944E-01  8.87155E-01 -1.37246E-02
    7548.145    411.425  10.600  8.81177E-01  8.86036E-01 -5.46770E-03
    7552.193    415.473  10.650  8.89692E-01  8.84916E-01  5.37985E-03
    7556.260    419.540  10.700  8.98655E-01  8.83797E-01  1.67601E-02
    7560.346    423.627  10.750  9.06069E-01  8.82677E-01  2.64181E-02
    7564.452    427.732  10.800  9.10218E-01  8.81558E-01  3.24074E-02
    7568.576    431.856  10.850  9.10066E-01  8.80438E-01  3.35423E-02
    7572.719    436.000  10.900  9.05501E-01  8.79319E-01  2.96779E-02
    7576.882    440.162  10.950  8.97354E-01  8.78199E-01  2.17392E-02
    7581.063    444.343  11.000  8.87184E-01  8.77080E-01  1.14817E-02
    7585.264    448.544  11.050  8.76690E-01  8.75784E-01  1.03147E-03
    7589.483    452.763  11.100  8.67745E-01  8.74488E-01 -7.68442E-03
    7593.722    457.002  11.150  8.61496E-01  8.73192E-01 -1.33491E-02
    7597.979    461.260  11.200  8.58263E-01  8.71896E-01 -1.55838E-02
    7602.256    465.536  11.250  8.57522E-01  8.70601E-01 -1.49710E-02
    7606.552    469.832  11.300  8.58140E-01  8.69305E-01 -1.27997E-02
    7610.867    474.147  11.350  8.58769E-01  8.68009E-01 -1.06091E-02
    7615.201    478.481  11.400  8.58301E-01  8.66713E-01 -9.67306E-03
    7619.553    482.834  11.450  8.56224E-01  8.65417E-01 -1.05865E-02
    7623.925    487.206  11.500  8.52779E-01  8.64122E-01 -1.30816E-02
    7628.316    491.597  11.550  8.48860E-01  8.62826E-01 -1.61306E-02
    7632.726    496.007  11.600  8.45709E-01  8.61530E-01 -1.83003E-02
    7637.156    500.436  11.650  8.44489E-01  8.60234E-01 -1.82399E-02
    7641.604    504.884  11.700  8.45884E-01  8.58938E-01 -1.51462E-02
    7646.071    509.351  11.750  8.49852E-01  8.57643E-01 -9.05289E-03
    7650.557    513.838  11.800  8.55612E-01  8.56347E-01 -8.55592E-04
    7655.062    518.343  11.850  8.61859E-01  8.55051E-01  7.93408E-03
    7659.587    522.867  11.900  8.67139E-01  8.53755E-01  1.56216E-02
    7664.130    527.411  11.950  8.70260E-01  8.52459E-01  2.08086E-02
    7668.693    531.973  12.000  8.70609E-01  8.51164E-01  2.27666E-02
    7673.274    536.555  12.050  8.68305E-01  8.49839E-01  2.16528E-02
    7677.875    541.155  12.100  8.64004E-01  8.48514E-01  1.81923E-02
    7682.494    545.775  12.150  8.58768E-01  8.47188E-01  1.36203E-02
    7687.133    550.413  12.200  8.53661E-01  8.45863E-01  9.18554E-03
    7691.791    555.071  12.250  8.49428E-01  8.44538E-01  5.76971E-03
    7696.467    559.748  12.300  8.46313E-01  8.43213E-01  3.66248E-03
    7701.163    564.444  12.350  8.44047E-01  8.41888E-01  2.55443E-03
    7705.878    569.158  12.400  8.42027E-01  8.40563E-01  1.73550E-03
    7710.612    573.892  12.450  8.39590E-01  8.39238E-01  4.17895E-04
    7715.365    578.645  12.500  8.36286E-01  8.37913E-01 -1.93465E-03
    7720.137    583.417  12.550  8.32067E-01  8.36588E-01 -5.38478E-03
    7724.928    588.208  12.600  8.27318E-01  8.35263E-01 -9.47757E-03
    7729.738    593.019  12.650  8.22737E-01  8.33938E-01 -1.33816E-02
    7734.567    597.848  12.700  8.19109E-01  8.32613E-01 -1.61592E-02
    7739.416    602.696  12.750  8.17045E-01  8.31288E-01 -1.70695E-02
    7744.283    607.563  12.800  8.16798E-01  8.29963E-01 -1.58027E-02
    7749.169    612.449  12.850  8.18181E-01  8.28638E-01 -1.25715E-02
    7754.074    617.355  12.900  8.20637E-01  8.27313E-01 -8.03886E-03
    7758.999    622.279  12.950  8.23406E-01  8.25988E-01 -3.11316E-03
    7763.942    627.223  13.000  8.25750E-01  8.24663E-01  1.31385E-03
    7768.905    632.185  13.050  8.27073E-01  8.23296E-01  4.57027E-03
    7773.886    637.167  13.100  8.27237E-01  8.21930E-01  6.43266E-03
    7778.887    642.167  13.150  8.26384E-01  8.20563E-01  7.06780E-03
    7783.907    647.187  13.200  8.24885E-01  8.19197E-01  6.91852E-03
    7788.945    652.226  13.250  8.23170E-01  8.17830E-01  6.50533E-03
    7794.003    657.283  13.300  8.21568E-01  8.16464E-01  6.22914E-03
    7799.080    662.360  13.350  8.20202E-01  8.15097E-01  6.24072E-03
    7804.176    667.456  13.400  8.18969E-01  8.13731E-01  6.41480E-03
    7809.291    672.571  13.450  8.17605E-01  8.12364E-01  6.42861E-03
    7814.425    677.705  13.500  8.15808E-01  8.10998E-01  5.91062E-03
    7819.578    682.858  13.550  8.13372E-01  8.09631E-01  4.60439E-03
    7824.750    688.030  13.600  8.10286E-01  8.08265E-01  2.49151E-03
    7829.941    693.221  13.650  8.06764E-01  8.06898E-01 -1.66202E-04
    7835.151    698.431  13.700  8.03206E-01  8.05532E-01 -2.87773E-03
    7840.380    703.660  13.750  8.00090E-01  8.04165E-01 -5.05052E-03
    7845.628    708.909  13.800  7.97840E-01  8.02799E-01 -6.15636E-03
    7850.896    714.176  13.850  7.96699E-01  8.01432E-01 -5.88738E-03
    7856.182    719.462  13.900  7.96648E-01  8.00066E-01 -4.25807E-03
    7861.487    724.768  13.950  7.97397E-01  7.98699E-01 -1.62483E-03
    7866.812    730.092  14.000  7.98440E-01  7.97333E-01  1.38386E-03
    7872.155    735.436  14.050  7.99104E-01  7.95889E-01  4.02704E-03
    7877.518    740.798  14.100  7.98899E-01  7.94445E-01  5.58832E-03
    7882.900    746.180  14.150  7.97437E-01  7.93001E-01  5.57576E-03
    7888.300    751.581  14.200  7.94618E-01  7.91557E-01  3.85471E-03
    7893.720    757.000  14.250  7.90670E-01  7.90113E-01  7.02476E-04
    7899.159    762.439  14.300  7.86111E-01  7.88670E-01 -3.23474E-03
    7904.616    767.897  14.350  7.81635E-01  7.87226E-01 -7.08005E-03
    7910.093    773.374  14.400  7.77954E-01  7.85782E-01 -9.93221E-03
    7915.589    778.870  14.450  7.75613E-01  7.84338E-01 -1.10910E-02
    7921.104    784.384  14.500  7.74852E-01  7.82894E-01 -1.02417E-02
    7926.638    789.918  14.550  7.75537E-01  7.81450E-01 -7.54557E-03
    7932.191    795.472  14.600  7.77187E-01  7.80006E-01 -3.60393E-03
    7937.763    801.044  14.650  7.79107E-01  7.78562E-01  6.98291E-04
    7943.354    806.635  14.700  7.80570E-01  7.77118E-01  4.42936E-03
    7948.965    812.245  14.750  7.81011E-01  7.75674E-01  6.86087E-03
    7954.594    817.874  14.800  7.80176E-01  7.74230E-01  7.65844E-03
    7960.242    823.523  14.850  7.78177E-01  7.72787E-01  6.95682E-03
    7965.910    829.190  14.900  7.75440E-01  7.71343E-01  5.29734E-03
    7971.596    834.876  14.950  7.72559E-01  7.69899E-01  3.44689E-03
    7977.301    840.582  15.000  7.70113E-01  7.68455E-01  2.15270E-03
    7983.026    846.306  15.050  7.68462E-01  7.67017E-01  1.87829E-03
    7988.769    852.050  15.100  7.67675E-01  7.65580E-01  2.72992E-03
    7994.532    857.812  15.150  7.67489E-01  7.64142E-01  4.36919E-03
    8000.314    863.594  15.200  7.67373E-01  7.62705E-01  6.10570E-03
    8006.114    869.395  15.250  7.66693E-01  7.61267E-01  7.10981E-03
    8011.934    875.215  15.300  7.64917E-01  7.59830E-01  6.68038E-03
    8017.773    881.053  15.350  7.61801E-01  7.58392E-01  4.48495E-03
    8023.631    886.911  15.400  7.57482E-01  7.56954E-01  6.94778E-04
    8029.508    892.788  15.450  7.52464E-01  7.55517E-01 -4.03117E-03
    8035.404    898.684  15.500  7.47495E-01  7.54079E-01 -8.71298E-03
    8041.319    904.599  15.550  7.43351E-01  7.52642E-01 -1.23182E-02
    8047.253    910.533  15.600  7.40627E-01  7.51204E-01 -1.40502E-02
    8053.206    916.486  15.650  7.39574E-01  7.49767E-01 -1.35668E-02
    8059.178    922.458  15.700  7.40033E-01  7.48329E-01 -1.10637E-02
    8065.169    928.450  15.750  7.41505E-01  7.46892E-01 -7.19693E-03
    8071.179    934.460  15.800  7.43306E-01  7.45454E-01 -2.87596E-03
    8077.209    940.489  15.850  7.44767E-01  7.44017E-01  1.00654E-03
    8083.257    946.537  15.900  7.45420E-01  7.42579E-01  3.81874E-03
    8089.324    952.605  15.950  7.45102E-01  7.41141E-01  5.33337E-03
    8095.411    958.691  16.000  7.43951E-01  7.39704E-01  5.73168E-03
    8101.516    964.797  16.050  7.42278E-01  7.38223E-01  5.48294E-03
    8107.641    970.921  16.100  7.40499E-01  7.36743E-01  5.08921E-03
    8113.785    977.065  16.150  7.38928E-01  7.35262E-01  4.97747E-03
    8119.947    983.228  16.200  7.37684E-01  7.33782E-01  5.30893E-03
    8126.129    989.409  16.250  7.36652E-01  7.32301E-01  5.93152E-03
    8132.330    995.610  16.300  7.35542E-01  7.30821E-01  6.45113E-03
    8138.549   1001.830  16.350  7.34009E-01  7.29340E-01  6.39243E-03
    8144.788   1008.069  16.400  7.31788E-01  7.27860E-01  5.38988E-03
    8151.046   1014.327  16.450  7.28809E-01  7.26379E-01  3.34083E-03
    8157.323   1020.604  16.500  7.25238E-01  7.24898E-01  4.67764E-04
    8163.619   1026.900  16.550  7.21440E-01  7.23418E-01 -2.73069E-03
    8169.934   1033.215  16.600  7.17874E-01  7.21937E-01 -5.62133E-03
    8176.268   1039.549  16.650  7.14959E-01  7.20457E-01 -7.62139E-03
    8182.621   1045.902  16.700  7.12955E-01  7.18976E-01 -8.36469E-03
    8188.994   1052.274  16.750  7.11896E-01  7.17496E-01 -7.79626E-03
    8195.385   1058.665  16.800  7.11594E-01  7.16015E-01 -6.16866E-03
    8201.795   1065.076  16.850  7.11711E-01  7.14535E-01 -3.94775E-03
    8208.225   1071.505  16.900  7.11866E-01  7.13054E-01 -1.66461E-03
    8214.673   1077.953  16.950  7.11741E-01  7.11574E-01  2.35162E-04
    8221.140   1084.421  17.000  7.11157E-01  7.10093E-01  1.49723E-03
    8227.627   1090.907  17.050  7.10122E-01  7.08623E-01  2.11384E-03
    8234.132   1097.413  17.100  7.08689E-01  7.07152E-01  2.17149E-03
    8240.657   1103.937  17.150  7.07040E-01  7.05682E-01  1.92259E-03
    8247.201   1110.481  17.200  7.05366E-01  7.04212E-01  1.63795E-03
    8253.763   1117.044  17.250  7.03807E-01  7.02742E-01  1.51426E-03
    8260.345   1123.625  17.300  7.02408E-01  7.01271E-01  1.61902E-03
    8266.946   1130.226  17.350  7.01121E-01  6.99801E-01  1.88542E-03
    8273.566   1136.846  17.400  6.99835E-01  6.98331E-01  2.15208E-03
    8280.205   1143.485  17.450  6.98415E-01  6.96861E-01  2.22965E-03
    8286.863   1150.143  17.500  6.96761E-01  6.95391E-01  1.97037E-03
    8293.540   1156.820  17.550  6.94836E-01  6.93920E-01  1.31953E-03
    8300.236   1163.516  17.600  6.92683E-01  6.92450E-01  3.36006E-04
    8306.951   1170.231  17.650  6.90413E-01  6.90980E-01 -8.20199E-04
    8313.685   1176.965  17.700  6.88181E-01  6.89510E-01 -1.92626E-03
    8320.438   1183.718  17.750  6.86148E-01  6.88039E-01 -2.74868E-03
    8327.210   1190.491  17.800  6.84443E-01  6.86569E-01 -3.09605E-03
    8334.002   1197.282  17.850  6.83138E-01  6.85099E-01 -2.86186E-03
    8340.812   1204.092  17.900  6.82227E-01  6.83629E-01 -2.05019E-03
    8347.641   1210.922  17.950  6.81626E-01  6.82158E-01 -7.80725E-04
    8354.490   1217.770  18.000  6.81183E-01  6.80688E-01  7.27623E-04
    8361.357   1224.638  18.050  6.80707E-01  6.79214E-01  2.19907E-03
    8368.244   1231.524  18.100  6.79996E-01  6.77739E-01  3.32940E-03
    8375.149   1238.430  18.150  6.78883E-01  6.76265E-01  3.87128E-03
    8382.074   1245.354  18.200  6.77276E-01  6.74791E-01  3.68382E-03
    8389.018   1252.298  18.250  6.75181E-01  6.73316E-01  2.76912E-03
    8395.981   1259.261  18.300  6.72701E-01  6.71842E-01  1.27945E-03
    8402.962   1266.243  18.350  6.70026E-01  6.70367E-01 -5.09554E-04
    8409.963   1273.244  18.400  6.67384E-01  6.68893E-01 -2.25614E-03
    8416.983   1280.263  18.450  6.64998E-01  6.67419E-01 -3.62800E-03
    8424.022   1287.302  18.500  6.63030E-01  6.65944E-01 -4.37746E-03
    8431.080   1294.360  18.550  6.61550E-01  6.64470E-01 -4.39638E-03
    8438.157   1301.437  18.600  6.60520E-01  6.62996E-01 -3.73520E-03
    8445.253   1308.534  18.650  6.59815E-01  6.61521E-01 -2.58067E-03
    8452.368   1315.649  18.700  6.59256E-01  6.60047E-01 -1.19882E-03
    8459.503   1322.783  18.750  6.58664E-01  6.58573E-01  1.39209E-04
    8466.656   1329.936  18.800  6.57903E-01  6.57098E-01  1.22579E-03
    8473.828   1337.108  18.850  6.56907E-01  6.55624E-01  1.95919E-03
    8481.019   1344.300  18.900  6.55684E-01  6.54149E-01  2.34811E-03
    8488.230   1351.510  18.950  6.54293E-01  6.52675E-01  2.48011E-03
    8495.459   1358.740  19.000  6.52807E-01  6.51201E-01  2.46804E-03
    8502.708   1365.988  19.050  6.51298E-01  6.49740E-01  2.39916E-03
    8509.975   1373.256  19.100  6.49758E-01  6.48279E-01  2.28257E-03
    8517.262   1380.542  19.150  6.48163E-01  6.46819E-01  2.08013E-03
    8524.568   1387.848  19.200  6.46470E-01  6.45358E-01  1.72402E-03
    8531.892   1395.173  19.250  6.44646E-01  6.43897E-01  1.16347E-03
    8539.236   1402.516  19.300  6.42699E-01  6.42437E-01  4.07655E-04
    8546.599   1409.879  19.350  6.40685E-01  6.40976E-01 -4.54984E-04
    8553.981   1417.261  19.400  6.38703E-01  6.39516E-01 -1.27201E-03
    8561.381   1424.662  19.450  6.36861E-01  6.38055E-01 -1.87379E-03
    8568.801   1432.082  19.500  6.35236E-01  6.36594E-01 -2.13523E-03
    8576.240   1439.521  19.550  6.33847E-01  6.35134E-01 -2.02842E-03
    8583.698   1446.979  19.600  6.32633E-01  6.33673E-01 -1.64336E-03
    8591.176   1454.456  19.650  6.31477E-01  6.32212E-01 -1.16487E-03
    8598.672   1461.952  19.700  6.30242E-01  6.30752E-01 -8.09910E-04
    8606.187   1469.467  19.750  6.28823E-01  6.29291E-01 -7.45324E-04
    8613.721   1477.002  19.800  6.27194E-01  6.27831E-01 -1.01567E-03
    8621.274   1484.555  19.850  6.25426E-01  6.26370E-01 -1.50954E-03
    8628.847   1492.127  19.900  6.23673E-01  6.24909E-01 -1.98116E-03
    8636.438   1499.719  19.950  6.22126E-01  6.23449E-01 -2.12513E-03
    8644.049   1507.329  20.000  6.20943E-01  6.21988E-01 -1.68282E-03
