# # Once                                                         FEFF 9.6.4  
# # POT  SCF 100  5.0000   0, core-hole, AFOLP (folp(0)= 1.150)
# # Abs   Z=24 Rmt= 1.262 Rnm= 1.322 K  shell
# # Pot 1 Z=24 Rmt= 1.273 Rnm= 1.331
# # Pot 2 Z= 6 Rmt= 1.067 Rnm= 1.117
# # Gam_ch=1.087E+00 H-L exch Vi= 0.000E+00 Vr= 0.000E+00
# # Mu=-1.710E+01 kf=2.353E+00 Vint=-2.997E+01 Rs_int= 1.541
# # PATH  Rmax= 6.000,  Keep_limit= 0.00, Heap_limit 0.00  Pwcrit= 2.50%
#  S02=1.000  Temp=   0.00  Debye_temp=   0.00  Global_sig2= 0.00000
#  Energy zero shift, vr, vi    0.00000E+00   0.00000E+00
#  Curved wave amplitude ratio filter   4.000%
#     file         sig2 tot  cw amp ratio   deg  nlegs   reff  inp sig2
#           1       0.00000    100.00      2.00     2   2.0197
#           2       0.00000     46.51      1.00     2   2.0865
#           3       0.00000     90.61      2.00     2   2.1112
#           4       0.00000     35.03      1.00     2   2.5001
#           5       0.00000     33.14      1.00     2   2.5704
#           6       0.00000     62.82      2.00     2   2.6401
#           7       0.00000     60.55      2.00     2   2.6885
#           8       0.00000     54.94      2.00     2   2.8185
#           9       0.00000     54.52      2.00     2   2.8290
#          10       0.00000      9.91      4.00     3   3.3576
#          11       0.00000      9.04      4.00     3   3.3682
#          12       0.00000     10.52      4.00     3   3.3832
#          13       0.00000      5.48      2.00     3   3.4342
#          14       0.00000     13.68      4.00     3   3.4342
#          15       0.00000     11.57      4.00     3   3.4747
#          16       0.00000      8.38      4.00     3   3.4748
#          17       0.00000     11.73      4.00     3   3.4747
#          18       0.00000     28.03      2.00     2   3.5152
#          19       0.00000      5.29      2.00     3   3.5257
#          20       0.00000     10.27      4.00     3   3.5257
#          21       0.00000      9.46      4.00     3   3.5375
#          22       0.00000      7.73      4.00     3   3.5448
#          23       0.00000     13.56      1.00     2   3.5631
#          24       0.00000      8.95      4.00     3   3.5879
#          25       0.00000     30.42      2.00     2   3.6802
#          26       0.00000      9.73      4.00     3   3.6975
#          27       0.00000     28.64      2.00     2   3.7754
#          28       0.00000     27.81      2.00     2   3.8223
#          29       0.00000     19.89      4.00     3   3.8990
#          30       0.00000      6.50      4.00     3   3.9202
#          31       0.00000     20.92      2.00     2   3.9625
#          32       0.00000     22.67      4.00     3   3.9836
#          33       0.00000     50.07      4.00     2   3.9934
#          34       0.00000     17.80      4.00     3   4.0059
#          35       0.00000     10.86      2.00     4   4.0395
#          36       0.00000      9.95      1.00     2   4.0429
#          37       0.00000      5.96      4.00     3   4.0546
#          38       0.00000     40.47      4.00     3   4.0622
#          39       0.00000     39.65      4.00     3   4.0622
#          40       0.00000      5.99      4.00     3   4.0736
#          41       0.00000     15.32      4.00     3   4.0976
#          42       0.00000      5.07      4.00     3   4.1028
#          43       0.00000     33.22      4.00     3   4.1070
#          44       0.00000      5.39      2.00     4   4.1178
#          45       0.00000     38.31      4.00     4   4.1309
#          46       0.00000     21.43      2.00     4   4.1309
#          47       0.00000     20.85      2.00     4   4.1309
#          49       0.00000      9.14      2.00     4   4.1449
#          50       0.00000     14.74      4.00     3   4.1457
#          51       0.00000      5.36      4.00     3   4.1497
#          52       0.00000     18.59      2.00     2   4.1555
#          53       0.00000     11.31      1.00     2   4.1633
#          54       0.00000      4.74      1.00     4   4.1729
#          55       0.00000      8.03      4.00     3   4.2153
#          56       0.00000     12.02      4.00     3   4.2153
#          57       0.00000     10.96      1.00     2   4.2169
#          58       0.00000      4.81      4.00     3   4.2196
#          59       0.00000      9.03      2.00     4   4.2224
#          60       0.00000     17.75      2.00     2   4.2334
#          61       0.00000      4.98      2.00     4   4.2363
#          62       0.00000     15.06      2.00     3   4.2549
#          63       0.00000      5.38      4.00     3   4.2812
#          64       0.00000     16.06      4.00     3   4.2821
#          65       0.00000      6.12      4.00     3   4.3025
#          66       0.00000     11.39      4.00     3   4.3411
#          67       0.00000      7.70      2.00     3   4.3413
#          68       0.00000     18.54      4.00     3   4.3435
#          69       0.00000      7.46      1.00     4   4.3464
#          70       0.00000     10.08      1.00     2   4.3619
#          71       0.00000     20.14      2.00     2   4.3633
#          72       0.00000      6.63      4.00     3   4.3729
#          73       0.00000     11.85      4.00     3   4.4555
#          74       0.00000     15.37      2.00     2   4.4817
#          75       0.00000      7.42      4.00     3   4.4939
#          76       0.00000      4.29      4.00     4   4.5198
#          77       0.00000      7.95      4.00     3   4.5204
#          78       0.00000     15.01      2.00     2   4.5237
#          79       0.00000      4.69      4.00     3   4.5279
#          80       0.00000      4.40      2.00     4   4.5315
#          81       0.00000      6.57      4.00     3   4.5358
#          82       0.00000     13.38      4.00     3   4.5358
#          83       0.00000     15.19      4.00     3   4.5460
#          84       0.00000     14.80      2.00     2   4.5496
#          85       0.00000      5.25      4.00     3   4.5523
#          86       0.00000      7.05      2.00     3   4.5620
#          87       0.00000      5.47      4.00     4   4.5901
#          88       0.00000     10.08      4.00     3   4.5986
#          89       0.00000     14.33      2.00     2   4.6074
#          90       0.00000     11.34      4.00     3   4.6081
#          91       0.00000      4.89      4.00     3   4.6108
#          92       0.00000      5.32      4.00     4   4.6113
#          93       0.00000      7.32      4.00     3   4.6361
#          94       0.00000     23.70      4.00     3   4.6390
#          95       0.00000     12.23      4.00     3   4.6558
#          96       0.00000      4.26      2.00     4   4.6569
#          97       0.00000      5.20      4.00     4   4.6598
#          98       0.00000      9.66      4.00     3   4.6652
#          99       0.00000     15.22      4.00     3   4.6652
#         100       0.00000     18.47      4.00     3   4.6652
#         101       0.00000     13.62      2.00     2   4.7003
#         102       0.00000      6.07      4.00     3   4.7206
#         103       0.00000     10.53      4.00     3   4.7225
#         104       0.00000      4.26      4.00     4   4.7266
#         105       0.00000      6.51      2.00     4   4.7288
#         106       0.00000      9.43      2.00     4   4.7283
#         107       0.00000      8.38      4.00     3   4.7319
#         108       0.00000     13.44      4.00     3   4.7319
#         109       0.00000     16.22      4.00     3   4.7319
#         110       0.00000      5.10      4.00     4   4.7513
#         111       0.00000      9.83      4.00     3   4.7686
#         112       0.00000     15.42      4.00     3   4.7686
#         113       0.00000      6.56      4.00     4   4.7750
#         114       0.00000     15.88      2.00     2   4.7934
#         115       0.00000      4.31      4.00     4   4.7997
#         116       0.00000     20.20      4.00     3   4.8002
#         117       0.00000     15.65      2.00     2   4.8202
#         118       0.00000      7.76      8.00     3   4.8205
#         119       0.00000      7.74      8.00     3   4.8205
#         120       0.00000      4.79      4.00     4   4.8241
#         121       0.00000     14.47      4.00     3   4.8313
#         125       0.00000      7.32      4.00     4   4.8487
#         126       0.00000      4.82      2.00     4   4.8487
#         127       0.00000      8.25      2.00     4   4.8487
#         130       0.00000     11.64      4.00     4   4.8487
#         131       0.00000     15.33      2.00     2   4.8593
#         133       0.00000      7.42      2.00     4   4.9000
#         134       0.00000      4.28      4.00     4   4.9297
#         137       0.00000     12.02      2.00     2   4.9344
#         139       0.00000      4.00      2.00     4   4.9402
#         140       0.00000      6.77      2.00     4   4.9402
#         143       0.00000      9.26      4.00     4   4.9402
#         144       0.00000      6.19      4.00     3   4.9525
#         145       0.00000      4.34      2.00     4   4.9638
#         147       0.00000     27.37      4.00     3   4.9661
#         148       0.00000      6.95      4.00     3   4.9748
#         149       0.00000      5.86      1.00     2   4.9831
#         150       0.00000      6.34      4.00     4   4.9925
#         151       0.00000      9.81      4.00     4   4.9925
#         152       0.00000     13.86      4.00     3   4.9976
#         153       0.00000     16.63      2.00     4   4.9978
#         155       0.00000     13.99      2.00     2   5.0336
#         156       0.00000      7.34      2.00     3   5.0332
#         157       0.00000     11.90      2.00     3   5.0375
#         158       0.00000      4.23      2.00     4   5.0553
#         159       0.00000      5.81      2.00     4   5.0553
#         161       0.00000      7.27      4.00     4   5.0642
#         162       0.00000      6.87      1.00     2   5.0684
#         163       0.00000      6.79      2.00     4   5.0705
#         164       0.00000     13.69      2.00     2   5.0767
#         165       0.00000     13.68      2.00     2   5.0779
#         166       0.00000      7.44      4.00     3   5.0824
#         168       0.00000      6.76      1.00     4   5.0920
#         169       0.00000      4.01      4.00     3   5.1313
#         170       0.00000      8.32      4.00     3   5.1313
#         171       0.00000      8.62      4.00     3   5.1313
#         173       0.00000      8.18      4.00     3   5.1395
#         175       0.00000     18.07      4.00     3   5.1498
#         176       0.00000     13.09      2.00     2   5.1643
#         178       0.00000      7.94      4.00     3   5.1688
#         179       0.00000      8.14      4.00     3   5.1688
#         180       0.00000     12.39      4.00     3   5.1715
#         181       0.00000      8.08      4.00     3   5.1742
#         182       0.00000      6.90      4.00     4   5.1823
#         183       0.00000      4.38      2.00     3   5.1935
#         184       0.00000      6.33      2.00     3   5.1935
#         185       0.00000     12.86      2.00     2   5.1990
#         186       0.00000      5.55      2.00     4   5.2218
#         187       0.00000      5.60      4.00     3   5.2264
#         188       0.00000      4.05      4.00     4   5.2267
#         189       0.00000      6.32      1.00     2   5.2348
#         190       0.00000     18.99      2.00     3   5.2352
#         191       0.00000     15.26      1.00     4   5.2356
#         193       0.00000      6.30      4.00     3   5.2677
#         194       0.00000     10.45      4.00     3   5.2677
#         195       0.00000     10.37      4.00     3   5.2754
#         196       0.00000      7.42      4.00     4   5.2777
#         197       0.00000     15.82      4.00     3   5.2784
#         199       0.00000      5.09      4.00     3   5.2855
#         200       0.00000     11.80      4.00     3   5.2941
#         201       0.00000     12.93      4.00     3   5.2988
#         202       0.00000      5.85      4.00     3   5.3070
#         203       0.00000      4.24      2.00     4   5.3086
#         207       0.00000     12.35      4.00     4   5.3286
#         208       0.00000      4.43      4.00     3   5.3471
#         210       0.00000      9.04      4.00     3   5.3570
#         211       0.00000      4.64      2.00     4   5.3578
#         212       0.00000      6.33      4.00     3   5.3704
#         213       0.00000      4.08      2.00     4   5.3753
#         215       0.00000      8.30      4.00     3   5.3793
#         216       0.00000      4.60      4.00     5   5.3879
#         217       0.00000      6.80      4.00     3   5.3942
#         218       0.00000      6.51      4.00     3   5.4043
#         222       0.00000     11.44      2.00     2   5.4360
#         223       0.00000      7.47      4.00     4   5.4487
#         227       0.00000      6.91      4.00     4   5.4664
#         229       0.00000      4.02      4.00     5   5.4688
#         230       0.00000      5.77      4.00     3   5.4736
#         231       0.00000      4.53      2.00     4   5.4740
#         232       0.00000     16.64      4.00     3   5.4913
#         233       0.00000      5.12      4.00     4   5.5084
#         234       0.00000      9.12      4.00     4   5.5092
#         235       0.00000      4.86      4.00     3   5.5105
#         236       0.00000      5.49      4.00     4   5.5101
#         238       0.00000     10.91      2.00     2   5.5329
#         239       0.00000      4.90      2.00     3   5.5344
#         240       0.00000      4.57      4.00     4   5.5349
#         243       0.00000      7.30      4.00     5   5.5454
#         244       0.00000      7.96      4.00     5   5.5454
#         246       0.00000      7.86      2.00     4   5.5466
#         249       0.00000      8.30      4.00     4   5.5759
#         250       0.00000      4.83      4.00     4   5.5824
#         251       0.00000      4.95      2.00     3   5.5850
#         252       0.00000     17.36      4.00     3   5.5850
#         254       0.00000      4.32      1.00     2   5.5961
#         255       0.00000      4.03      4.00     3   5.5982
#         259       0.00000      6.38      4.00     3   5.6007
#         260       0.00000      9.93      4.00     5   5.6060
#         262       0.00000     11.85      4.00     5   5.6076
#         263       0.00000      8.50      2.00     2   5.6310
#         266       0.00000      7.07      2.00     4   5.6371
#         268       0.00000      7.19      4.00     5   5.6487
#         271       0.00000     10.28      2.00     2   5.6580
#         272       0.00000      5.93      2.00     3   5.6580
#         273       0.00000     28.95      4.00     3   5.6580
#         274       0.00000      6.64      2.00     4   5.6580
#         276       0.00000     21.87      2.00     4   5.6580
#         282       0.00000      7.14      4.00     4   5.7154
#         285       0.00000      8.11      2.00     2   5.7301
#         286       0.00000     11.55      4.00     3   5.7423
#         287       0.00000      9.87      2.00     2   5.7452
#         289       0.00000     17.06      4.00     3   5.7677
#         290       0.00000      7.97      2.00     2   5.7684
#         291       0.00000      6.17      4.00     3   5.7685
#         294       0.00000     10.12      4.00     3   5.7843
#         295       0.00000     19.09      4.00     3   5.7876
#         297       0.00000     10.93      4.00     4   5.7951
#         299       0.00000      9.60      2.00     2   5.8045
#         300       0.00000      9.62      2.00     4   5.8054
#         301       0.00000     12.08      2.00     4   5.8068
#         303       0.00000      7.76      2.00     2   5.8248
#         304       0.00000      4.41      4.00     4   5.8368
#         307       0.00000      4.26      2.00     4   5.8537
#         309       0.00000      5.23      4.00     3   5.8884
#         310       0.00000      7.42      4.00     3   5.8891
#         311       0.00000     10.60      4.00     4   5.9036
#         312       0.00000      7.35      4.00     3   5.9190
#         313       0.00000     11.54      4.00     3   5.9190
#         314       0.00000      9.10      2.00     2   5.9199
#         315       0.00000      4.92      4.00     4   5.9298
#         319       0.00000      4.21      4.00     3   5.9387
#         320       0.00000      5.20      4.00     3   5.9387
#         321       0.00000     18.22      4.00     3   5.9426
#         323       0.00000      8.98      2.00     2   5.9503
#         324       0.00000     17.90      4.00     2   5.9572
#         325       0.00000      6.38      4.00     3   5.9628
#         326       0.00000      6.99      4.00     3   5.9628
#         327       0.00000     10.62      4.00     3   5.9637
#         328       0.00000      9.63      2.00     4   5.9654
#         330       0.00000      8.92      2.00     3   5.9699
#         331       0.00000      4.68      4.00     3   5.9702
#         332       0.00000      5.74      1.00     4   5.9703
#         333       0.00000      7.53      4.00     3   5.9721
#         335       0.00000      8.74      4.00     3   5.9789
#         339       0.00000     10.53      4.00     4   5.9865
#         340       0.00000      6.62      4.00     4   5.9877
#         341       0.00000     14.58      4.00     4   5.9877
#         342       0.00000      4.32      4.00     4   5.9908
#         343       0.00000      5.20      4.00     4   5.9908
#         344       0.00000      6.35      4.00     3   5.9936
#         345       0.00000      5.76      4.00     3   5.9936
#   270/ 313 paths used
#  xsedge+50, used to normalize mu           3.9365E-04
#  -----------------------------------------------------------------------
#  omega    e    k    mu    mu0     chi     @#
    5998.290    -17.103   0.000 -4.75283E-02  3.15931E-01 -6.14438E-01
    5998.299    -17.094   0.050 -3.73016E-02  3.22813E-01 -6.08142E-01
    5998.328    -17.065   0.100 -2.70162E-02  3.29695E-01 -6.01761E-01
    5998.375    -17.018   0.150  3.30784E-03  3.49751E-01 -5.82616E-01
    5998.442    -16.951   0.200  3.40280E-02  3.69807E-01 -5.62927E-01
    5998.528    -16.865   0.250  8.04225E-02  3.98806E-01 -5.31039E-01
    5998.633    -16.761   0.300  1.27226E-01  4.27805E-01 -4.98796E-01
    5998.756    -16.637   0.350  1.78998E-01  4.56997E-01 -4.58111E-01
    5998.899    -16.494   0.400  2.29854E-01  4.86189E-01 -4.19488E-01
    5999.061    -16.332   0.450  2.75418E-01  5.09968E-01 -3.80513E-01
    5999.242    -16.151   0.500  3.16954E-01  5.33746E-01 -3.48686E-01
    5999.442    -15.951   0.550  3.47105E-01  5.52261E-01 -3.26629E-01
    5999.661    -15.732   0.600  3.69339E-01  5.70776E-01 -3.17491E-01
    5999.899    -15.494   0.650  3.77267E-01  5.85888E-01 -3.25078E-01
    6000.157    -15.237   0.700  3.74799E-01  6.00999E-01 -3.48511E-01
    6000.433    -14.960   0.750  3.58783E-01  6.14229E-01 -3.88703E-01
    6000.728    -14.665   0.800  3.33190E-01  6.27459E-01 -4.42307E-01
    6001.042    -14.351   0.850  2.98750E-01  6.39698E-01 -5.05730E-01
    6001.376    -14.017   0.900  2.59237E-01  6.51938E-01 -5.74934E-01
    6001.728    -13.665   0.950  2.18292E-01  6.63670E-01 -6.43158E-01
    6002.100    -13.293   1.000  1.79287E-01  6.75401E-01 -7.06781E-01
    6002.490    -12.903   1.050  1.46855E-01  6.86865E-01 -7.58595E-01
    6002.900    -12.493   1.100  1.23753E-01  6.98329E-01 -7.96060E-01
    6003.328    -12.065   1.150  1.13669E-01  7.09622E-01 -8.14101E-01
    6003.776    -11.617   1.200  1.18391E-01  7.20915E-01 -8.11697E-01
    6004.243    -11.150   1.250  1.39371E-01  7.32037E-01 -7.87318E-01
    6004.729    -10.665   1.300  1.76991E-01  7.43160E-01 -7.41804E-01
    6005.233    -10.160   1.350  2.30129E-01  7.54083E-01 -6.77162E-01
    6005.757     -9.636   1.400  2.97556E-01  7.65007E-01 -5.96036E-01
    6006.300     -9.093   1.450  3.76181E-01  7.75650E-01 -5.02670E-01
    6006.862     -8.531   1.500  4.63546E-01  7.86293E-01 -4.00867E-01
    6007.443     -7.950   1.550  5.56076E-01  7.96571E-01 -2.94970E-01
    6008.043     -7.350   1.600  6.50638E-01  8.06849E-01 -1.89227E-01
    6008.662     -6.731   1.650  7.44838E-01  8.16673E-01 -8.59947E-02
    6009.301     -6.093   1.700  8.35245E-01  8.26498E-01  1.03497E-02
    6009.958     -5.435   1.750  9.21536E-01  8.35767E-01  1.00372E-01
    6010.634     -4.759   1.800  9.99749E-01  8.45035E-01  1.79097E-01
    6011.329     -4.064   1.850  1.07157E+00  8.53648E-01  2.49756E-01
    6012.044     -3.349   1.900  1.13213E+00  8.62262E-01  3.06230E-01
    6012.777     -2.616   1.950  1.18371E+00  8.70125E-01  3.52655E-01
    6013.530     -1.864   2.000  1.22111E+00  8.77989E-01  3.82459E-01
    6014.301     -1.092   2.050  1.24686E+00  8.84610E-01  4.00826E-01
    6015.092     -0.301   2.100  1.25541E+00  8.91232E-01  4.00032E-01
    6015.901      0.508   2.150  1.24725E+00  8.97853E-01  3.81027E-01
    6016.730      1.337   2.200  1.22441E+00  9.04475E-01  3.46395E-01
    6017.578      2.185   2.250  1.18632E+00  9.09243E-01  2.98529E-01
    6018.444      3.051   2.300  1.13835E+00  9.14012E-01  2.40530E-01
    6019.330      3.937   2.350  1.08633E+00  9.18781E-01  1.78764E-01
    6020.235      4.842   2.400  1.03642E+00  9.23549E-01  1.19850E-01
    6021.159      5.766   2.450  9.86216E-01  9.25375E-01  6.45149E-02
    6022.102      6.709   2.500  9.49339E-01  9.27200E-01  2.34436E-02
    6023.064      7.671   2.550  9.28957E-01  9.29025E-01 -7.18273E-05
    6024.045      8.652   2.600  9.25240E-01  9.30850E-01 -5.92465E-03
    6025.045      9.652   2.650  9.38396E-01  9.32937E-01  5.74995E-03
    6026.064     10.671   2.700  9.57708E-01  9.35024E-01  2.38294E-02
    6027.103     11.710   2.750  9.78132E-01  9.37111E-01  4.29780E-02
    6028.160     12.767   2.800  9.95893E-01  9.39198E-01  5.92442E-02
    6029.236     13.843   2.850  1.00942E+00  9.44267E-01  6.77331E-02
    6030.332     14.939   2.900  1.01860E+00  9.49337E-01  7.16402E-02
    6031.446     16.053   2.950  1.02307E+00  9.54407E-01  7.06525E-02
    6032.580     17.186   3.000  1.02311E+00  9.59477E-01  6.51452E-02
    6033.732     18.339   3.050  1.01753E+00  9.62500E-01  5.61479E-02
    6034.904     19.510   3.100  1.00909E+00  9.65523E-01  4.43103E-02
    6036.094     20.701   3.150  9.98682E-01  9.68547E-01  3.05465E-02
    6037.304     21.911   3.200  9.87122E-01  9.71570E-01  1.57117E-02
    6038.533     23.140   3.250  9.73448E-01  9.73170E-01  2.80118E-04
    6039.780     24.387   3.300  9.59149E-01  9.74770E-01 -1.57280E-02
    6041.047     25.654   3.350  9.44504E-01  9.76370E-01 -3.20281E-02
    6042.333     26.940   3.400  9.29714E-01  9.77970E-01 -4.84175E-02
    6043.638     28.245   3.450  9.12627E-01  9.78550E-01 -6.60879E-02
    6044.962     29.569   3.500  8.95831E-01  9.79130E-01 -8.34375E-02
    6046.305     30.912   3.550  8.79979E-01  9.79710E-01 -9.98121E-02
    6047.667     32.274   3.600  8.65865E-01  9.80290E-01 -1.14421E-01
    6049.048     33.655   3.650  8.52637E-01  9.80134E-01 -1.27503E-01
    6050.448     35.055   3.700  8.43321E-01  9.79977E-01 -1.36675E-01
    6051.868     36.474   3.750  8.38746E-01  9.79820E-01 -1.41106E-01
    6053.306     37.913   3.800  8.39435E-01  9.79664E-01 -1.40273E-01
    6054.763     39.370   3.850  8.45305E-01  9.79079E-01 -1.33887E-01
    6056.240     40.846   3.900  8.56743E-01  9.78494E-01 -1.21918E-01
    6057.735     42.342   3.950  8.73052E-01  9.77909E-01 -1.05057E-01
    6059.249     43.856   4.000  8.93277E-01  9.77325E-01 -8.42523E-02
    6060.783     45.390   4.050  9.16768E-01  9.76526E-01 -5.99455E-02
    6062.335     46.942   4.100  9.41844E-01  9.75727E-01 -3.40127E-02
    6063.907     48.514   4.150  9.67355E-01  9.74928E-01 -7.60744E-03
    6065.498     50.105   4.200  9.92301E-01  9.74129E-01  1.82676E-02
    6067.107     51.714   4.250  1.01630E+00  9.73353E-01  4.32039E-02
    6068.736     53.343   4.300  1.03803E+00  9.72577E-01  6.59059E-02
    6070.384     54.991   4.350  1.05679E+00  9.71800E-01  8.56407E-02
    6072.051     56.658   4.400  1.07187E+00  9.71024E-01  1.01704E-01
    6073.737     58.344   4.450  1.08282E+00  9.70282E-01  1.13577E-01
    6075.442     60.049   4.500  1.08876E+00  9.69541E-01  1.20409E-01
    6077.166     61.773   4.550  1.08941E+00  9.68799E-01  1.21896E-01
    6078.909     63.516   4.600  1.08488E+00  9.68057E-01  1.18153E-01
    6080.671     65.278   4.650  1.07585E+00  9.67418E-01  1.09754E-01
    6082.452     67.059   4.700  1.06294E+00  9.66778E-01  9.74104E-02
    6084.252     68.859   4.750  1.04740E+00  9.66138E-01  8.23786E-02
    6086.072     70.679   4.800  1.03063E+00  9.65499E-01  6.60735E-02
    6087.910     72.517   4.850  1.01394E+00  9.64994E-01  4.96901E-02
    6089.767     74.374   4.900  9.98298E-01  9.64489E-01  3.43470E-02
    6091.644     76.251   4.950  9.84226E-01  9.63984E-01  2.05789E-02
    6093.539     78.146   5.000  9.71695E-01  9.63479E-01  8.35849E-03
    6095.454     80.061   5.050  9.60049E-01  9.63051E-01 -3.05537E-03
    6097.387     81.994   5.100  9.48607E-01  9.62622E-01 -1.42786E-02
    6099.340     83.947   5.150  9.36619E-01  9.62194E-01 -2.60751E-02
    6101.312     85.919   5.200  9.23655E-01  9.61766E-01 -3.88840E-02
    6103.302     87.909   5.250  9.09590E-01  9.61299E-01 -5.27987E-02
    6105.312     89.919   5.300  8.95547E-01  9.60832E-01 -6.67130E-02
    6107.341     91.948   5.350  8.82908E-01  9.60365E-01 -7.92139E-02
    6109.389     93.996   5.400  8.73364E-01  9.59898E-01 -8.85661E-02
    6111.456     96.063   5.450  8.68661E-01  9.59483E-01 -9.30359E-02
    6113.542     98.149   5.500  8.70046E-01  9.59068E-01 -9.12721E-02
    6115.647    100.254   5.550  8.77915E-01  9.58653E-01 -8.28504E-02
    6117.771    102.378   5.600  8.91717E-01  9.58238E-01 -6.83217E-02
    6119.914    104.521   5.650  9.09990E-01  9.57661E-01 -4.90129E-02
    6122.076    106.683   5.700  9.30550E-01  9.57085E-01 -2.73107E-02
    6124.257    108.864   5.750  9.50924E-01  9.56509E-01 -5.75474E-03
    6126.458    111.064   5.800  9.68828E-01  9.55933E-01  1.33000E-02
    6128.677    113.284   5.850  9.82380E-01  9.55167E-01  2.81027E-02
    6130.915    115.522   5.900  9.90879E-01  9.54401E-01  3.77172E-02
    6133.173    117.780   5.950  9.94440E-01  9.53635E-01  4.22434E-02
    6135.449    120.056   6.000  9.93953E-01  9.52869E-01  4.25852E-02
    6137.745    122.351   6.050  9.90437E-01  9.51851E-01  4.00579E-02
    6140.059    124.666   6.100  9.85660E-01  9.50833E-01  3.62131E-02
    6142.393    127.000   6.150  9.80740E-01  9.49815E-01  3.22062E-02
    6144.745    129.352   6.200  9.76241E-01  9.48797E-01  2.86261E-02
    6147.117    131.724   6.250  9.72142E-01  9.47779E-01  2.54521E-02
    6149.508    134.115   6.300  9.67979E-01  9.46761E-01  2.22013E-02
    6151.918    136.525   6.350  9.63121E-01  9.45743E-01  1.82128E-02
    6154.347    138.954   6.400  9.57088E-01  9.44726E-01  1.29776E-02
    6156.795    141.401   6.450  9.49806E-01  9.43708E-01  6.41181E-03
    6159.261    143.868   6.500  9.41732E-01  9.42690E-01 -1.00867E-03
    6161.747    146.354   6.550  9.33656E-01  9.41384E-01 -8.15308E-03
    6164.253    148.859   6.600  9.27040E-01  9.40077E-01 -1.37803E-02
    6166.777    151.384   6.650  9.23016E-01  9.38771E-01 -1.66838E-02
    6169.320    153.927   6.700  9.22274E-01  9.37465E-01 -1.61162E-02
    6171.882    156.489   6.750  9.24822E-01  9.36159E-01 -1.20504E-02
    6174.463    159.070   6.800  9.29915E-01  9.34853E-01 -5.25911E-03
    6177.064    161.671   6.850  9.36187E-01  9.33547E-01  2.81633E-03
    6179.683    164.290   6.900  9.41952E-01  9.32241E-01  1.03803E-02
    6182.321    166.928   6.950  9.45596E-01  9.30935E-01  1.57007E-02
    6184.979    169.586   7.000  9.45962E-01  9.29629E-01  1.75240E-02
    6187.655    172.262   7.050  9.42555E-01  9.28378E-01  1.52350E-02
    6190.351    174.958   7.100  9.35826E-01  9.27128E-01  9.36298E-03
    6193.066    177.672   7.150  9.26991E-01  9.25878E-01  1.20023E-03
    6195.799    180.406   7.200  9.17696E-01  9.24627E-01 -7.48487E-03
    6198.552    183.159   7.250  9.09618E-01  9.23377E-01 -1.48823E-02
    6201.324    185.931   7.300  9.04061E-01  9.22126E-01 -1.95724E-02
    6204.115    188.721   7.350  9.01666E-01  9.20876E-01 -2.08468E-02
    6206.924    191.531   7.400  9.02293E-01  9.19625E-01 -1.88394E-02
    6209.753    194.360   7.450  9.05110E-01  9.18375E-01 -1.44425E-02
    6212.601    197.208   7.500  9.08840E-01  9.17124E-01 -9.03432E-03
    6215.468    200.075   7.550  9.12271E-01  9.16039E-01 -4.11389E-03
    6218.354    202.961   7.600  9.14145E-01  9.14953E-01 -8.83346E-04
    6221.259    205.866   7.650  9.13925E-01  9.13868E-01  6.26609E-05
    6224.184    208.791   7.700  9.11749E-01  9.12782E-01 -1.13176E-03
    6227.127    211.734   7.750  9.08360E-01  9.11697E-01 -3.65882E-03
    6230.089    214.696   7.800  9.04874E-01  9.10611E-01 -6.29892E-03
    6233.070    217.677   7.850  9.02449E-01  9.09526E-01 -7.77774E-03
    6236.071    220.678   7.900  9.01958E-01  9.08440E-01 -7.13202E-03
    6239.090    223.697   7.950  9.03734E-01  9.07355E-01 -3.98770E-03
    6242.129    226.736   8.000  9.07466E-01  9.06269E-01  1.32030E-03
    6245.186    229.793   8.050  9.12500E-01  9.05356E-01  7.88535E-03
    6248.263    232.870   8.100  9.17343E-01  9.04443E-01  1.42519E-02
    6251.358    235.965   8.150  9.20661E-01  9.03530E-01  1.89427E-02
    6254.473    239.080   8.200  9.21402E-01  9.02618E-01  2.07914E-02
    6257.607    242.214   8.250  9.19073E-01  9.01705E-01  1.92415E-02
    6260.759    245.366   8.300  9.13865E-01  9.00792E-01  1.44968E-02
    6263.931    248.538   8.350  9.06625E-01  8.99879E-01  7.48726E-03
    6267.122    251.729   8.400  8.98661E-01  8.98966E-01 -3.38876E-04
    6270.332    254.939   8.450  8.91448E-01  8.98053E-01 -7.34459E-03
    6273.561    258.168   8.500  8.86290E-01  8.97140E-01 -1.20764E-02
    6276.809    261.416   8.550  8.83914E-01  8.96096E-01 -1.35747E-02
    6280.076    264.683   8.600  8.84640E-01  8.95052E-01 -1.16141E-02
    6283.362    267.969   8.650  8.87966E-01  8.94008E-01 -6.74761E-03
    6286.667    271.274   8.700  8.92816E-01  8.92964E-01 -1.66317E-04
    6289.992    274.598   8.750  8.97794E-01  8.91921E-01  6.57318E-03
    6293.335    277.942   8.800  9.01495E-01  8.90877E-01  1.18963E-02
    6296.697    281.304   8.850  9.02809E-01  8.89833E-01  1.45535E-02
    6300.078    284.685   8.900  9.01156E-01  8.88789E-01  1.38847E-02
    6303.479    288.086   8.950  8.96598E-01  8.87745E-01  9.95077E-03
    6306.898    291.505   9.000  8.89818E-01  8.86701E-01  3.50765E-03
    6310.337    294.944   9.050  8.81759E-01  8.85492E-01 -4.20541E-03
    6313.794    298.401   9.100  8.73978E-01  8.84283E-01 -1.16255E-02
    6317.271    301.878   9.150  8.67775E-01  8.83074E-01 -1.72807E-02
    6320.767    305.374   9.200  8.64125E-01  8.81866E-01 -2.00644E-02
    6324.281    308.888   9.250  8.63481E-01  8.80657E-01 -1.94505E-02
    6327.815    312.422   9.300  8.65706E-01  8.79448E-01 -1.55828E-02
    6331.368    315.975   9.350  8.70112E-01  8.78239E-01 -9.22740E-03
    6334.940    319.547   9.400  8.75622E-01  8.77030E-01 -1.60160E-03
    6338.531    323.138   9.450  8.80988E-01  8.75822E-01  5.88131E-03
    6342.141    326.748   9.500  8.85050E-01  8.74613E-01  1.18964E-02
    6345.770    330.377   9.550  8.86861E-01  8.73292E-01  1.54887E-02
    6349.418    334.025   9.600  8.86120E-01  8.71971E-01  1.61745E-02
    6353.085    337.692   9.650  8.82926E-01  8.70650E-01  1.40539E-02
    6356.771    341.378   9.700  8.77833E-01  8.69329E-01  9.74889E-03
    6360.476    345.083   9.750  8.71706E-01  8.68008E-01  4.24519E-03
    6364.201    348.807   9.800  8.65529E-01  8.66687E-01 -1.33199E-03
    6367.944    352.551   9.850  8.60192E-01  8.65366E-01 -5.95768E-03
    6371.706    356.313   9.900  8.56318E-01  8.64045E-01 -8.91060E-03
    6375.488    360.095   9.950  8.54154E-01  8.62724E-01 -9.89711E-03
    6379.288    363.895  10.000  8.53559E-01  8.61404E-01 -9.07199E-03
    6383.108    367.714  10.050  8.54023E-01  8.60061E-01 -6.99319E-03
    6386.946    371.553  10.100  8.54989E-01  8.58718E-01 -4.32594E-03
    6390.804    375.411  10.150  8.55833E-01  8.57375E-01 -1.79161E-03
    6394.680    379.287  10.200  8.56081E-01  8.56032E-01  5.71076E-05
    6398.576    383.183  10.250  8.55518E-01  8.54689E-01  9.65294E-04
    6402.491    387.098  10.300  8.54220E-01  8.53347E-01  1.01946E-03
    6406.425    391.032  10.350  8.52514E-01  8.52004E-01  5.96684E-04
    6410.378    394.984  10.400  8.50861E-01  8.50661E-01  2.34206E-04
    6414.349    398.956  10.450  8.49707E-01  8.49318E-01  4.55381E-04
    6418.340    402.947  10.500  8.49337E-01  8.47975E-01  1.59908E-03
    6422.350    406.957  10.550  8.49778E-01  8.46633E-01  3.69929E-03
    6426.379    410.986  10.600  8.50764E-01  8.45290E-01  6.44865E-03
    6430.428    415.034  10.650  8.51794E-01  8.43947E-01  9.25763E-03
    6434.495    419.102  10.700  8.52248E-01  8.42604E-01  1.13958E-02
    6438.581    423.188  10.750  8.51552E-01  8.41261E-01  1.21791E-02
    6442.686    427.293  10.800  8.49330E-01  8.39918E-01  1.11551E-02
    6446.811    431.417  10.850  8.45514E-01  8.38576E-01  8.23671E-03
    6450.954    435.561  10.900  8.40385E-01  8.37233E-01  3.74838E-03
    6455.116    439.723  10.950  8.34523E-01  8.35890E-01 -1.62790E-03
    6459.298    443.905  11.000  8.28682E-01  8.34547E-01 -6.99538E-03
    6463.498    448.105  11.050  8.23536E-01  8.33166E-01 -1.15051E-02
    6467.718    452.325  11.100  8.19788E-01  8.31784E-01 -1.43557E-02
    6471.956    456.563  11.150  8.17786E-01  8.30402E-01 -1.51242E-02
    6476.214    460.821  11.200  8.17526E-01  8.29021E-01 -1.38038E-02
    6480.491    465.098  11.250  8.18671E-01  8.27639E-01 -1.07879E-02
    6484.787    469.393  11.300  8.20645E-01  8.26258E-01 -6.76302E-03
    6489.101    473.708  11.350  8.22770E-01  8.24876E-01 -2.54191E-03
    6493.435    478.042  11.400  8.24422E-01  8.23494E-01  1.12093E-03
    6497.788    482.395  11.450  8.25155E-01  8.22113E-01  3.68497E-03
    6502.160    486.767  11.500  8.24783E-01  8.20731E-01  4.91537E-03
    6506.551    491.158  11.550  8.23377E-01  8.19350E-01  4.89441E-03
    6510.961    495.568  11.600  8.21219E-01  8.17968E-01  3.95768E-03
    6515.390    499.997  11.650  8.18702E-01  8.16587E-01  2.57936E-03
    6519.838    504.445  11.700  8.16221E-01  8.15205E-01  1.24139E-03
    6524.306    508.912  11.750  8.14086E-01  8.13823E-01  3.21542E-04
    6528.792    513.399  11.800  8.12463E-01  8.12442E-01  2.60675E-05
    6533.297    517.904  11.850  8.11367E-01  8.11060E-01  3.76703E-04
    6537.822    522.428  11.900  8.10691E-01  8.09679E-01  1.24542E-03
    6542.365    526.972  11.950  8.10259E-01  8.08297E-01  2.41755E-03
    6546.927    531.534  12.000  8.09880E-01  8.06915E-01  3.65902E-03
    6551.509    536.116  12.050  8.09279E-01  8.05413E-01  4.78092E-03
    6556.109    540.716  12.100  8.08450E-01  8.03910E-01  5.62496E-03
    6560.729    545.336  12.150  8.07312E-01  8.02408E-01  6.08860E-03
    6565.368    549.975  12.200  8.05804E-01  8.00905E-01  6.09359E-03
    6570.025    554.632  12.250  8.03870E-01  7.99402E-01  5.56722E-03
    6574.702    559.309  12.300  8.01457E-01  7.97900E-01  4.44132E-03
    6579.398    564.005  12.350  7.98536E-01  7.96397E-01  2.67573E-03
    6584.113    568.720  12.400  7.95134E-01  7.94895E-01  3.00035E-04
    6588.847    573.454  12.450  7.91367E-01  7.93392E-01 -2.54252E-03
    6593.600    578.207  12.500  7.87461E-01  7.91889E-01 -5.57062E-03
    6598.372    582.979  12.550  7.83740E-01  7.90387E-01 -8.37840E-03
    6603.163    587.770  12.600  7.80574E-01  7.88884E-01 -1.04945E-02
    6607.973    592.580  12.650  7.78309E-01  7.87382E-01 -1.14793E-02
    6612.802    597.409  12.700  7.77173E-01  7.85879E-01 -1.10370E-02
    6617.650    602.257  12.750  7.77202E-01  7.84376E-01 -9.11238E-03
    6622.517    607.124  12.800  7.78207E-01  7.82874E-01 -5.93868E-03
    6627.404    612.011  12.850  7.79789E-01  7.81371E-01 -2.01717E-03
    6632.309    616.916  12.900  7.81415E-01  7.79869E-01  1.97554E-03
    6637.234    621.840  12.950  7.82533E-01  7.78366E-01  5.33376E-03
    6642.177    626.784  13.000  7.82701E-01  7.76863E-01  7.48693E-03
    6647.139    631.746  13.050  7.81718E-01  7.75356E-01  8.17533E-03
    6652.121    636.728  13.100  7.79600E-01  7.73849E-01  7.40512E-03
    6657.122    641.729  13.150  7.76641E-01  7.72342E-01  5.54672E-03
    6662.141    646.748  13.200  7.73316E-01  7.70835E-01  3.20763E-03
    6667.180    651.787  13.250  7.70152E-01  7.69328E-01  1.06798E-03
    6672.238    656.845  13.300  7.67585E-01  7.67820E-01 -3.05766E-04
    6677.315    661.921  13.350  7.65839E-01  7.66313E-01 -6.16888E-04
    6682.410    667.017  13.400  7.64868E-01  7.64806E-01  8.03778E-05
    6687.525    672.132  13.450  7.64371E-01  7.63299E-01  1.39946E-03
    6692.659    677.266  13.500  7.63883E-01  7.61792E-01  2.73675E-03
    6697.812    682.419  13.550  7.62918E-01  7.60285E-01  3.45263E-03
    6702.984    687.591  13.600  7.61113E-01  7.58777E-01  3.06754E-03
    6708.175    692.782  13.650  7.58347E-01  7.57270E-01  1.41715E-03
    6713.386    697.992  13.700  7.54793E-01  7.55763E-01 -1.27931E-03
    6718.615    703.222  13.750  7.50882E-01  7.54256E-01 -4.45902E-03
    6723.863    708.470  13.800  7.47195E-01  7.52749E-01 -7.35533E-03
    6729.130    713.737  13.850  7.44309E-01  7.51242E-01 -9.20006E-03
    6734.417    719.024  13.900  7.42640E-01  7.49734E-01 -9.43296E-03
    6739.722    724.329  13.950  7.42328E-01  7.48227E-01 -7.86016E-03
    6745.047    729.653  14.000  7.43187E-01  7.46720E-01 -4.71745E-03
    6750.390    734.997  14.050  7.44716E-01  7.45167E-01 -6.04077E-04
    6755.753    740.359  14.100  7.46332E-01  7.43615E-01  3.64365E-03
    6761.134    745.741  14.150  7.47384E-01  7.42062E-01  7.15168E-03
    6766.535    751.142  14.200  7.47365E-01  7.40509E-01  9.23237E-03
    6771.955    756.561  14.250  7.46030E-01  7.38956E-01  9.54590E-03
    6777.393    762.000  14.300  7.43443E-01  7.37404E-01  8.16775E-03
    6782.851    767.458  14.350  7.39944E-01  7.35851E-01  5.54736E-03
    6788.328    772.935  14.400  7.36045E-01  7.34298E-01  2.37310E-03
    6793.824    778.431  14.450  7.32293E-01  7.32745E-01 -6.15873E-04
    6799.339    783.946  14.500  7.29127E-01  7.31192E-01 -2.81784E-03
    6804.873    789.480  14.550  7.26783E-01  7.29640E-01 -3.90609E-03
    6810.426    795.033  14.600  7.25254E-01  7.28087E-01 -3.88184E-03
    6815.998    800.605  14.650  7.24325E-01  7.26534E-01 -3.03408E-03
    6821.589    806.196  14.700  7.23656E-01  7.24981E-01 -1.82469E-03
    6827.199    811.806  14.750  7.22894E-01  7.23429E-01 -7.36955E-04
    6832.829    817.435  14.800  7.21779E-01  7.21876E-01 -1.33795E-04
    6838.477    823.084  14.850  7.20204E-01  7.20323E-01 -1.65727E-04
    6844.144    828.751  14.900  7.18229E-01  7.18770E-01 -7.51249E-04
    6849.831    834.438  14.950  7.16047E-01  7.17218E-01 -1.62918E-03
    6855.536    840.143  15.000  7.13900E-01  7.15665E-01 -2.46089E-03
    6861.261    845.867  15.050  7.11967E-01  7.14078E-01 -2.95044E-03
    6867.004    851.611  15.100  7.10419E-01  7.12491E-01 -2.90296E-03
    6872.767    857.374  15.150  7.09247E-01  7.10904E-01 -2.32632E-03
    6878.548    863.155  15.200  7.08327E-01  7.09317E-01 -1.39289E-03
    6884.349    868.956  15.250  7.07469E-01  7.07729E-01 -3.67695E-04
    6890.169    874.776  15.300  7.06490E-01  7.06142E-01  4.90825E-04
    6896.008    880.615  15.350  7.05277E-01  7.04555E-01  1.02289E-03
    6901.865    886.472  15.400  7.03828E-01  7.02968E-01  1.22095E-03
    6907.742    892.349  15.450  7.02243E-01  7.01381E-01  1.22689E-03
    6913.638    898.245  15.500  7.00687E-01  6.99794E-01  1.27415E-03
    6919.553    904.160  15.550  6.99322E-01  6.98207E-01  1.59417E-03
    6925.487    910.094  15.600  6.98237E-01  6.96620E-01  2.31899E-03
    6931.440    916.047  15.650  6.97408E-01  6.95033E-01  3.41297E-03
    6937.413    922.020  15.700  6.96680E-01  6.93446E-01  4.65819E-03
    6943.404    928.011  15.750  6.95808E-01  6.91859E-01  5.70098E-03
    6949.414    934.021  15.800  6.94520E-01  6.90272E-01  6.14757E-03
    6955.443    940.050  15.850  6.92601E-01  6.88684E-01  5.68138E-03
    6961.492    946.099  15.900  6.89964E-01  6.87097E-01  4.16690E-03
    6967.559    952.166  15.950  6.86683E-01  6.85510E-01  1.70829E-03
    6973.646    958.252  16.000  6.82995E-01  6.83923E-01 -1.35580E-03
    6979.751    964.358  16.050  6.79253E-01  6.82352E-01 -4.53827E-03
    6985.876    970.483  16.100  6.75820E-01  6.80781E-01 -7.28058E-03
    6992.019    976.626  16.150  6.73025E-01  6.79210E-01 -9.09816E-03
    6998.182    982.789  16.200  6.71069E-01  6.77639E-01 -9.68695E-03
    7004.364    988.970  16.250  6.69988E-01  6.76067E-01 -8.98638E-03
    7010.564    995.171  16.300  6.69650E-01  6.74496E-01 -7.18039E-03
    7016.784   1001.391  16.350  6.69801E-01  6.72925E-01 -4.63934E-03
    7023.023   1007.630  16.400  6.70130E-01  6.71354E-01 -1.82159E-03
    7029.281   1013.888  16.450  6.70343E-01  6.69783E-01  8.36300E-04
    7035.558   1020.165  16.500  6.70224E-01  6.68212E-01  3.01041E-03
    7041.854   1026.461  16.550  6.69667E-01  6.66640E-01  4.53862E-03
    7048.169   1032.776  16.600  6.68675E-01  6.65069E-01  5.41931E-03
    7054.503   1039.110  16.650  6.67325E-01  6.63498E-01  5.76617E-03
    7060.856   1045.463  16.700  6.65727E-01  6.61927E-01  5.73856E-03
    7067.228   1051.835  16.750  6.63970E-01  6.60356E-01  5.47229E-03
    7073.620   1058.226  16.800  6.62102E-01  6.58785E-01  5.03382E-03
    7080.030   1064.637  16.850  6.60113E-01  6.57214E-01  4.41110E-03
    7086.459   1071.066  16.900  6.57964E-01  6.55642E-01  3.54133E-03
    7092.908   1077.515  16.950  6.55617E-01  6.54071E-01  2.36320E-03
    7099.375   1083.982  17.000  6.53070E-01  6.52500E-01  8.72813E-04
    7105.862   1090.468  17.050  6.50393E-01  6.50934E-01 -8.30565E-04
    7112.367   1096.974  17.100  6.47709E-01  6.49368E-01 -2.55576E-03
    7118.892   1103.499  17.150  6.45177E-01  6.47802E-01 -4.05286E-03
    7125.435   1110.042  17.200  6.42963E-01  6.46236E-01 -5.06654E-03
    7131.998   1116.605  17.250  6.41186E-01  6.44670E-01 -5.40610E-03
    7138.580   1123.187  17.300  6.39886E-01  6.43104E-01 -5.00503E-03
    7145.181   1129.788  17.350  6.39004E-01  6.41538E-01 -3.95086E-03
    7151.800   1136.407  17.400  6.38390E-01  6.39972E-01 -2.47391E-03
    7158.439   1143.046  17.450  6.37834E-01  6.38406E-01 -8.96236E-04
    7165.097   1149.704  17.500  6.37124E-01  6.36840E-01  4.46616E-04
    7171.774   1156.381  17.550  6.36093E-01  6.35274E-01  1.28978E-03
    7178.470   1163.077  17.600  6.34662E-01  6.33708E-01  1.50592E-03
    7185.185   1169.792  17.650  6.32860E-01  6.32142E-01  1.13612E-03
    7191.920   1176.526  17.700  6.30813E-01  6.30576E-01  3.76346E-04
    7198.673   1183.280  17.750  6.28711E-01  6.29010E-01 -4.76909E-04
    7205.445   1190.052  17.800  6.26750E-01  6.27444E-01 -1.10664E-03
    7212.236   1196.843  17.850  6.25091E-01  6.25878E-01 -1.25934E-03
    7219.047   1203.654  17.900  6.23807E-01  6.24312E-01 -8.10678E-04
    7225.876   1210.483  17.950  6.22873E-01  6.22746E-01  2.03780E-04
    7232.725   1217.331  18.000  6.22173E-01  6.21180E-01  1.59952E-03
    7239.592   1224.199  18.050  6.21557E-01  6.19629E-01  3.11431E-03
    7246.479   1231.085  18.100  6.20801E-01  6.18077E-01  4.41121E-03
    7253.384   1237.991  18.150  6.19734E-01  6.16525E-01  5.20911E-03
    7260.309   1244.916  18.200  6.18247E-01  6.14974E-01  5.32765E-03
    7267.252   1251.859  18.250  6.16314E-01  6.13422E-01  4.71951E-03
    7274.215   1258.822  18.300  6.13991E-01  6.11870E-01  3.46950E-03
    7281.197   1265.804  18.350  6.11394E-01  6.10319E-01  1.76450E-03
    7288.198   1272.805  18.400  6.08673E-01  6.08767E-01 -1.54495E-04
    7295.218   1279.825  18.450  6.05976E-01  6.07215E-01 -2.04377E-03
    7302.257   1286.864  18.500  6.03426E-01  6.05664E-01 -3.69848E-03
    7309.315   1293.922  18.550  6.01109E-01  6.04112E-01 -4.97594E-03
    7316.392   1300.999  18.600  5.99070E-01  6.02560E-01 -5.79867E-03
    7323.488   1308.095  18.650  5.97322E-01  6.01009E-01 -6.14211E-03
    7330.603   1315.210  18.700  5.95855E-01  5.99457E-01 -6.01522E-03
    7337.737   1322.344  18.750  5.94655E-01  5.97905E-01 -5.44361E-03
    7344.890   1329.497  18.800  5.93696E-01  5.96354E-01 -4.46173E-03
    7352.063   1336.670  18.850  5.92951E-01  5.94802E-01 -3.11616E-03
    7359.254   1343.861  18.900  5.92375E-01  5.93250E-01 -1.47688E-03
    7366.464   1351.071  18.950  5.91906E-01  5.91699E-01  3.50183E-04
    7373.694   1358.301  19.000  5.91454E-01  5.90147E-01  2.21743E-03
    7380.942   1365.549  19.050  5.90965E-01  5.88638E-01  3.95933E-03
    7388.210   1372.817  19.100  5.90276E-01  5.87128E-01  5.36784E-03
    7395.497   1380.103  19.150  5.89281E-01  5.85619E-01  6.26155E-03
    7402.802   1387.409  19.200  5.87909E-01  5.84109E-01  6.51346E-03
    7410.127   1394.734  19.250  5.86138E-01  5.82600E-01  6.08121E-03
    7417.471   1402.078  19.300  5.84005E-01  5.81090E-01  5.02236E-03
    7424.833   1409.440  19.350  5.81600E-01  5.79581E-01  3.48922E-03
    7432.215   1416.822  19.400  5.79055E-01  5.78071E-01  1.70318E-03
    7439.616   1424.223  19.450  5.76512E-01  5.76562E-01 -8.63759E-05
    7447.036   1431.643  19.500  5.74106E-01  5.75052E-01 -1.64893E-03
    7454.475   1439.082  19.550  5.71931E-01  5.73543E-01 -2.81460E-03
    7461.933   1446.540  19.600  5.70034E-01  5.72034E-01 -3.50090E-03
    7469.410   1454.017  19.650  5.68405E-01  5.70524E-01 -3.71895E-03
    7476.906   1461.513  19.700  5.66993E-01  5.69015E-01 -3.55842E-03
    7484.422   1469.028  19.750  5.65716E-01  5.67505E-01 -3.15648E-03
    7491.956   1476.563  19.800  5.64493E-01  5.65996E-01 -2.65912E-03
    7499.509   1484.116  19.850  5.63254E-01  5.64486E-01 -2.18529E-03
    7507.081   1491.688  19.900  5.61964E-01  5.62977E-01 -1.80235E-03
    7514.673   1499.280  19.950  5.60616E-01  5.61467E-01 -1.51807E-03
    7522.283   1506.890  20.000  5.59237E-01  5.59958E-01 -1.28975E-03
