# # Once                                                         FEFF 9.6.4  
# # POT  SCF 100  6.0000   0, core-hole, AFOLP (folp(0)= 1.150)
# # Abs   Z=26 Rmt= 1.407 Rnm= 1.475 K  shell
# # Pot 1 Z=26 Rmt= 1.419 Rnm= 1.490
# # Pot 2 Z=14 Rmt= 1.373 Rnm= 1.434
# # Pot 3 Z=26 Rmt= 1.405 Rnm= 1.465
# # Pot 4 Z=57 Rmt= 1.933 Rnm= 1.947
# # Gam_ch=1.309E+00 H-L exch Vi= 0.000E+00 Vr= 0.000E+00
# # Mu=-1.511E+01 kf=1.982E+00 Vint=-2.248E+01 Rs_int= 1.830
# # PATH  Rmax= 6.000,  Keep_limit= 0.00, Heap_limit 0.00  Pwcrit= 2.50%
#  S02=0.800  Temp=  20.00  Debye_temp= 370.00  Global_sig2= 0.05000
#  Energy zero shift, vr, vi    0.00000E+00   0.00000E+00
#  Curved wave amplitude ratio filter   4.000%
#     file         sig2 tot  cw amp ratio   deg  nlegs   reff  inp sig2
#           1       0.05420    100.00      1.00     2   2.4817
#           2       0.05276    629.00      7.00     2   2.4817
#           3       0.05425     33.66      8.00     3   3.7636
#           4       0.05315     68.60     16.00     3   3.7636
#           5       0.05325     18.13      6.00     3   3.8847
#           6       0.05527     52.81      2.00     2   3.9599
#           7       0.05353    195.90      6.00     2   3.9599
#           8       0.05400     17.17      2.00     3   4.4150
#           9       0.05504     16.38      4.00     3   4.4150
#          10       0.05352     47.04     10.00     3   4.4150
#          11       0.05561     12.00      2.00     3   4.5130
#          12       0.05412     12.69      2.00     3   4.5130
#          13       0.05507     15.43      4.00     3   4.5130
#          14       0.05355     58.41     16.00     3   4.5130
#          15       0.05508      5.20      2.00     3   4.5287
#          16       0.05353     12.09      4.00     3   4.5287
#          17       0.05510     12.08      4.00     3   4.6066
#          18       0.05353     39.35     12.00     3   4.6066
#          19       0.05514     14.96      1.00     2   4.8049
#          20       0.05343    100.40      5.00     2   4.8049
#          21       0.05347     54.13      2.00     3   4.8375
#          22       0.05513     24.61      2.00     3   4.8375
#          23       0.05343    120.90      8.00     3   4.8375
#          24       0.05369     34.31      1.00     4   4.8701
#          26       0.05523     12.38      1.00     4   4.8701
#          27       0.05354     51.54      4.00     4   4.8701
#          28       0.05481      6.82      5.00     4   4.8701
#          29       0.05341     46.21      4.00     3   4.9633
#          30       0.05341     38.63      4.00     4   4.9633
#          31       0.06680      4.64      1.00     4   4.9633
#          32       0.05616      4.30      4.00     4   4.9633
#          33       0.06106     36.36      7.00     4   4.9633
#          34       0.05459     18.74     12.00     4   4.9633
#          35       0.05480      5.34      4.00     4   4.9633
#          36       0.05819     10.90      8.00     4   4.9633
#          37       0.05641      9.85      6.00     4   4.9633
#          38       0.05678     29.16     16.00     4   4.9633
#          39       0.05240    113.30      4.00     2   4.9796
#          40       0.06151     11.49      4.00     4   5.0455
#          41       0.05859      6.47      4.00     4   5.0455
#          42       0.05709     34.63     16.00     4   5.0455
#          43       0.05517      5.55      8.00     4   5.0661
#          44       0.05760      9.68      6.00     4   5.2877
#          45       0.05374      6.62      8.00     3   5.2940
#          46       0.05374     13.57     16.00     3   5.3363
#          47       0.05382      6.76      4.00     3   5.3629
#          48       0.05303     33.92      4.00     3   5.3978
#          49       0.05259     74.60     20.00     3   5.3978
#          50       0.05447     12.76      6.00     3   5.6643
#          51       0.05368      7.64      8.00     3   5.6643
#          52       0.05367     14.51     14.00     3   5.7077
#          53       0.05505      8.93      1.00     2   5.7104
#          54       0.05336     88.09      7.00     2   5.7104
#          55       0.05367      6.08      6.00     3   5.7164
#          56       0.05368      7.17      4.00     4   5.7403
#          57       0.05364      9.28     10.00     4   5.7403
#          58       0.05337     48.00      4.00     2   5.7500
#          59       0.05361     16.18     14.00     3   5.7593
#          60       0.05348     22.68      2.00     3   5.7849
#          61       0.05506      7.70      2.00     3   5.7849
#          62       0.05340     57.05     12.00     3   5.7849
#          63       0.05360      9.36      8.00     3   5.7940
#          64       0.05564      7.20      2.00     4   5.8160
#          65       0.05391      8.07     10.00     4   5.8160
#          66       0.05398     11.41      1.00     4   5.8594
#          67       0.05366      9.39      6.00     4   5.8594
#          68       0.05637      5.11      8.00     4   5.8885
#          69       0.05528      6.19     16.00     4   5.8885
#          70       0.05367      5.62     10.00     3   5.9272
#          71       0.05383      5.39      4.00     4   5.9598
#          72       0.05380      4.59      6.00     4   5.9598
#    71/  72 paths used
#  xsedge+50, used to normalize mu           3.1853E-04
#  -----------------------------------------------------------------------
#  omega    e    k    mu    mu0     chi     @#
    7119.138    -15.113   0.000  4.93384E-01  2.89845E-01  4.08090E-01
    7119.147    -15.104   0.050  4.86507E-01  2.94962E-01  3.83105E-01
    7119.176    -15.075   0.100  4.79608E-01  3.00080E-01  3.58196E-01
    7119.224    -15.028   0.150  4.61182E-01  3.15300E-01  2.88947E-01
    7119.290    -14.961   0.200  4.43132E-01  3.30520E-01  2.21439E-01
    7119.376    -14.875   0.250  4.19073E-01  3.53852E-01  1.26747E-01
    7119.481    -14.770   0.300  3.97926E-01  3.77184E-01  3.98435E-02
    7119.605    -14.647   0.350  3.76264E-01  4.03543E-01 -5.15750E-02
    7119.748    -14.504   0.400  3.61820E-01  4.29902E-01 -1.26731E-01
    7119.909    -14.342   0.450  3.50078E-01  4.54610E-01 -1.90881E-01
    7120.090    -14.161   0.500  3.48935E-01  4.79319E-01 -2.33640E-01
    7120.290    -13.961   0.550  3.51673E-01  5.01264E-01 -2.62267E-01
    7120.510    -13.742   0.600  3.65709E-01  5.23208E-01 -2.70293E-01
    7120.748    -13.504   0.650  3.82781E-01  5.43192E-01 -2.68845E-01
    7121.005    -13.246   0.700  4.09258E-01  5.63176E-01 -2.52060E-01
    7121.281    -12.970   0.750  4.36578E-01  5.82105E-01 -2.32486E-01
    7121.576    -12.675   0.800  4.70516E-01  6.01034E-01 -2.03526E-01
    7121.891    -12.361   0.850  5.06934E-01  6.19452E-01 -1.71108E-01
    7122.224    -12.027   0.900  5.47714E-01  6.37871E-01 -1.33785E-01
    7122.576    -11.675   0.950  5.86020E-01  6.55939E-01 -1.01208E-01
    7122.948    -11.303   1.000  6.19960E-01  6.74007E-01 -7.63617E-02
    7123.338    -10.913   1.050  6.45406E-01  6.91686E-01 -6.38426E-02
    7123.748    -10.503   1.100  6.63168E-01  7.09364E-01 -6.22573E-02
    7124.177    -10.075   1.150  6.73298E-01  7.26474E-01 -7.00664E-02
    7124.624     -9.627   1.200  6.77431E-01  7.43584E-01 -8.52641E-02
    7125.091     -9.160   1.250  6.77627E-01  7.59901E-01 -1.03857E-01
    7125.577     -8.674   1.300  6.76963E-01  7.76218E-01 -1.22762E-01
    7126.082     -8.170   1.350  6.77582E-01  7.91489E-01 -1.38262E-01
    7126.606     -7.646   1.400  6.82713E-01  8.06759E-01 -1.47817E-01
    7127.148     -7.103   1.450  6.92629E-01  8.20763E-01 -1.50177E-01
    7127.710     -6.541   1.500  7.09544E-01  8.34767E-01 -1.44391E-01
    7128.291     -5.960   1.550  7.31120E-01  8.47301E-01 -1.32067E-01
    7128.892     -5.360   1.600  7.58350E-01  8.59836E-01 -1.13751E-01
    7129.511     -4.741   1.650  7.87179E-01  8.70766E-01 -9.25778E-02
    7130.149     -4.103   1.700  8.17919E-01  8.81696E-01 -6.98093E-02
    7130.806     -3.445   1.750  8.46312E-01  8.90939E-01 -4.83819E-02
    7131.482     -2.769   1.800  8.73225E-01  9.00183E-01 -2.89496E-02
    7132.178     -2.074   1.850  8.95486E-01  9.07696E-01 -1.30154E-02
    7132.892     -1.359   1.900  9.15095E-01  9.15210E-01 -1.21607E-04
    7133.625     -0.626   1.950  9.30704E-01  9.20926E-01  1.02922E-02
    7134.378      0.127   2.000  9.43810E-01  9.26643E-01  1.79763E-02
    7135.149      0.898   2.050  9.54357E-01  9.29608E-01  2.58630E-02
    7135.940      1.689   2.100  9.63468E-01  9.32573E-01  3.22202E-02
    7136.750      2.498   2.150  9.71354E-01  9.35538E-01  3.72759E-02
    7137.578      3.327   2.200  9.77831E-01  9.38503E-01  4.08486E-02
    7138.426      4.175   2.250  9.81685E-01  9.40522E-01  4.27965E-02
    7139.293      5.041   2.300  9.82249E-01  9.42540E-01  4.13252E-02
    7140.179      5.927   2.350  9.79436E-01  9.44559E-01  3.63329E-02
    7141.083      6.832   2.400  9.73895E-01  9.46578E-01  2.84852E-02
    7142.007      7.756   2.450  9.71749E-01  9.52140E-01  2.03861E-02
    7142.950      8.699   2.500  9.68802E-01  9.57701E-01  1.15060E-02
    7143.912      9.661   2.550  9.66681E-01  9.63263E-01  3.53223E-03
    7144.893     10.642   2.600  9.66526E-01  9.68824E-01 -2.36806E-03
    7145.894     11.642   2.650  9.64166E-01  9.71581E-01 -7.61973E-03
    7146.913     12.661   2.700  9.63919E-01  9.74337E-01 -1.06785E-02
    7147.951     13.700   2.750  9.65966E-01  9.77093E-01 -1.13757E-02
    7149.008     14.757   2.800  9.69970E-01  9.79850E-01 -1.00746E-02
    7150.085     15.833   2.850  9.73205E-01  9.81333E-01 -8.27307E-03
    7151.180     16.929   2.900  9.77248E-01  9.82816E-01 -5.65645E-03
    7152.294     18.043   2.950  9.81575E-01  9.84299E-01 -2.76201E-03
    7153.428     19.176   3.000  9.85717E-01  9.85781E-01 -6.46882E-05
    7154.580     20.329   3.050  9.88028E-01  9.86266E-01  1.78119E-03
    7155.752     21.501   3.100  9.89577E-01  9.86751E-01  2.85194E-03
    7156.943     22.691   3.150  9.90442E-01  9.87236E-01  3.23179E-03
    7158.152     23.901   3.200  9.90868E-01  9.87721E-01  3.16742E-03
    7159.381     25.130   3.250  9.90689E-01  9.87996E-01  2.70925E-03
    7160.629     26.377   3.300  9.90587E-01  9.88271E-01  2.32817E-03
    7161.895     27.644   3.350  9.90882E-01  9.88546E-01  2.34601E-03
    7163.181     28.930   3.400  9.91778E-01  9.88821E-01  2.96802E-03
    7164.486     30.235   3.450  9.92631E-01  9.88754E-01  3.88815E-03
    7165.810     31.559   3.500  9.93996E-01  9.88686E-01  5.32059E-03
    7167.153     32.902   3.550  9.95684E-01  9.88619E-01  7.07327E-03
    7168.515     34.264   3.600  9.97406E-01  9.88552E-01  8.85688E-03
    7169.896     35.645   3.650  9.98926E-01  9.88771E-01  1.01509E-02
    7171.297     37.045   3.700  9.99833E-01  9.88990E-01  1.08300E-02
    7172.716     38.465   3.750  9.99921E-01  9.89210E-01  1.06915E-02
    7174.154     39.903   3.800  9.99097E-01  9.89429E-01  9.64258E-03
    7175.611     41.360   3.850  9.97299E-01  9.89749E-01  7.52321E-03
    7177.088     42.836   3.900  9.94820E-01  9.90068E-01  4.73008E-03
    7178.583     44.332   3.950  9.91942E-01  9.90388E-01  1.54565E-03
    7180.098     45.846   4.000  9.88989E-01  9.90707E-01 -1.70677E-03
    7181.631     47.380   4.050  9.86507E-01  9.91244E-01 -4.70105E-03
    7183.184     48.932   4.100  9.84605E-01  9.91780E-01 -7.11465E-03
    7184.755     50.504   4.150  9.83445E-01  9.92317E-01 -8.78786E-03
    7186.346     52.095   4.200  9.83081E-01  9.92853E-01 -9.67033E-03
    7187.956     53.704   4.250  9.83681E-01  9.93527E-01 -9.73404E-03
    7189.585     55.333   4.300  9.84916E-01  9.94200E-01 -9.17006E-03
    7191.232     56.981   4.350  9.86603E-01  9.94874E-01 -8.16163E-03
    7192.899     58.648   4.400  9.88551E-01  9.95547E-01 -6.89671E-03
    7194.585     60.334   4.450  9.90721E-01  9.96289E-01 -5.48537E-03
    7196.290     62.039   4.500  9.92856E-01  9.97032E-01 -4.10988E-03
    7198.014     63.763   4.550  9.94873E-01  9.97774E-01 -2.85244E-03
    7199.757     65.506   4.600  9.96735E-01  9.98516E-01 -1.74979E-03
    7201.519     67.268   4.650  9.98166E-01  9.98969E-01 -7.88985E-04
    7203.300     69.049   4.700  9.99441E-01  9.99422E-01  1.82557E-05
    7205.101     70.849   4.750  1.00059E+00  9.99876E-01  6.97588E-04
    7206.920     72.669   4.800  1.00163E+00  1.00033E+00  1.27809E-03
    7208.758     74.507   4.850  1.00242E+00  1.00061E+00  1.77505E-03
    7210.616     76.364   4.900  1.00314E+00  1.00089E+00  2.20922E-03
    7212.492     78.241   4.950  1.00382E+00  1.00117E+00  2.59476E-03
    7214.388     80.136   5.000  1.00445E+00  1.00145E+00  2.93436E-03
    7216.302     82.051   5.050  1.00478E+00  1.00149E+00  3.22074E-03
    7218.236     83.984   5.100  1.00504E+00  1.00153E+00  3.43837E-03
    7220.188     85.937   5.150  1.00520E+00  1.00157E+00  3.55866E-03
    7222.160     87.909   5.200  1.00523E+00  1.00161E+00  3.54874E-03
    7224.151     89.899   5.250  1.00462E+00  1.00116E+00  3.39487E-03
    7226.160     91.909   5.300  1.00383E+00  1.00070E+00  3.06739E-03
    7228.189     93.938   5.350  1.00286E+00  1.00024E+00  2.56780E-03
    7230.237     95.986   5.400  1.00175E+00  9.99789E-01  1.92160E-03
    7232.304     98.053   5.450  1.00034E+00  9.99132E-01  1.18890E-03
    7234.390    100.139   5.500  9.98898E-01  9.98476E-01  4.15108E-04
    7236.495    102.244   5.550  9.97485E-01  9.97819E-01 -3.28536E-04
    7238.619    104.368   5.600  9.96174E-01  9.97163E-01 -9.74489E-04
    7240.762    106.511   5.650  9.94745E-01  9.96249E-01 -1.48343E-03
    7242.924    108.673   5.700  9.93490E-01  9.95336E-01 -1.82277E-03
    7245.106    110.854   5.750  9.92412E-01  9.94422E-01 -1.98698E-03
    7247.306    113.055   5.800  9.91494E-01  9.93509E-01 -1.99414E-03
    7249.525    115.274   5.850  9.90439E-01  9.92359E-01 -1.90211E-03
    7251.763    117.512   5.900  9.89464E-01  9.91209E-01 -1.73113E-03
    7254.021    119.770   5.950  9.88530E-01  9.90058E-01 -1.51867E-03
    7256.297    122.046   6.000  9.87609E-01  9.88908E-01 -1.29285E-03
    7258.593    124.342   6.050  9.86649E-01  9.87749E-01 -1.09577E-03
    7260.907    126.656   6.100  9.85690E-01  9.86589E-01 -8.97398E-04
    7263.241    128.990   6.150  9.84738E-01  9.85429E-01 -6.91235E-04
    7265.594    131.342   6.200  9.83802E-01  9.84270E-01 -4.68632E-04
    7267.965    133.714   6.250  9.82886E-01  9.83110E-01 -2.25296E-04
    7270.356    136.105   6.300  9.81985E-01  9.81951E-01  3.39601E-05
    7272.766    138.515   6.350  9.81083E-01  9.80791E-01  2.93771E-04
    7275.195    140.944   6.400  9.80158E-01  9.79632E-01  5.30507E-04
    7277.643    143.392   6.450  9.79184E-01  9.78472E-01  7.17624E-04
    7280.110    145.858   6.500  9.78137E-01  9.77312E-01  8.32452E-04
    7282.596    148.344   6.550  9.77200E-01  9.76298E-01  9.12093E-04
    7285.101    150.850   6.600  9.76184E-01  9.75284E-01  9.11824E-04
    7287.625    153.374   6.650  9.75092E-01  9.74270E-01  8.34565E-04
    7290.168    155.917   6.700  9.73940E-01  9.73255E-01  6.95189E-04
    7292.730    158.479   6.750  9.72749E-01  9.72241E-01  5.17297E-04
    7295.312    161.060   6.800  9.71549E-01  9.71227E-01  3.28130E-04
    7297.912    163.661   6.850  9.70362E-01  9.70212E-01  1.53021E-04
    7300.531    166.280   6.900  9.69209E-01  9.69198E-01  1.07795E-05
    7303.170    168.918   6.950  9.68097E-01  9.68184E-01 -8.88963E-05
    7305.827    171.576   7.000  9.67027E-01  9.67169E-01 -1.45558E-04
    7308.504    174.252   7.050  9.66103E-01  9.66276E-01 -1.77147E-04
    7311.199    176.948   7.100  9.65201E-01  9.65382E-01 -1.86129E-04
    7313.914    179.663   7.150  9.64311E-01  9.64488E-01 -1.81655E-04
    7316.648    182.396   7.200  9.63427E-01  9.63594E-01 -1.72029E-04
    7319.400    185.149   7.250  9.62542E-01  9.62700E-01 -1.62793E-04
    7322.172    187.921   7.300  9.61655E-01  9.61806E-01 -1.55972E-04
    7324.963    190.712   7.350  9.60767E-01  9.60912E-01 -1.50489E-04
    7327.773    193.521   7.400  9.59880E-01  9.60018E-01 -1.43458E-04
    7330.602    196.350   7.450  9.58997E-01  9.59124E-01 -1.31834E-04
    7333.450    199.198   7.500  9.58121E-01  9.58230E-01 -1.13863E-04
    7336.317    202.065   7.550  9.57255E-01  9.57349E-01 -9.77191E-05
    7339.203    204.951   7.600  9.56396E-01  9.56467E-01 -7.47524E-05
    7342.108    207.856   7.650  9.55541E-01  9.55586E-01 -4.71577E-05
    7345.032    210.781   7.700  9.54687E-01  9.54704E-01 -1.81703E-05
    7347.975    213.724   7.750  9.53831E-01  9.53823E-01  8.76412E-06
    7350.937    216.686   7.800  9.52971E-01  9.52941E-01  3.07842E-05
    7353.919    219.667   7.850  9.52104E-01  9.52060E-01  4.61530E-05
    7356.919    222.668   7.900  9.51230E-01  9.51178E-01  5.44307E-05
    7359.938    225.687   7.950  9.50350E-01  9.50297E-01  5.62933E-05
    7362.977    228.726   8.000  9.49466E-01  9.49415E-01  5.31167E-05
    7366.034    231.783   8.050  9.48369E-01  9.48320E-01  5.14199E-05
    7369.111    234.860   8.100  9.47270E-01  9.47225E-01  4.79173E-05
    7372.207    237.955   8.150  9.46171E-01  9.46130E-01  4.32864E-05
    7375.321    241.070   8.200  9.45071E-01  9.45035E-01  3.78615E-05
    7378.455    244.204   8.250  9.43970E-01  9.43940E-01  3.17183E-05
    7381.608    247.356   8.300  9.42868E-01  9.42845E-01  2.48535E-05
    7384.780    250.528   8.350  9.41766E-01  9.41750E-01  1.73781E-05
    7387.970    253.719   8.400  9.40664E-01  9.40655E-01  9.64543E-06
    7391.180    256.929   8.450  9.39562E-01  9.39560E-01  2.26545E-06
    7394.409    260.158   8.500  9.38461E-01  9.38465E-01 -4.00126E-06
    7397.657    263.406   8.550  9.37356E-01  9.37365E-01 -9.69777E-06
    7400.924    266.673   8.600  9.36252E-01  9.36265E-01 -1.43063E-05
    7404.210    269.959   8.650  9.35150E-01  9.35166E-01 -1.73387E-05
    7407.516    273.264   8.700  9.34049E-01  9.34066E-01 -1.85452E-05
    7410.840    276.589   8.750  9.32950E-01  9.32967E-01 -1.79650E-05
    7414.183    279.932   8.800  9.31853E-01  9.31867E-01 -1.59062E-05
    7417.545    283.294   8.850  9.30756E-01  9.30768E-01 -1.28637E-05
    7420.927    286.675   8.900  9.29659E-01  9.29668E-01 -9.40356E-06
    7424.327    290.076   8.950  9.28563E-01  9.28569E-01 -6.04732E-06
    7427.747    293.495   9.000  9.27466E-01  9.27469E-01 -3.18605E-06
    7431.185    296.934   9.050  9.26416E-01  9.26417E-01 -1.22653E-06
    7434.643    300.391   9.100  9.25365E-01  9.25365E-01  3.06269E-07
    7438.119    303.868   9.150  9.24314E-01  9.24312E-01  1.39231E-06
    7441.615    307.364   9.200  9.23262E-01  9.23260E-01  2.07929E-06
    7445.130    310.878   9.250  9.22210E-01  9.22208E-01  2.44829E-06
    7448.663    314.412   9.300  9.21158E-01  9.21156E-01  2.58280E-06
    7452.216    317.965   9.350  9.20106E-01  9.20103E-01  2.54906E-06
    7455.788    321.537   9.400  9.19053E-01  9.19051E-01  2.39039E-06
    7459.379    325.128   9.450  9.18001E-01  9.17999E-01  2.13298E-06
    7462.989    328.738   9.500  9.16948E-01  9.16947E-01  1.79714E-06
    7466.618    332.367   9.550  9.15893E-01  9.15891E-01  1.67163E-06
    7470.266    336.015   9.600  9.14837E-01  9.14835E-01  1.50041E-06
    7473.933    339.682   9.650  9.13781E-01  9.13780E-01  1.29012E-06
    7477.619    343.368   9.700  9.12725E-01  9.12724E-01  1.05342E-06
    7481.325    347.073   9.750  9.11669E-01  9.11669E-01  8.06105E-07
    7485.049    350.798   9.800  9.10614E-01  9.10613E-01  5.63392E-07
    7488.792    354.541   9.850  9.09558E-01  9.09558E-01  3.37241E-07
    7492.554    358.303   9.900  9.08502E-01  9.08502E-01  1.35889E-07
    7496.336    362.085   9.950  9.07446E-01  9.07446E-01 -3.44295E-08
    7500.136    365.885  10.000  9.06391E-01  9.06391E-01 -1.66815E-07
    7503.956    369.705  10.050  9.05212E-01  9.05212E-01 -3.05630E-07
    7507.794    373.543  10.100  9.04033E-01  9.04034E-01 -4.35821E-07
    7511.652    377.401  10.150  9.02855E-01  9.02855E-01 -5.48330E-07
    7515.529    381.277  10.200  9.01676E-01  9.01677E-01 -6.32125E-07
    7519.424    385.173  10.250  9.00498E-01  9.00498E-01 -6.76220E-07
    7523.339    389.088  10.300  8.99319E-01  8.99320E-01 -6.72434E-07
    7527.273    393.022  10.350  8.98141E-01  8.98141E-01 -6.18072E-07
    7531.226    396.975  10.400  8.96962E-01  8.96963E-01 -5.17625E-07
    7535.198    400.946  10.450  8.95784E-01  8.95784E-01 -3.82849E-07
    7539.189    404.937  10.500  8.94605E-01  8.94606E-01 -2.31013E-07
    7543.199    408.947  10.550  8.93427E-01  8.93427E-01 -8.16997E-08
    7547.228    412.976  10.600  8.92249E-01  8.92248E-01  4.70413E-08
    7551.276    417.025  10.650  8.91070E-01  8.91070E-01  1.42144E-07
    7555.343    421.092  10.700  8.89892E-01  8.89891E-01  1.97679E-07
    7559.429    425.178  10.750  8.88713E-01  8.88713E-01  2.15176E-07
    7563.534    429.283  10.800  8.87535E-01  8.87534E-01  2.02147E-07
    7567.659    433.407  10.850  8.86356E-01  8.86356E-01  1.69359E-07
    7571.802    437.551  10.900  8.85177E-01  8.85177E-01  1.27760E-07
    7575.965    441.713  10.950  8.83999E-01  8.83999E-01  8.59908E-08
    7580.146    445.895  11.000  8.82820E-01  8.82820E-01  4.91647E-08
    7584.347    450.095  11.050  8.81533E-01  8.81532E-01  4.22846E-08
    7588.566    454.315  11.100  8.80245E-01  8.80245E-01  3.62388E-08
    7592.805    458.553  11.150  8.78957E-01  8.78957E-01  3.03733E-08
    7597.062    462.811  11.200  8.77669E-01  8.77669E-01  2.38251E-08
    7601.339    467.088  11.250  8.76381E-01  8.76381E-01  1.59479E-08
    7605.635    471.384  11.300  8.75094E-01  8.75094E-01  6.63125E-09
    7609.950    475.698  11.350  8.73806E-01  8.73806E-01 -3.58237E-09
    7614.283    480.032  11.400  8.72518E-01  8.72518E-01 -1.36106E-08
    7618.636    484.385  11.450  8.71230E-01  8.71230E-01 -2.21292E-08
    7623.008    488.757  11.500  8.69942E-01  8.69942E-01 -2.79536E-08
    7627.399    493.148  11.550  8.68655E-01  8.68655E-01 -3.03793E-08
    7631.809    497.558  11.600  8.67367E-01  8.67367E-01 -2.93764E-08
    7636.239    501.987  11.650  8.66079E-01  8.66079E-01 -2.55813E-08
    7640.687    506.435  11.700  8.64791E-01  8.64791E-01 -2.00985E-08
    7645.154    510.903  11.750  8.63503E-01  8.63503E-01 -1.41811E-08
    7649.640    515.389  11.800  8.62216E-01  8.62216E-01 -8.89926E-09
    7654.145    519.894  11.850  8.60928E-01  8.60928E-01 -4.90062E-09
    7658.670    524.418  11.900  8.59640E-01  8.59640E-01 -2.33240E-09
    7663.213    528.962  11.950  8.58352E-01  8.58352E-01 -9.38520E-10
    7667.776    533.524  12.000  8.57064E-01  8.57064E-01 -2.83138E-10
    7672.357    538.106  12.050  8.55745E-01  8.55745E-01 -2.03177E-10
    7676.958    542.706  12.100  8.54425E-01  8.54425E-01 -8.71176E-11
    7681.577    547.326  12.150  8.53106E-01  8.53106E-01  1.82401E-10
    7686.216    551.965  12.200  8.51786E-01  8.51786E-01  6.55366E-10
    7690.874    556.622  12.250  8.50466E-01  8.50466E-01  1.30035E-09
    7695.550    561.299  12.300  8.49147E-01  8.49147E-01  2.01520E-09
    7700.246    565.995  12.350  8.47827E-01  8.47827E-01  2.65808E-09
    7704.961    570.710  12.400  8.46508E-01  8.46508E-01  3.08880E-09
    7709.695    575.444  12.450  8.45188E-01  8.45188E-01  3.20814E-09
    7714.448    580.197  12.500  8.43868E-01  8.43868E-01  2.98419E-09
    7719.220    584.969  12.550  8.42549E-01  8.42549E-01  2.45897E-09
    7724.011    589.760  12.600  8.41229E-01  8.41229E-01  1.73509E-09
    7728.821    594.570  12.650  8.39910E-01  8.39910E-01  9.47417E-10
    7733.650    599.399  12.700  8.38590E-01  8.38590E-01  2.29112E-10
    7738.498    604.247  12.750  8.37270E-01  8.37270E-01 -3.18366E-10
    7743.366    609.114  12.800  8.35951E-01  8.35951E-01 -6.43397E-10
    7748.252    614.001  12.850  8.34631E-01  8.34631E-01 -7.47074E-10
    7753.157    618.906  12.900  8.33311E-01  8.33311E-01 -6.72235E-10
    7758.082    623.831  12.950  8.31992E-01  8.31992E-01 -4.83958E-10
    7763.025    628.774  13.000  8.30672E-01  8.30672E-01 -2.48720E-10
    7767.988    633.736  13.050  8.29269E-01  8.29269E-01 -2.12356E-10
    7772.969    638.718  13.100  8.27866E-01  8.27866E-01 -1.73214E-10
    7777.970    643.719  13.150  8.26462E-01  8.26462E-01 -1.37131E-10
    7782.990    648.738  13.200  8.25059E-01  8.25059E-01 -1.06405E-10
    7788.028    653.777  13.250  8.23655E-01  8.23655E-01 -8.04443E-11
    7793.086    658.835  13.300  8.22252E-01  8.22252E-01 -5.71047E-11
    7798.163    663.912  13.350  8.20849E-01  8.20849E-01 -3.41823E-11
    7803.259    669.007  13.400  8.19445E-01  8.19445E-01 -1.05647E-11
    7808.374    674.122  13.450  8.18042E-01  8.18042E-01  1.32735E-11
    7813.508    679.256  13.500  8.16639E-01  8.16639E-01  3.54826E-11
    7818.661    684.409  13.550  8.15235E-01  8.15235E-01  5.35716E-11
    7823.833    689.581  13.600  8.13832E-01  8.13832E-01  6.53331E-11
    7829.024    694.772  13.650  8.12429E-01  8.12429E-01  6.96080E-11
    7834.234    699.983  13.700  8.11025E-01  8.11025E-01  6.66441E-11
    7839.463    705.212  13.750  8.09622E-01  8.09622E-01  5.79703E-11
    7844.711    710.460  13.800  8.08219E-01  8.08219E-01  4.58913E-11
    7849.979    715.727  13.850  8.06815E-01  8.06815E-01  3.28242E-11
    7855.265    721.014  13.900  8.05412E-01  8.05412E-01  2.07285E-11
    7860.570    726.319  13.950  8.04008E-01  8.04008E-01  1.08131E-11
    7865.895    731.644  14.000  8.02605E-01  8.02605E-01  3.57666E-12
    7871.238    736.987  14.050  8.01189E-01  8.01189E-01  1.96851E-12
    7876.601    742.350  14.100  7.99773E-01  7.99773E-01  5.91622E-13
    7881.982    747.731  14.150  7.98357E-01  7.98357E-01 -5.97978E-13
    7887.383    753.132  14.200  7.96941E-01  7.96941E-01 -1.65256E-12
    7892.803    758.552  14.250  7.95525E-01  7.95525E-01 -2.60006E-12
    7898.242    763.990  14.300  7.94109E-01  7.94109E-01 -3.43006E-12
    7903.699    769.448  14.350  7.92693E-01  7.92693E-01 -4.09967E-12
    7909.176    774.925  14.400  7.91277E-01  7.91277E-01 -4.55336E-12
    7914.672    780.421  14.450  7.89861E-01  7.89861E-01 -4.74648E-12
    7920.187    785.936  14.500  7.88445E-01  7.88445E-01 -4.66301E-12
    7925.721    791.470  14.550  7.87029E-01  7.87029E-01 -4.32167E-12
    7931.274    797.023  14.600  7.85613E-01  7.85613E-01 -3.77031E-12
    7936.846    802.595  14.650  7.84198E-01  7.84198E-01 -3.07333E-12
    7942.437    808.186  14.700  7.82782E-01  7.82782E-01 -2.29916E-12
    7948.048    813.796  14.750  7.81366E-01  7.81366E-01 -1.51333E-12
    7953.677    819.426  14.800  7.79950E-01  7.79950E-01 -7.78866E-13
    7959.325    825.074  14.850  7.78534E-01  7.78534E-01 -1.60942E-13
    7964.993    830.741  14.900  7.77118E-01  7.77118E-01  2.70501E-13
    7970.679    836.428  14.950  7.75702E-01  7.75702E-01  4.46562E-13
    7976.384    842.133  15.000  7.74286E-01  7.74286E-01  3.16513E-13
