# # Once                                                         FEFF 9.6.4  
# # POT  SCF 100  5.0000   0, core-hole, AFOLP (folp(0)= 1.150)
# # Abs   Z=26 Rmt= 1.406 Rnm= 1.475 K  shell
# # Pot 1 Z=26 Rmt= 1.409 Rnm= 1.471
# # Pot 2 Z=14 Rmt= 1.372 Rnm= 1.434
# # Pot 3 Z=57 Rmt= 1.914 Rnm= 1.925
# # Gam_ch=1.309E+00 H-L exch Vi= 0.000E+00 Vr= 0.000E+00
# # Mu=-1.528E+01 kf=1.976E+00 Vint=-2.272E+01 Rs_int= 1.835
# # PATH  Rmax= 6.000,  Keep_limit= 0.00, Heap_limit 0.00  Pwcrit= 2.50%
#  S02=1.000  Temp=   0.00  Debye_temp=   0.00  Global_sig2= 0.00000
#  Energy zero shift, vr, vi    0.00000E+00   0.00000E+00
#  Curved wave amplitude ratio filter   4.000%
#     file         sig2 tot  cw amp ratio   deg  nlegs   reff  inp sig2
#           1       0.00000    100.00      7.00     2   2.4817
#           2       0.00000     15.38      1.00     2   2.4817
#           3       0.00000     10.33     16.00     3   3.7636
#           4       0.00000     31.10      6.00     2   3.9599
#           5       0.00000      8.17      2.00     2   3.9599
#           6       0.00000      8.88     16.00     3   4.5130
#           7       0.00000      6.11     12.00     3   4.6066
#           8       0.00000     15.89      5.00     2   4.8049
#           9       0.00000     19.06      8.00     3   4.8375
#          10       0.00000      8.37      2.00     3   4.8375
#          11       0.00000      8.33      4.00     4   4.8701
#          12       0.00000      5.23      1.00     4   4.8701
#          13       0.00000      7.09      4.00     3   4.9633
#          14       0.00000      6.12      4.00     4   4.9633
#          15       0.00000      5.55      7.00     4   4.9633
#          16       0.00000     18.67      4.00     2   4.9796
#          17       0.00000     11.34     20.00     3   5.3978
#          18       0.00000     13.94      7.00     2   5.7104
#          19       0.00000      7.81      4.00     2   5.7500
#          20       0.00000      8.71     12.00     3   5.7849
#    20/  21 paths used
#  xsedge+50, used to normalize mu           3.1888E-04
#  -----------------------------------------------------------------------
#  omega    e    k    mu    mu0     chi     @#
    7119.138    -15.284   0.000  2.21475E-01  2.84242E-01 -1.28926E-01
    7119.147    -15.274   0.050  2.22886E-01  2.89302E-01 -1.36080E-01
    7119.176    -15.246   0.100  2.24313E-01  2.94361E-01 -1.43167E-01
    7119.224    -15.198   0.150  2.29076E-01  3.09259E-01 -1.62691E-01
    7119.290    -15.131   0.200  2.34114E-01  3.24157E-01 -1.81382E-01
    7119.376    -15.046   0.250  2.42932E-01  3.47007E-01 -2.07180E-01
    7119.481    -14.941   0.300  2.52977E-01  3.69856E-01 -2.29966E-01
    7119.605    -14.817   0.350  2.65029E-01  3.95689E-01 -2.53028E-01
    7119.748    -14.674   0.400  2.80019E-01  4.21521E-01 -2.69772E-01
    7119.909    -14.512   0.450  2.95295E-01  4.45755E-01 -2.81367E-01
    7120.090    -14.331   0.500  3.15356E-01  4.69989E-01 -2.83745E-01
    7120.290    -14.131   0.550  3.36117E-01  4.91555E-01 -2.79008E-01
    7120.510    -13.912   0.600  3.62754E-01  5.13120E-01 -2.64151E-01
    7120.748    -13.674   0.650  3.90696E-01  5.32823E-01 -2.43762E-01
    7121.005    -13.417   0.700  4.24278E-01  5.52526E-01 -2.14867E-01
    7121.281    -13.141   0.750  4.60753E-01  5.71265E-01 -1.80551E-01
    7121.576    -12.845   0.800  5.03072E-01  5.90003E-01 -1.38583E-01
    7121.891    -12.531   0.850  5.53781E-01  6.08308E-01 -8.47242E-02
    7122.224    -12.198   0.900  6.03281E-01  6.26613E-01 -3.53582E-02
    7122.576    -11.845   0.950  6.39512E-01  6.44683E-01 -7.63906E-03
    7122.948    -11.474   1.000  6.61332E-01  6.62753E-01 -2.04735E-03
    7123.338    -11.083   1.050  6.65791E-01  6.80543E-01 -2.07435E-02
    7123.748    -10.674   1.100  6.54720E-01  6.98334E-01 -5.98692E-02
    7124.177    -10.245   1.150  6.29290E-01  7.15674E-01 -1.15834E-01
    7124.624     -9.797   1.200  5.95202E-01  7.33013E-01 -1.80615E-01
    7125.091     -9.331   1.250  5.56393E-01  7.49686E-01 -2.47877E-01
    7125.577     -8.845   1.300  5.21689E-01  7.66358E-01 -3.07154E-01
    7126.082     -8.340   1.350  4.95016E-01  7.82089E-01 -3.53320E-01
    7126.606     -7.816   1.400  4.84160E-01  7.97820E-01 -3.78619E-01
    7127.148     -7.273   1.450  4.89487E-01  8.12381E-01 -3.82951E-01
    7127.710     -6.711   1.500  5.14728E-01  8.26942E-01 -3.63923E-01
    7128.291     -6.130   1.550  5.55351E-01  8.40104E-01 -3.26861E-01
    7128.891     -5.530   1.600  6.10698E-01  8.53267E-01 -2.74262E-01
    7129.511     -4.911   1.650  6.72893E-01  8.64882E-01 -2.14279E-01
    7130.149     -4.273   1.700  7.38807E-01  8.76498E-01 -1.51723E-01
    7130.806     -3.616   1.750  8.00257E-01  8.86447E-01 -9.39727E-02
    7131.482     -2.939   1.800  8.55562E-01  8.96395E-01 -4.40565E-02
    7132.178     -2.244   1.850  9.00824E-01  9.04601E-01 -4.04117E-03
    7132.892     -1.530   1.900  9.35716E-01  9.12807E-01  2.43121E-02
    7133.625     -0.796   1.950  9.63634E-01  9.19175E-01  4.68956E-02
    7134.378     -0.044   2.000  9.85163E-01  9.25543E-01  6.25075E-02
    7135.149      0.728   2.050  1.00492E+00  9.29017E-01  7.93711E-02
    7135.940      1.518   2.100  1.02273E+00  9.32492E-01  9.41081E-02
    7136.750      2.328   2.150  1.03964E+00  9.35966E-01  1.07832E-01
    7137.578      3.157   2.200  1.05499E+00  9.39441E-01  1.19865E-01
    7138.426      4.004   2.250  1.06454E+00  9.41912E-01  1.27275E-01
    7139.293      4.871   2.300  1.06538E+00  9.44384E-01  1.25650E-01
    7140.179      5.757   2.350  1.05604E+00  9.46856E-01  1.13443E-01
    7141.083      6.662   2.400  1.03729E+00  9.49328E-01  9.14484E-02
    7142.007      7.586   2.450  1.01813E+00  9.54929E-01  6.54854E-02
    7142.950      8.529   2.500  9.95955E-01  9.60531E-01  3.65828E-02
    7143.912      9.491   2.550  9.75593E-01  9.66133E-01  9.73732E-03
    7144.893     10.472   2.600  9.60778E-01  9.71735E-01 -1.12407E-02
    7145.894     11.472   2.650  9.44951E-01  9.74503E-01 -3.02378E-02
    7146.913     12.491   2.700  9.36046E-01  9.77271E-01 -4.20705E-02
    7147.951     13.529   2.750  9.34941E-01  9.80038E-01 -4.59027E-02
    7149.008     14.586   2.800  9.40923E-01  9.82806E-01 -4.25185E-02
    7150.085     15.663   2.850  9.48297E-01  9.84240E-01 -3.64265E-02
    7151.180     16.758   2.900  9.59082E-01  9.85673E-01 -2.69029E-02
    7152.294     17.873   2.950  9.71429E-01  9.87107E-01 -1.58341E-02
    7153.428     19.006   3.000  9.83616E-01  9.88540E-01 -4.96564E-03
    7154.580     20.159   3.050  9.91468E-01  9.88836E-01  2.65121E-03
    7155.752     21.330   3.100  9.96760E-01  9.89131E-01  7.67546E-03
    7156.943     22.521   3.150  9.99721E-01  9.89426E-01  1.03455E-02
    7158.152     23.730   3.200  1.00124E+00  9.89721E-01  1.15594E-02
    7159.381     24.959   3.250  1.00116E+00  9.89749E-01  1.14545E-02
    7160.629     26.207   3.300  1.00179E+00  9.89776E-01  1.20472E-02
    7161.895     27.474   3.350  1.00439E+00  9.89803E-01  1.46252E-02
    7163.181     28.760   3.400  1.00976E+00  9.89831E-01  1.99711E-02
    7164.486     30.065   3.450  1.01647E+00  9.89517E-01  2.70012E-02
    7165.810     31.389   3.500  1.02559E+00  9.89204E-01  3.64274E-02
    7167.153     32.732   3.550  1.03600E+00  9.88890E-01  4.71386E-02
    7168.515     34.094   3.600  1.04601E+00  9.88577E-01  5.74478E-02
    7169.896     35.475   3.650  1.05373E+00  9.88554E-01  6.51650E-02
    7171.297     36.875   3.700  1.05743E+00  9.88532E-01  6.88498E-02
    7172.716     38.294   3.750  1.05554E+00  9.88510E-01  6.69585E-02
    7174.154     39.732   3.800  1.04721E+00  9.88488E-01  5.86344E-02
    7175.611     41.190   3.850  1.03211E+00  9.88597E-01  4.34120E-02
    7177.088     42.666   3.900  1.01162E+00  9.88706E-01  2.28510E-02
    7178.583     44.161   3.950  9.87561E-01  9.88815E-01 -1.24927E-03
    7180.098     45.676   4.000  9.62214E-01  9.88924E-01 -2.65923E-02
    7181.631     47.209   4.050  9.38243E-01  9.89310E-01 -5.08006E-02
    7183.184     48.762   4.100  9.18038E-01  9.89696E-01 -7.12265E-02
    7184.755     50.334   4.150  9.03301E-01  9.90082E-01 -8.61893E-02
    7186.346     51.924   4.200  8.94943E-01  9.90468E-01 -9.47968E-02
    7187.956     53.534   4.250  8.93781E-01  9.91054E-01 -9.64494E-02
    7189.585     55.163   4.300  8.98588E-01  9.91640E-01 -9.21847E-02
    7191.232     56.811   4.350  9.08127E-01  9.92226E-01 -8.32442E-02
    7192.899     58.477   4.400  9.20938E-01  9.92813E-01 -7.10827E-02
    7194.585     60.163   4.450  9.36213E-01  9.93531E-01 -5.66412E-02
    7196.290     61.868   4.500  9.52024E-01  9.94249E-01 -4.16926E-02
    7198.014     63.592   4.550  9.67489E-01  9.94967E-01 -2.71100E-02
    7199.757     65.335   4.600  9.82110E-01  9.95685E-01 -1.33820E-02
    7201.519     67.098   4.650  9.95568E-01  9.96184E-01 -6.07094E-04
    7203.300     68.879   4.700  1.00791E+00  9.96684E-01  1.10488E-02
    7205.101     70.679   4.750  1.01930E+00  9.97183E-01  2.17614E-02
    7206.920     72.498   4.800  1.02998E+00  9.97682E-01  3.17522E-02
    7208.758     74.337   4.850  1.03988E+00  9.98069E-01  4.10854E-02
    7210.616     76.194   4.900  1.04931E+00  9.98457E-01  4.99465E-02
    7212.492     78.070   4.950  1.05832E+00  9.98844E-01  5.83915E-02
    7214.388     79.966   5.000  1.06679E+00  9.99231E-01  6.63060E-02
    7216.302     81.880   5.050  1.07400E+00  9.99398E-01  7.32143E-02
    7218.236     83.814   5.100  1.07979E+00  9.99565E-01  7.87252E-02
    7220.188     85.766   5.150  1.08336E+00  9.99733E-01  8.20639E-02
    7222.160     87.738   5.200  1.08377E+00  9.99900E-01  8.23037E-02
    7224.151     89.729   5.250  1.07926E+00  9.99584E-01  7.82081E-02
    7226.160     91.739   5.300  1.06993E+00  9.99267E-01  6.93782E-02
    7228.189     93.767   5.350  1.05550E+00  9.98950E-01  5.55441E-02
    7230.237     95.815   5.400  1.03632E+00  9.98634E-01  3.70257E-02
    7232.304     97.882   5.450  1.01308E+00  9.98096E-01  1.47340E-02
    7234.390     99.968   5.500  9.87933E-01  9.97558E-01 -9.46912E-03
    7236.495    102.073   5.550  9.62964E-01  9.97020E-01 -3.35278E-02
    7238.619    104.197   5.600  9.40369E-01  9.96482E-01 -5.52825E-02
    7240.762    106.340   5.650  9.22024E-01  9.95662E-01 -7.26255E-02
    7242.924    108.503   5.700  9.09376E-01  9.94842E-01 -8.43804E-02
    7245.106    110.684   5.750  9.02839E-01  9.94022E-01 -9.01219E-02
    7247.306    112.884   5.800  9.01940E-01  9.93202E-01 -9.02968E-02
    7249.525    115.103   5.850  9.05444E-01  9.92091E-01 -8.58426E-02
    7251.763    117.342   5.900  9.11641E-01  9.90979E-01 -7.87052E-02
    7254.021    119.599   5.950  9.18957E-01  9.89868E-01 -7.04373E-02
    7256.297    121.876   6.000  9.26284E-01  9.88757E-01 -6.21378E-02
    7258.593    124.171   6.050  9.33332E-01  9.87559E-01 -5.40201E-02
    7260.907    126.486   6.100  9.40368E-01  9.86360E-01 -4.58889E-02
    7263.241    128.819   6.150  9.48479E-01  9.85162E-01 -3.66587E-02
    7265.594    131.172   6.200  9.59011E-01  9.83964E-01 -2.49752E-02
    7267.965    133.544   6.250  9.73092E-01  9.82766E-01 -9.69744E-03
    7270.356    135.934   6.300  9.91161E-01  9.81568E-01  9.63236E-03
    7272.766    138.344   6.350  1.01265E+00  9.80369E-01  3.24584E-02
    7275.195    140.773   6.400  1.03587E+00  9.79171E-01  5.71140E-02
    7277.643    143.221   6.450  1.05826E+00  9.77973E-01  8.10016E-02
    7280.110    145.688   6.500  1.07675E+00  9.76775E-01  1.01023E-01
    7282.596    148.174   6.550  1.08837E+00  9.75682E-01  1.14044E-01
    7285.101    150.679   6.600  1.09078E+00  9.74589E-01  1.17772E-01
    7287.625    153.203   6.650  1.08303E+00  9.73497E-01  1.11193E-01
    7290.168    155.746   6.700  1.06569E+00  9.72404E-01  9.48429E-02
    7292.730    158.309   6.750  1.04080E+00  9.71311E-01  7.07625E-02
    7295.312    160.890   6.800  1.01153E+00  9.70218E-01  4.21333E-02
    7297.912    163.490   6.850  9.81535E-01  9.69125E-01  1.26755E-02
    7300.531    166.110   6.900  9.54294E-01  9.68033E-01 -1.40555E-02
    7303.170    168.748   6.950  9.32475E-01  9.66940E-01 -3.53144E-02
    7305.827    171.405   7.000  9.17502E-01  9.65847E-01 -4.96143E-02
    7308.504    174.082   7.050  9.09482E-01  9.64923E-01 -5.69747E-02
    7311.199    176.777   7.100  9.07207E-01  9.63998E-01 -5.84436E-02
    7313.914    179.492   7.150  9.08687E-01  9.63073E-01 -5.60465E-02
    7316.648    182.226   7.200  9.11680E-01  9.62149E-01 -5.20810E-02
    7319.400    184.978   7.250  9.14262E-01  9.61224E-01 -4.85300E-02
    7322.172    187.750   7.300  9.15263E-01  9.60300E-01 -4.66048E-02
    7324.963    190.541   7.350  9.14483E-01  9.59375E-01 -4.65199E-02
    7327.773    193.351   7.400  9.12639E-01  9.58451E-01 -4.75385E-02
    7330.602    196.180   7.450  9.11084E-01  9.57526E-01 -4.82603E-02
    7333.450    199.028   7.500  9.11374E-01  9.56601E-01 -4.70634E-02
    7336.317    201.895   7.550  9.14944E-01  9.55760E-01 -4.25298E-02
    7339.203    204.781   7.600  9.22387E-01  9.54918E-01 -3.39423E-02
    7342.108    207.686   7.650  9.33558E-01  9.54077E-01 -2.14373E-02
    7345.032    210.610   7.700  9.47517E-01  9.53235E-01 -5.98268E-03
    7347.975    213.553   7.750  9.62749E-01  9.52394E-01  1.08477E-02
    7350.937    216.516   7.800  9.77514E-01  9.51552E-01  2.72328E-02
    7353.919    219.497   7.850  9.90215E-01  9.50711E-01  4.14941E-02
    7356.919    222.497   7.900  9.99704E-01  9.49869E-01  5.24162E-02
    7359.938    225.517   7.950  1.00545E+00  9.49028E-01  5.94210E-02
    7362.977    228.555   8.000  1.00751E+00  9.48187E-01  6.25662E-02
    7366.034    231.613   8.050  1.00614E+00  9.47130E-01  6.23125E-02
    7369.111    234.689   8.100  1.00233E+00  9.46074E-01  5.94743E-02
    7372.207    237.785   8.150  9.96748E-01  9.45018E-01  5.47545E-02
    7375.321    240.900   8.200  9.89821E-01  9.43962E-01  4.85989E-02
    7378.455    244.033   8.250  9.81664E-01  9.42905E-01  4.11233E-02
    7381.608    247.186   8.300  9.72140E-01  9.41849E-01  3.21778E-02
    7384.780    250.358   8.350  9.61028E-01  9.40793E-01  2.15222E-02
    7387.970    253.549   8.400  9.48238E-01  9.39737E-01  9.05261E-03
    7391.180    256.759   8.450  9.33994E-01  9.38681E-01 -4.99683E-03
    7394.409    259.988   8.500  9.18944E-01  9.37624E-01 -1.99411E-02
    7397.657    263.236   8.550  9.04045E-01  9.36532E-01 -3.47163E-02
    7400.924    266.503   8.600  8.90707E-01  9.35439E-01 -4.78522E-02
    7404.210    269.789   8.650  8.80281E-01  9.34347E-01 -5.78986E-02
    7407.516    273.094   8.700  8.73864E-01  9.33254E-01 -6.36680E-02
    7410.840    276.418   8.750  8.72076E-01  9.32162E-01 -6.44820E-02
    7414.183    279.761   8.800  8.74926E-01  9.31070E-01 -6.03157E-02
    7417.545    283.124   8.850  8.81806E-01  9.29977E-01 -5.18055E-02
    7420.927    286.505   8.900  8.91618E-01  9.28885E-01 -4.01214E-02
    7424.327    289.905   8.950  9.02981E-01  9.27792E-01 -2.67398E-02
    7427.747    293.325   9.000  9.14491E-01  9.26700E-01 -1.31715E-02
    7431.185    296.763   9.050  9.24926E-01  9.25624E-01 -7.53975E-04
    7434.643    300.221   9.100  9.33494E-01  9.24548E-01  9.67194E-03
    7438.119    303.698   9.150  9.39829E-01  9.23472E-01  1.77025E-02
    7441.615    307.193   9.200  9.43968E-01  9.22396E-01  2.33702E-02
    7445.130    310.708   9.250  9.46230E-01  9.21321E-01  2.70148E-02
    7448.663    314.242   9.300  9.47063E-01  9.20245E-01  2.91149E-02
    7452.216    317.795   9.350  9.46893E-01  9.19169E-01  3.01297E-02
    7455.788    321.366   9.400  9.46028E-01  9.18093E-01  3.03912E-02
    7459.379    324.957   9.450  9.44623E-01  9.17017E-01  3.00637E-02
    7462.989    328.567   9.500  9.42698E-01  9.15941E-01  2.91697E-02
    7466.618    332.196   9.550  9.40318E-01  9.14865E-01  2.77781E-02
    7470.266    335.844   9.600  9.37271E-01  9.13789E-01  2.56557E-02
    7473.933    339.511   9.650  9.33541E-01  9.12713E-01  2.27813E-02
    7477.619    343.198   9.700  9.29195E-01  9.11637E-01  1.92255E-02
    7481.325    346.903   9.750  9.24360E-01  9.10561E-01  1.51259E-02
    7485.049    350.627   9.800  9.19171E-01  9.09485E-01  1.06298E-02
    7488.792    354.370   9.850  9.13720E-01  9.08409E-01  5.83472E-03
    7492.554    358.133   9.900  9.08019E-01  9.07333E-01  7.54099E-04
    7496.336    361.914   9.950  9.02015E-01  9.06257E-01 -4.67041E-03
    7500.136    365.715  10.000  8.95649E-01  9.05181E-01 -1.05074E-02
    7503.956    369.534  10.050  8.88828E-01  9.04016E-01 -1.67617E-02
    7507.794    373.373  10.100  8.81818E-01  9.02850E-01 -2.32404E-02
    7511.652    377.230  10.150  8.74982E-01  9.01685E-01 -2.95436E-02
    7515.529    381.107  10.200  8.68897E-01  9.00519E-01 -3.50296E-02
    7519.424    385.003  10.250  8.64290E-01  8.99354E-01 -3.88904E-02
    7523.339    388.917  10.300  8.61896E-01  8.98188E-01 -4.03029E-02
    7527.273    392.851  10.350  8.62288E-01  8.97023E-01 -3.86221E-02
    7531.226    396.804  10.400  8.65706E-01  8.95857E-01 -3.35678E-02
    7535.198    400.776  10.450  8.71948E-01  8.94692E-01 -2.53523E-02
    7539.189    404.767  10.500  8.80350E-01  8.93527E-01 -1.47063E-02
    7543.199    408.777  10.550  8.89866E-01  8.92361E-01 -2.78816E-03
    7547.228    412.806  10.600  8.99249E-01  8.91196E-01  9.01119E-03
    7551.276    416.854  10.650  9.07280E-01  8.90030E-01  1.93247E-02
    7555.343    420.921  10.700  9.12995E-01  8.88865E-01  2.70671E-02
    7559.429    425.007  10.750  9.15863E-01  8.87699E-01  3.16311E-02
    7563.534    429.113  10.800  9.15857E-01  8.86534E-01  3.29746E-02
    7567.659    433.237  10.850  9.13414E-01  8.85368E-01  3.15782E-02
    7571.802    437.380  10.900  9.09292E-01  8.84203E-01  2.82851E-02
    7575.965    441.543  10.950  9.04360E-01  8.83037E-01  2.40686E-02
    7580.146    445.724  11.000  8.99379E-01  8.81872E-01  1.97871E-02
    7584.347    449.925  11.050  8.94736E-01  8.80584E-01  1.60181E-02
    7588.566    454.144  11.100  8.90599E-01  8.79295E-01  1.28125E-02
    7592.805    458.383  11.150  8.86789E-01  8.78007E-01  9.96867E-03
    7597.062    462.641  11.200  8.82921E-01  8.76719E-01  7.05010E-03
    7601.339    466.917  11.250  8.78577E-01  8.75431E-01  3.58125E-03
    7605.635    471.213  11.300  8.73485E-01  8.74143E-01 -7.49196E-04
    7609.950    475.528  11.350  8.67654E-01  8.72854E-01 -5.93772E-03
    7614.283    479.862  11.400  8.61409E-01  8.71566E-01 -1.16133E-02
    7618.636    484.215  11.450  8.55344E-01  8.70278E-01 -1.70997E-02
    7623.008    488.587  11.500  8.50174E-01  8.68990E-01 -2.15760E-02
    7627.399    492.978  11.550  8.46549E-01  8.67702E-01 -2.42915E-02
    7631.809    497.388  11.600  8.44874E-01  8.66413E-01 -2.47719E-02
    7636.239    501.817  11.650  8.45190E-01  8.65125E-01 -2.29604E-02
    7640.687    506.265  11.700  8.47149E-01  8.63837E-01 -1.92492E-02
    7645.154    510.732  11.750  8.50090E-01  8.62549E-01 -1.43921E-02
    7649.640    515.218  11.800  8.53205E-01  8.61260E-01 -9.31917E-03
    7654.145    519.724  11.850  8.55740E-01  8.59972E-01 -4.90350E-03
    7658.670    524.248  11.900  8.57182E-01  8.58684E-01 -1.74248E-03
    7663.213    528.791  11.950  8.57384E-01  8.57396E-01 -1.39470E-05
    7667.776    533.354  12.000  8.56583E-01  8.56108E-01  5.53492E-04
    7672.357    537.935  12.050  8.55302E-01  8.54784E-01  6.03743E-04
    7676.958    542.536  12.100  8.54256E-01  8.53461E-01  9.28640E-04
    7681.577    547.156  12.150  8.54071E-01  8.52137E-01  2.26091E-03
    7686.216    551.794  12.200  8.55115E-01  8.50814E-01  5.03599E-03
    7690.874    556.452  12.250  8.57368E-01  8.49490E-01  9.23921E-03
    7695.550    561.129  12.300  8.60402E-01  8.48167E-01  1.43718E-02
    7700.246    565.825  12.350  8.63458E-01  8.46844E-01  1.95468E-02
    7704.961    570.539  12.400  8.65625E-01  8.45520E-01  2.36903E-02
    7709.695    575.273  12.450  8.66056E-01  8.44197E-01  2.57986E-02
    7714.448    580.026  12.500  8.64178E-01  8.42873E-01  2.51840E-02
    7719.220    584.798  12.550  8.59834E-01  8.41550E-01  2.16476E-02
    7724.011    589.589  12.600  8.53329E-01  8.40226E-01  1.55374E-02
    7728.821    594.399  12.650  8.45368E-01  8.38903E-01  7.67856E-03
    7733.650    599.229  12.700  8.36904E-01  8.37580E-01 -8.03785E-04
    7738.498    604.077  12.750  8.28935E-01  8.36256E-01 -8.72341E-03
    7743.366    608.944  12.800  8.22302E-01  8.34933E-01 -1.50731E-02
    7748.252    613.830  12.850  8.17539E-01  8.33609E-01 -1.92093E-02
    7753.157    618.736  12.900  8.14794E-01  8.32286E-01 -2.09417E-02
    7758.082    623.660  12.950  8.13856E-01  8.30962E-01 -2.05130E-02
    7763.025    628.604  13.000  8.14249E-01  8.29639E-01 -1.84845E-02
    7767.988    633.566  13.050  8.15239E-01  8.28242E-01 -1.56437E-02
    7772.969    638.548  13.100  8.16416E-01  8.26845E-01 -1.25683E-02
    7777.970    643.548  13.150  8.17390E-01  8.25448E-01 -9.72721E-03
    7782.990    648.568  13.200  8.17986E-01  8.24051E-01 -7.33445E-03
    7788.028    653.607  13.250  8.18231E-01  8.22654E-01 -5.35706E-03
    7793.086    658.664  13.300  8.18297E-01  8.21257E-01 -3.59149E-03
    7798.163    663.741  13.350  8.18397E-01  8.19859E-01 -1.77785E-03
    7803.259    668.837  13.400  8.18697E-01  8.18462E-01  2.85349E-04
    7808.374    673.952  13.450  8.19246E-01  8.17065E-01  2.66014E-03
    7813.508    679.086  13.500  8.19958E-01  8.15668E-01  5.24220E-03
    7818.661    684.239  13.550  8.20636E-01  8.14271E-01  7.79105E-03
    7823.833    689.411  13.600  8.21032E-01  8.12874E-01  1.00027E-02
    7829.024    694.602  13.650  8.20919E-01  8.11477E-01  1.15985E-02
    7834.234    699.812  13.700  8.20159E-01  8.10080E-01  1.24017E-02
    7839.463    705.041  13.750  8.18725E-01  8.08683E-01  1.23785E-02
    7844.711    710.290  13.800  8.16707E-01  8.07286E-01  1.16335E-02
    7849.979    715.557  13.850  8.14269E-01  8.05889E-01  1.03658E-02
    7855.265    720.843  13.900  8.11594E-01  8.04492E-01  8.80056E-03
    7860.570    726.149  13.950  8.08832E-01  8.03095E-01  7.12172E-03
    7865.895    731.473  14.000  8.06061E-01  8.01698E-01  5.42621E-03
    7871.238    736.817  14.050  8.03237E-01  8.00267E-01  3.70050E-03
    7876.601    742.179  14.100  8.00381E-01  7.98836E-01  1.92866E-03
    7881.982    747.561  14.150  7.97413E-01  7.97405E-01  9.54444E-06
    7887.383    752.961  14.200  7.94268E-01  7.95974E-01 -2.13687E-03
    7892.803    758.381  14.250  7.90949E-01  7.94543E-01 -4.51126E-03
    7898.242    763.820  14.300  7.87542E-01  7.93113E-01 -7.00285E-03
    7903.699    769.278  14.350  7.84223E-01  7.91682E-01 -9.39479E-03
    7909.176    774.755  14.400  7.81212E-01  7.90251E-01 -1.14057E-02
    7914.672    780.250  14.450  7.78730E-01  7.88820E-01 -1.27550E-02
    7920.187    785.765  14.500  7.76942E-01  7.87389E-01 -1.32313E-02
    7925.721    791.299  14.550  7.75914E-01  7.85958E-01 -1.27440E-02
    7931.274    796.852  14.600  7.75604E-01  7.84527E-01 -1.13424E-02
    7936.846    802.425  14.650  7.75874E-01  7.83097E-01 -9.19841E-03
    7942.437    808.016  14.700  7.76525E-01  7.81666E-01 -6.55856E-03
    7948.048    813.626  14.750  7.77353E-01  7.80235E-01 -3.68375E-03
    7953.677    819.255  14.800  7.78184E-01  7.78804E-01 -7.94170E-04
    7959.325    824.903  14.850  7.78903E-01  7.77373E-01  1.96269E-03
    7964.993    830.571  14.900  7.79453E-01  7.75942E-01  4.51273E-03
    7970.679    836.257  14.950  7.79813E-01  7.74512E-01  6.82732E-03
    7976.384    841.963  15.000  7.79963E-01  7.73081E-01  8.87936E-03
    7982.109    847.687  15.050  7.79895E-01  7.71623E-01  1.06927E-02
    7987.852    853.431  15.100  7.79476E-01  7.70165E-01  1.20593E-02
    7993.615    859.193  15.150  7.78524E-01  7.68707E-01  1.27391E-02
    7999.397    864.975  15.200  7.76860E-01  7.67249E-01  1.24965E-02
    8005.197    870.776  15.250  7.74376E-01  7.65791E-01  1.11831E-02
    8011.017    876.595  15.300  7.71084E-01  7.64333E-01  8.81166E-03
    8016.856    882.434  15.350  7.67153E-01  7.62875E-01  5.59439E-03
    8022.714    888.292  15.400  7.62890E-01  7.61418E-01  1.92897E-03
    8028.591    894.169  15.450  7.58688E-01  7.59960E-01 -1.66972E-03
    8034.487    900.065  15.500  7.54946E-01  7.58502E-01 -4.67823E-03
    8040.402    905.980  15.550  7.51971E-01  7.57044E-01 -6.68603E-03
    8046.336    911.914  15.600  7.49910E-01  7.55586E-01 -7.49626E-03
    8052.289    917.867  15.650  7.48705E-01  7.54128E-01 -7.17650E-03
    8058.261    923.839  15.700  7.48113E-01  7.52670E-01 -6.04247E-03
    8064.252    929.830  15.750  7.47768E-01  7.51212E-01 -4.57614E-03
    8070.262    935.841  15.800  7.47277E-01  7.49754E-01 -3.29794E-03
    8076.292    941.870  15.850  7.46327E-01  7.48296E-01 -2.62678E-03
    8082.340    947.918  15.900  7.44769E-01  7.46839E-01 -2.76580E-03
    8088.407    953.986  15.950  7.42658E-01  7.45381E-01 -3.64589E-03
    8094.494    960.072  16.000  7.40239E-01  7.43923E-01 -4.94363E-03
    8100.599    966.178  16.050  7.37836E-01  7.42437E-01 -6.18590E-03
    8106.724    972.302  16.100  7.35839E-01  7.40951E-01 -6.88791E-03
    8112.868    978.446  16.150  7.34568E-01  7.39465E-01 -6.61097E-03
    8119.030    984.608  16.200  7.34185E-01  7.37979E-01 -5.13301E-03
    8125.212    990.790  16.250  7.34631E-01  7.36493E-01 -2.52362E-03
    8131.413    996.991  16.300  7.35638E-01  7.35007E-01  8.57375E-04
    8137.632   1003.211  16.350  7.36782E-01  7.33521E-01  4.43897E-03
    8143.871   1009.450  16.400  7.37588E-01  7.32035E-01  7.57564E-03
    8150.129   1015.707  16.450  7.37649E-01  7.30549E-01  9.70564E-03
    8156.406   1021.984  16.500  7.36720E-01  7.29063E-01  1.04886E-02
    8162.702   1028.280  16.550  7.34779E-01  7.27577E-01  9.88527E-03
    8169.017   1034.595  16.600  7.32022E-01  7.26091E-01  8.15849E-03
    8175.351   1040.930  16.650  7.28809E-01  7.24605E-01  5.79492E-03
    8181.704   1047.283  16.700  7.25559E-01  7.23119E-01  3.36983E-03
    8188.077   1053.655  16.750  7.22638E-01  7.21633E-01  1.39190E-03
    8194.468   1060.046  16.800  7.20270E-01  7.20147E-01  1.70916E-04
    8200.878   1066.456  16.850  7.18477E-01  7.18661E-01 -2.55661E-04
    8207.308   1072.886  16.900  7.17091E-01  7.17175E-01 -1.17299E-04
    8213.756   1079.334  16.950  7.15812E-01  7.15689E-01  1.71572E-04
    8220.223   1085.802  17.000  7.14308E-01  7.14203E-01  1.46753E-04
    8226.710   1092.288  17.050  7.12299E-01  7.12726E-01 -5.98181E-04
    8233.215   1098.794  17.100  7.09714E-01  7.11249E-01 -2.15652E-03
    8239.740   1105.318  17.150  7.06663E-01  7.09772E-01 -4.37689E-03
    8246.284   1111.862  17.200  7.03441E-01  7.08295E-01 -6.84714E-03
    8252.846   1118.425  17.250  7.00457E-01  7.06817E-01 -8.99196E-03
    8259.428   1125.006  17.300  6.98126E-01  7.05340E-01 -1.02211E-02
    8266.029   1131.607  17.350  6.96758E-01  7.03863E-01 -1.00889E-02
    8272.649   1138.227  17.400  6.96467E-01  7.02386E-01 -8.42292E-03
    8279.288   1144.866  17.450  6.97132E-01  7.00909E-01 -5.38541E-03
    8285.946   1151.524  17.500  6.98416E-01  6.99432E-01 -1.45236E-03
    8292.623   1158.201  17.550  6.99831E-01  6.97955E-01  2.68716E-03
    8299.319   1164.897  17.600  7.00857E-01  6.96478E-01  6.28541E-03
    8306.034   1171.612  17.650  7.01054E-01  6.95001E-01  8.70566E-03
    8312.768   1178.346  17.700  7.00160E-01  6.93524E-01  9.56491E-03
    8319.521   1185.099  17.750  6.98149E-01  6.92047E-01  8.81497E-03
    8326.293   1191.872  17.800  6.95228E-01  6.90570E-01  6.74329E-03
    8333.085   1198.663  17.850  6.91778E-01  6.89093E-01  3.89573E-03
    8339.895   1205.473  17.900  6.88264E-01  6.87615E-01  9.42438E-04
    8346.724   1212.303  17.950  6.85124E-01  6.86138E-01 -1.47875E-03
    8353.573   1219.151  18.000  6.82674E-01  6.84661E-01 -2.90305E-03
    8360.440   1226.019  18.050  6.81043E-01  6.83174E-01 -3.11879E-03
    8367.327   1232.905  18.100  6.80161E-01  6.81687E-01 -2.23766E-03
    8374.232   1239.811  18.150  6.79789E-01  6.80199E-01 -6.03632E-04
    8381.157   1246.735  18.200  6.79586E-01  6.78712E-01  1.28872E-03
    8388.101   1253.679  18.250  6.79201E-01  6.77224E-01  2.91838E-03
    8395.064   1260.642  18.300  6.78343E-01  6.75737E-01  3.85695E-03
    8402.045   1267.624  18.350  6.76849E-01  6.74250E-01  3.85578E-03
    8409.046   1274.624  18.400  6.74702E-01  6.72762E-01  2.88442E-03
    8416.066   1281.644  18.450  6.72025E-01  6.71275E-01  1.11747E-03
    8423.105   1288.683  18.500  6.69037E-01  6.69788E-01 -1.12055E-03
    8430.163   1295.741  18.550  6.66006E-01  6.68300E-01 -3.43417E-03
    8437.240   1302.818  18.600  6.63187E-01  6.66813E-01 -5.43873E-03
    8444.336   1309.914  18.650  6.60785E-01  6.65325E-01 -6.82687E-03
    8451.451   1317.030  18.700  6.58922E-01  6.63838E-01 -7.40881E-03
    8458.585   1324.164  18.750  6.57634E-01  6.62351E-01 -7.12411E-03
    8465.739   1331.317  18.800  6.56880E-01  6.60863E-01 -6.03003E-03
    8472.911   1338.489  18.850  6.56558E-01  6.59376E-01 -4.27568E-03
    8480.102   1345.681  18.900  6.56526E-01  6.57888E-01 -2.07195E-03
    8487.313   1352.891  18.950  6.56622E-01  6.56401E-01  3.36042E-04
    8494.542   1360.120  19.000  6.56675E-01  6.54914E-01  2.69151E-03
    8501.791   1367.369  19.050  6.56560E-01  6.53449E-01  4.76303E-03
    8509.058   1374.637  19.100  6.56094E-01  6.51985E-01  6.30636E-03
    8516.345   1381.923  19.150  6.55167E-01  6.50521E-01  7.14743E-03
    8523.650   1389.229  19.200  6.53717E-01  6.49056E-01  7.18659E-03
    8530.975   1396.553  19.250  6.51746E-01  6.47592E-01  6.42032E-03
    8538.319   1403.897  19.300  6.49326E-01  6.46128E-01  4.95459E-03
    8545.682   1411.260  19.350  6.46597E-01  6.44663E-01  3.00199E-03
    8553.064   1418.642  19.400  6.43750E-01  6.43199E-01  8.57602E-04
    8560.464   1426.043  19.450  6.41000E-01  6.41735E-01 -1.14652E-03
    8567.884   1433.463  19.500  6.38542E-01  6.40270E-01 -2.70188E-03
    8575.323   1440.902  19.550  6.36517E-01  6.38806E-01 -3.58668E-03
    8582.781   1448.360  19.600  6.34976E-01  6.37342E-01 -3.71607E-03
    8590.259   1455.837  19.650  6.33867E-01  6.35877E-01 -3.16520E-03
    8597.755   1463.333  19.700  6.33047E-01  6.34413E-01 -2.15603E-03
    8605.270   1470.848  19.750  6.32311E-01  6.32949E-01 -1.00797E-03
    8612.804   1478.382  19.800  6.31445E-01  6.31484E-01 -6.19060E-05
    8620.357   1485.936  19.850  6.30275E-01  6.30020E-01  4.04768E-04
    8627.930   1493.508  19.900  6.28713E-01  6.28556E-01  2.50496E-04
    8635.521   1501.099  19.950  6.26784E-01  6.27091E-01 -4.90063E-04
    8643.132   1508.710  20.000  6.24621E-01  6.25627E-01 -1.60989E-03
