# # Once                                                         FEFF 9.6.4  
# # POT  SCF 100  5.0000   0, core-hole, AFOLP (folp(0)= 1.150)
# # Abs   Z=26 Rmt= 1.354 Rnm= 1.397 K  shell
# # Pot 1 Z=57 Rmt= 1.835 Rnm= 1.835
# # Pot 2 Z=14 Rmt= 1.354 Rnm= 1.399
# # Pot 3 Z=26 Rmt= 1.306 Rnm= 1.349
# # Gam_ch=1.309E+00 H-L exch Vi= 0.000E+00 Vr= 0.000E+00
# # Mu=-1.754E+01 kf=2.219E+00 Vint=-2.858E+01 Rs_int= 1.634
# # PATH  Rmax= 8.000,  Keep_limit= 0.00, Heap_limit 0.00  Pwcrit= 2.50%
#  S02=1.000  Temp=   0.00  Debye_temp=   0.00  Global_sig2= 0.00000
#  Energy zero shift, vr, vi    0.00000E+00   0.00000E+00
#  Curved wave amplitude ratio filter   4.000%
#     file         sig2 tot  cw amp ratio   deg  nlegs   reff  inp sig2
#           1       0.00000    100.00      1.00     2   2.4070
#           2       0.00000     98.48      1.00     2   2.4258
#           3       0.00000     96.70      1.00     2   2.4483
#           4       0.00000     95.63      1.00     2   2.4621
#           5       0.00000     95.52      1.00     2   2.4635
#           6       0.00000     85.49      1.00     2   2.5117
#           7       0.00000     84.69      1.00     2   2.5204
#           8       0.00000     90.39      1.00     2   2.5323
#           9       0.00000     89.54      1.00     2   2.5441
#          10       0.00000     85.41      1.00     2   2.6038
#          11       0.00000     74.49      1.00     2   3.3501
#          12       0.00000     71.52      1.00     2   3.4140
#          13       0.00000     31.85      1.00     2   3.5887
#          14       0.00000      6.48      2.00     3   3.6638
#          15       0.00000      6.47      2.00     3   3.6682
#          16       0.00000      6.10      2.00     3   3.7025
#          17       0.00000      8.48      2.00     3   3.7045
#          18       0.00000      8.51      2.00     3   3.7097
#          19       0.00000      8.79      2.00     3   3.7222
#          20       0.00000      8.52      2.00     3   3.7395
#          21       0.00000      8.04      2.00     3   3.7486
#          22       0.00000      8.66      2.00     3   3.7563
#          23       0.00000      8.24      2.00     3   3.7777
#          24       0.00000     35.57      1.00     2   3.8607
#          25       0.00000     31.31      1.00     2   4.0718
#          26       0.00000     31.11      1.00     2   4.0827
#          27       0.00000     61.57      2.00     2   4.1004
#          28       0.00000     30.32      1.00     2   4.1263
#          29       0.00000     29.94      1.00     2   4.1479
#          30       0.00000     29.76      1.00     2   4.1583
#          31       0.00000     29.67      1.00     2   4.1630
#          32       0.00000     28.98      1.00     2   4.2039
#          33       0.00000     57.89      2.00     2   4.2059
#          34       0.00000     28.69      1.00     2   4.2212
#          35       0.00000      8.91      2.00     3   4.2228
#          36       0.00000     28.50      1.00     2   4.2326
#          37       0.00000      8.84      2.00     3   4.2337
#          38       0.00000      6.17      2.00     3   4.3721
#          39       0.00000      9.43      2.00     3   4.3748
#          40       0.00000      9.23      2.00     3   4.3847
#          41       0.00000     22.24      4.00     3   4.4572
#          42       0.00000     24.78      1.00     2   4.4796
#          43       0.00000     24.71      1.00     2   4.4846
#          44       0.00000     10.31      2.00     3   4.5015
#          45       0.00000     10.55      2.00     3   4.5167
#          46       0.00000      9.98      2.00     3   4.5190
#          47       0.00000     10.56      2.00     3   4.5199
#          48       0.00000      9.19      2.00     3   4.5308
#          49       0.00000      8.94      2.00     3   4.5367
#          50       0.00000     10.99      2.00     3   4.5472
#          51       0.00000      9.30      2.00     3   4.5639
#          52       0.00000      8.80      2.00     3   4.5662
#          53       0.00000      8.80      2.00     3   4.5662
#          54       0.00000      5.50      2.00     3   4.5680
#          55       0.00000     47.17      2.00     2   4.5688
#          56       0.00000     10.03      2.00     3   4.5729
#          57       0.00000      5.82      2.00     3   4.5772
#          58       0.00000     11.64      2.00     3   4.5777
#          59       0.00000     12.26      2.00     3   4.5784
#          60       0.00000      6.11      2.00     3   4.5815
#          61       0.00000      4.53      2.00     3   4.5835
#          62       0.00000      5.75      2.00     3   4.5883
#          63       0.00000     23.27      1.00     2   4.5929
#          64       0.00000      5.80      2.00     3   4.5936
#          65       0.00000      9.22      2.00     3   4.5999
#          66       0.00000      4.21      2.00     3   4.6017
#          67       0.00000      8.31      2.00     3   4.6028
#          68       0.00000     23.07      1.00     2   4.6094
#          69       0.00000      8.98      2.00     3   4.6110
#          70       0.00000      8.89      2.00     3   4.6187
#          71       0.00000      8.78      2.00     3   4.6230
#          72       0.00000     22.87      1.00     2   4.6251
#          73       0.00000      8.82      2.00     3   4.6301
#          74       0.00000      5.36      2.00     3   4.6327
#          75       0.00000      8.82      2.00     3   4.6362
#          76       0.00000      7.84      2.00     3   4.6491
#          77       0.00000      8.51      2.00     3   4.6543
#          78       0.00000     15.17      2.00     3   4.6702
#          79       0.00000     22.27      1.00     2   4.6744
#          80       0.00000      9.35      2.00     3   4.6907
#          81       0.00000     15.61      2.00     3   4.7032
#          82       0.00000      6.45      2.00     3   4.7127
#          83       0.00000      9.60      2.00     3   4.7142
#          84       0.00000      8.74      2.00     3   4.7244
#          85       0.00000     15.03      2.00     3   4.7284
#          86       0.00000     15.13      2.00     3   4.7284
#          87       0.00000     14.61      2.00     3   4.7541
#          88       0.00000     13.50      2.00     3   4.7994
#          89       0.00000     13.21      2.00     3   4.8120
#          90       0.00000      5.61      1.00     4   4.8140
#          91       0.00000     13.38      1.00     2   4.8158
#          92       0.00000     38.82      2.00     3   4.8159
#          93       0.00000     30.57      1.00     4   4.8159
#          94       0.00000     22.72      2.00     3   4.8201
#          95       0.00000     21.91      2.00     4   4.8328
#          96       0.00000      5.43      1.00     4   4.8516
#          98       0.00000     12.79      2.00     3   4.8567
#         101       0.00000     19.78      1.00     2   4.8962
#         102       0.00000      5.22      1.00     4   4.8966
#         105       0.00000      5.10      1.00     4   4.9242
#         107       0.00000      5.08      1.00     4   4.9270
#         109       0.00000     30.75      2.00     3   4.9328
#         110       0.00000     19.34      1.00     2   4.9393
#         111       0.00000     38.55      2.00     2   4.9461
#         114       0.00000     12.51      2.00     3   4.9614
#         115       0.00000     20.10      2.00     3   4.9625
#         116       0.00000     41.06      2.00     3   4.9669
#         117       0.00000     12.17      1.00     4   4.9694
#         118       0.00000     19.02      1.00     2   4.9712
#         119       0.00000     31.40      2.00     3   4.9720
#         120       0.00000     18.11      2.00     4   4.9806
#         121       0.00000     11.52      2.00     4   4.9825
#         122       0.00000     28.99      2.00     3   4.9850
#         123       0.00000     18.87      1.00     2   4.9867
#         124       0.00000     22.54      1.00     4   4.9878
#         126       0.00000     34.01      2.00     3   4.9981
#         128       0.00000     13.23      1.00     4   5.0046
#         129       0.00000     29.59      2.00     3   5.0212
#         130       0.00000     10.98      1.00     4   5.0240
#         131       0.00000     15.82      1.00     4   5.0250
#         133       0.00000     18.89      2.00     3   5.0483
#         134       0.00000     12.05      1.00     4   5.0557
#         135       0.00000     27.93      1.00     2   5.0616
#         136       0.00000     18.16      1.00     2   5.0612
#         137       0.00000      4.53      1.00     4   5.0645
#         138       0.00000     16.71      2.00     4   5.0673
#         139       0.00000      4.45      1.00     4   5.0882
#         140       0.00000     27.54      1.00     2   5.0899
#         141       0.00000     26.68      2.00     3   5.1022
#         142       0.00000      9.76      1.00     4   5.1432
#         143       0.00000      4.04      1.00     4   5.2076
#         144       0.00000     15.95      1.00     2   5.3181
#         145       0.00000      4.68      2.00     3   5.3592
#         146       0.00000      4.41      2.00     3   5.3976
#         147       0.00000      8.39      2.00     3   5.4171
#         148       0.00000     15.10      1.00     2   5.4287
#         149       0.00000      8.36      2.00     3   5.4334
#         150       0.00000      4.99      2.00     3   5.4513
#         151       0.00000      7.76      2.00     3   5.4583
#         152       0.00000      8.70      2.00     3   5.4784
#         153       0.00000      7.29      2.00     3   5.4882
#         154       0.00000      7.21      2.00     3   5.5126
#         155       0.00000     28.98      2.00     2   5.5139
#         157       0.00000      4.14      2.00     3   5.5423
#         158       0.00000      5.01      2.00     3   5.5435
#         160       0.00000      5.66      2.00     3   5.6186
#         161       0.00000      8.40      4.00     3   5.6345
#         162       0.00000     12.96      1.00     2   5.7469
#         163       0.00000     12.93      1.00     2   5.7527
#         164       0.00000     12.73      1.00     2   5.7845
#         165       0.00000      5.89      2.00     3   5.7882
#         166       0.00000     12.64      1.00     2   5.7996
#         167       0.00000     19.59      1.00     2   5.8099
#         168       0.00000      6.09      2.00     3   5.8115
#         169       0.00000      6.75      2.00     3   5.8115
#         170       0.00000     40.74      2.00     3   5.8168
#         171       0.00000     24.53      1.00     4   5.8236
#         172       0.00000     12.43      1.00     2   5.8360
#         173       0.00000      7.35      1.00     2   5.8371
#         174       0.00000      7.33      1.00     2   5.8437
#         175       0.00000     12.23      1.00     2   5.8705
#         176       0.00000      4.66      2.00     3   5.8927
#         177       0.00000     16.79      2.00     3   5.8937
#         178       0.00000     14.16      2.00     4   5.8942
#         179       0.00000     10.85      2.00     3   5.8986
#         180       0.00000     12.05      1.00     2   5.9036
#         181       0.00000     10.87      2.00     3   5.9133
#         182       0.00000     18.68      1.00     2   5.9164
#         183       0.00000     42.64      2.00     3   5.9199
#         184       0.00000     10.25      2.00     3   5.9225
#         185       0.00000     25.53      1.00     4   5.9234
#         186       0.00000      9.39      2.00     4   5.9257
#         187       0.00000     11.74      1.00     2   5.9589
#         189       0.00000     11.71      1.00     2   5.9655
#         190       0.00000      4.09      2.00     3   5.9864
#         193       0.00000     11.50      1.00     2   6.0051
#         194       0.00000     11.47      1.00     2   6.0105
#         195       0.00000     11.42      1.00     2   6.0200
#         196       0.00000     11.41      1.00     2   6.0224
#         197       0.00000     11.39      1.00     2   6.0251
#         198       0.00000     11.37      1.00     2   6.0292
#         199       0.00000     11.26      1.00     2   6.0502
#         200       0.00000      4.73      2.00     3   6.0655
#         201       0.00000      4.32      2.00     3   6.1017
#         202       0.00000     10.97      1.00     2   6.1077
#         203       0.00000     10.97      1.00     2   6.1090
#         204       0.00000      6.10      2.00     3   6.1162
#         205       0.00000     10.07      2.00     3   6.1186
#         206       0.00000     10.81      1.00     2   6.1399
#         208       0.00000      5.90      2.00     3   6.1589
#         209       0.00000      6.06      2.00     3   6.1587
#         210       0.00000     10.69      1.00     2   6.1645
#         211       0.00000     12.04      4.00     3   6.1709
#         212       0.00000      5.87      2.00     3   6.1731
#         213       0.00000     10.64      1.00     2   6.1761
#         214       0.00000     10.61      1.00     2   6.1826
#         215       0.00000      5.66      2.00     3   6.1979
#         216       0.00000      8.06      2.00     3   6.2040
#         217       0.00000      5.71      2.00     3   6.2084
#         219       0.00000      7.97      2.00     3   6.2135
#         220       0.00000     10.43      1.00     2   6.2198
#         221       0.00000      7.86      2.00     3   6.2449
#         222       0.00000     10.26      1.00     2   6.2567
#         223       0.00000      4.16      2.00     3   6.2673
#         224       0.00000      4.59      2.00     3   6.2692
#         225       0.00000      5.83      1.00     2   6.2743
#         226       0.00000      6.41      2.00     3   6.2792
#         227       0.00000      5.82      1.00     2   6.2805
#         229       0.00000      4.76      2.00     3   6.2838
#         230       0.00000      8.49      2.00     3   6.2879
#         231       0.00000      4.22      2.00     3   6.2874
#         233       0.00000      4.80      2.00     3   6.2919
#         234       0.00000      4.17      2.00     3   6.2956
#         235       0.00000      8.45      2.00     3   6.2984
#         237       0.00000     10.03      1.00     2   6.3072
#         240       0.00000      7.14      2.00     3   6.3220
#         242       0.00000      7.58      2.00     3   6.3233
#         243       0.00000      9.93      1.00     2   6.3317
#         244       0.00000      8.44      2.00     3   6.3321
#         245       0.00000      4.68      2.00     3   6.3330
#         246       0.00000      5.32      2.00     3   6.3330
#         249       0.00000      5.14      2.00     3   6.3398
#         250       0.00000      5.28      2.00     3   6.3423
#         251       0.00000      8.95      2.00     3   6.3502
#         254       0.00000      4.38      2.00     3   6.3780
#         255       0.00000      4.13      2.00     3   6.3794
#         257       0.00000      5.61      2.00     3   6.3876
#         259       0.00000      5.08      2.00     3   6.3883
#         262       0.00000      9.65      1.00     2   6.3951
#         263       0.00000      4.01      2.00     3   6.3952
#         265       0.00000      4.67      2.00     3   6.4002
#         266       0.00000      5.68      2.00     3   6.4007
#         267       0.00000      4.35      2.00     3   6.4088
#         268       0.00000      5.61      2.00     3   6.4122
#         270       0.00000      6.10      2.00     3   6.4167
#         271       0.00000      6.06      2.00     3   6.4167
#         273       0.00000      4.47      2.00     3   6.4247
#         274       0.00000      9.52      1.00     2   6.4275
#         275       0.00000      5.02      2.00     3   6.4362
#         277       0.00000      4.58      2.00     3   6.4399
#         279       0.00000      8.47      2.00     3   6.4419
#         280       0.00000      5.36      1.00     2   6.4424
#         281       0.00000      9.45      1.00     2   6.4434
#         282       0.00000      4.27      2.00     3   6.4449
#         283       0.00000      4.55      2.00     3   6.4454
#         284       0.00000      9.44      1.00     2   6.4461
#         286       0.00000      6.08      2.00     3   6.4501
#         287       0.00000      9.42      1.00     2   6.4508
#         289       0.00000      4.53      2.00     3   6.4534
#         290       0.00000      4.69      2.00     3   6.4533
#         293       0.00000      9.36      1.00     2   6.4660
#         294       0.00000      9.32      1.00     2   6.4761
#         295       0.00000      5.26      1.00     2   6.4772
#         296       0.00000      7.31      2.00     3   6.4839
#         297       0.00000     11.71      2.00     3   6.4870
#         298       0.00000      6.14      2.00     3   6.4907
#         299       0.00000      9.25      1.00     2   6.4916
#         301       0.00000      5.98      2.00     3   6.4993
#         302       0.00000      7.28      2.00     3   6.5010
#         303       0.00000     13.48      2.00     3   6.5050
#         306       0.00000      4.69      2.00     3   6.5269
#         307       0.00000      5.20      2.00     3   6.5278
#         310       0.00000      9.09      1.00     2   6.5337
#         311       0.00000      5.35      1.00     4   6.5338
#         312       0.00000      4.34      2.00     4   6.5353
#         314       0.00000      9.04      1.00     2   6.5452
#         315       0.00000     12.84      2.00     3   6.5509
#         316       0.00000      6.56      2.00     3   6.5518
#         318       0.00000      4.31      2.00     4   6.5521
#         319       0.00000     16.00      2.00     3   6.5555
#         320       0.00000     13.62      2.00     3   6.5635
#         321       0.00000      8.97      1.00     2   6.5648
#         322       0.00000      7.73      1.00     4   6.5772
#         323       0.00000     15.98      2.00     3   6.5858
#         324       0.00000     11.94      2.00     3   6.5861
#         326       0.00000     17.70      2.00     2   6.5953
#         330       0.00000      5.80      2.00     3   6.6066
#         331       0.00000      7.83      1.00     4   6.6069
#         332       0.00000      8.76      1.00     2   6.6198
#         333       0.00000      7.28      2.00     3   6.6196
#         334       0.00000     14.14      2.00     3   6.6248
#         335       0.00000     12.62      2.00     3   6.6248
#         336       0.00000      8.72      1.00     2   6.6286
#         337       0.00000      8.72      1.00     2   6.6304
#         339       0.00000     16.12      2.00     3   6.6375
#         341       0.00000     12.92      2.00     3   6.6453
#         343       0.00000      7.27      2.00     3   6.6534
#         344       0.00000      4.84      2.00     4   6.6542
#         345       0.00000      6.06      1.00     4   6.6542
#         346       0.00000      4.89      1.00     4   6.6542
#         347       0.00000      8.26      1.00     4   6.6552
#         348       0.00000      8.61      1.00     2   6.6596
#         349       0.00000      8.60      1.00     2   6.6605
#         350       0.00000      8.60      1.00     2   6.6607
#         351       0.00000      6.71      1.00     4   6.6611
#         353       0.00000     17.13      2.00     3   6.6731
#         354       0.00000      6.07      1.00     4   6.6743
#         355       0.00000     12.83      2.00     3   6.6769
#         356       0.00000      5.00      2.00     4   6.6833
#         357       0.00000      8.52      1.00     2   6.6847
#         359       0.00000      6.67      2.00     3   6.6910
#         360       0.00000     12.82      2.00     3   6.6935
#   302/ 343 paths used
#  xsedge+50, used to normalize mu           3.2605E-04
#  -----------------------------------------------------------------------
#  omega    e    k    mu    mu0     chi     @#
    7120.416    -17.527   0.050  1.64520E-01  2.78476E-01 -2.31518E-01
    7120.444    -17.498   0.100  1.68114E-01  2.83369E-01 -2.33797E-01
    7120.492    -17.451   0.150  1.78714E-01  2.97748E-01 -2.40380E-01
    7120.558    -17.384   0.200  1.89645E-01  3.12128E-01 -2.46240E-01
    7120.644    -17.298   0.250  2.05871E-01  3.33947E-01 -2.55585E-01
    7120.749    -17.193   0.300  2.22736E-01  3.55766E-01 -2.63528E-01
    7120.873    -17.070   0.350  2.39836E-01  3.79887E-01 -2.74649E-01
    7121.016    -16.927   0.400  2.57642E-01  4.04007E-01 -2.84178E-01
    7121.178    -16.765   0.450  2.70805E-01  4.25766E-01 -2.97134E-01
    7121.358    -16.584   0.500  2.84532E-01  4.47525E-01 -3.08704E-01
    7121.559    -16.384   0.550  2.92502E-01  4.65876E-01 -3.23589E-01
    7121.778    -16.165   0.600  3.00976E-01  4.84226E-01 -3.37121E-01
    7122.016    -15.927   0.650  3.05207E-01  5.00136E-01 -3.52765E-01
    7122.273    -15.669   0.700  3.10197E-01  5.16046E-01 -3.66555E-01
    7122.549    -15.393   0.750  3.13161E-01  5.30595E-01 -3.80329E-01
    7122.844    -15.098   0.800  3.17264E-01  5.45143E-01 -3.91666E-01
    7123.159    -14.784   0.850  3.21200E-01  5.59091E-01 -4.01218E-01
    7123.492    -14.450   0.900  3.26063E-01  5.73040E-01 -4.08885E-01
    7123.845    -14.098   0.950  3.30636E-01  5.86783E-01 -4.15821E-01
    7124.216    -13.726   1.000  3.34240E-01  6.00526E-01 -4.24037E-01
    7124.606    -13.336   1.050  3.38237E-01  6.14270E-01 -4.30847E-01
    7125.016    -12.926   1.100  3.43797E-01  6.28013E-01 -4.34999E-01
    7125.445    -12.498   1.150  3.52536E-01  6.41809E-01 -4.33947E-01
    7125.892    -12.050   1.200  3.66630E-01  6.55604E-01 -4.25060E-01
    7126.359    -11.583   1.250  3.86721E-01  6.69427E-01 -4.07674E-01
    7126.845    -11.097   1.300  4.15083E-01  6.83249E-01 -3.79260E-01
    7127.350    -10.593   1.350  4.52368E-01  6.97000E-01 -3.39352E-01
    7127.874    -10.069   1.400  4.98864E-01  7.10751E-01 -2.88407E-01
    7128.416     -9.526   1.450  5.53523E-01  7.24314E-01 -2.28192E-01
    7128.978     -8.964   1.500  6.13840E-01  7.37877E-01 -1.62731E-01
    7129.559     -8.383   1.550  6.76651E-01  7.51100E-01 -9.59681E-02
    7130.160     -7.783   1.600  7.37833E-01  7.64323E-01 -3.35607E-02
    7130.779     -7.164   1.650  7.93690E-01  7.77056E-01  2.07309E-02
    7131.417     -6.525   1.700  8.40621E-01  7.89789E-01  6.23372E-02
    7132.074     -5.868   1.750  8.76339E-01  8.01851E-01  8.99820E-02
    7132.750     -5.192   1.800  9.00057E-01  8.13913E-01  1.02530E-01
    7133.446     -4.497   1.850  9.12052E-01  8.25149E-01  1.02040E-01
    7134.160     -3.782   1.900  9.15004E-01  8.36385E-01  9.10858E-02
    7134.893     -3.049   1.950  9.13312E-01  8.46633E-01  7.63374E-02
    7135.646     -2.296   2.000  9.10250E-01  8.56880E-01  6.03846E-02
    7136.417     -1.525   2.050  9.10306E-01  8.65390E-01  5.03457E-02
    7137.208     -0.734   2.100  9.14224E-01  8.73901E-01  4.47814E-02
    7138.018      0.075   2.150  9.22773E-01  8.82411E-01  4.44148E-02
    7138.846      0.904   2.200  9.35282E-01  8.90921E-01  4.83723E-02
    7139.694      1.752   2.250  9.49209E-01  8.95941E-01  5.78159E-02
    7140.561      2.619   2.300  9.62052E-01  9.00962E-01  6.60028E-02
    7141.447      3.504   2.350  9.72132E-01  9.05982E-01  7.11421E-02
    7142.352      4.409   2.400  9.78801E-01  9.11003E-01  7.25839E-02
    7143.275      5.333   2.450  9.76448E-01  9.13733E-01  6.68865E-02
    7144.218      6.276   2.500  9.70890E-01  9.16464E-01  5.78270E-02
    7145.180      7.238   2.550  9.64419E-01  9.19194E-01  4.78693E-02
    7146.161      8.219   2.600  9.58513E-01  9.21925E-01  3.85824E-02
    7147.162      9.219   2.650  9.57062E-01  9.30278E-01  2.80472E-02
    7148.181     10.239   2.700  9.55593E-01  9.38631E-01  1.76397E-02
    7149.219     11.277   2.750  9.53427E-01  9.46985E-01  6.65333E-03
    7150.276     12.334   2.800  9.50042E-01  9.55338E-01 -5.43203E-03
    7151.353     13.410   2.850  9.42640E-01  9.60202E-01 -1.79374E-02
    7152.448     14.506   2.900  9.35293E-01  9.65066E-01 -3.02794E-02
    7153.562     15.620   2.950  9.29250E-01  9.69930E-01 -4.11954E-02
    7154.696     16.754   3.000  9.25994E-01  9.74794E-01 -4.92081E-02
    7155.848     17.906   3.050  9.22732E-01  9.77365E-01 -5.49831E-02
    7157.020     19.078   3.100  9.24065E-01  9.79936E-01 -5.61200E-02
    7158.211     20.268   3.150  9.30828E-01  9.82506E-01 -5.18092E-02
    7159.420     21.478   3.200  9.43228E-01  9.85077E-01 -4.18740E-02
    7160.649     22.707   3.250  9.57245E-01  9.85661E-01 -2.84109E-02
    7161.897     23.954   3.300  9.75017E-01  9.86244E-01 -1.12159E-02
    7163.164     25.221   3.350  9.94926E-01  9.86827E-01  8.08520E-03
    7164.449     26.507   3.400  1.01501E+00  9.87410E-01  2.75358E-02
    7165.754     27.812   3.450  1.03223E+00  9.87314E-01  4.48257E-02
    7167.078     29.136   3.500  1.04627E+00  9.87217E-01  5.89735E-02
    7168.421     30.479   3.550  1.05603E+00  9.87120E-01  6.88512E-02
    7169.783     31.841   3.600  1.06088E+00  9.87024E-01  7.38323E-02
    7171.165     33.222   3.650  1.05963E+00  9.85914E-01  7.37492E-02
    7172.565     34.622   3.700  1.05366E+00  9.84804E-01  6.89529E-02
    7173.984     36.042   3.750  1.04364E+00  9.83694E-01  6.00809E-02
    7175.422     37.480   3.800  1.03028E+00  9.82584E-01  4.78451E-02
    7176.879     38.937   3.850  1.01410E+00  9.81665E-01  3.25708E-02
    7178.356     40.414   3.900  9.95867E-01  9.80747E-01  1.52003E-02
    7179.851     41.909   3.950  9.76373E-01  9.79828E-01 -3.47645E-03
    7181.366     43.423   4.000  9.56521E-01  9.78909E-01 -2.25557E-02
    7182.899     44.957   4.050  9.37065E-01  9.77868E-01 -4.11451E-02
    7184.452     46.510   4.100  9.19941E-01  9.76826E-01 -5.74144E-02
    7186.023     48.081   4.150  9.06527E-01  9.75785E-01 -6.99657E-02
    7187.614     49.672   4.200  8.97997E-01  9.74743E-01 -7.76023E-02
    7189.224     51.282   4.250  8.95843E-01  9.73998E-01 -7.90792E-02
    7190.853     52.910   4.300  8.99548E-01  9.73252E-01 -7.46260E-02
    7192.500     54.558   4.350  9.08123E-01  9.72507E-01 -6.52321E-02
    7194.167     56.225   4.400  9.19800E-01  9.71761E-01 -5.26813E-02
    7195.853     57.911   4.450  9.33317E-01  9.71424E-01 -3.86497E-02
    7197.558     59.616   4.500  9.45369E-01  9.71087E-01 -2.60936E-02
    7199.282     61.340   4.550  9.54183E-01  9.70750E-01 -1.68146E-02
    7201.025     63.083   4.600  9.59028E-01  9.70413E-01 -1.15595E-02
    7202.787     64.845   4.650  9.60615E-01  9.70229E-01 -9.76151E-03
    7204.569     66.626   4.700  9.60168E-01  9.70044E-01 -1.00292E-02
    7206.369     68.426   4.750  9.60075E-01  9.69860E-01 -9.93665E-03
    7208.188     70.246   4.800  9.62763E-01  9.69676E-01 -7.02063E-03
    7210.026     72.084   4.850  9.70295E-01  9.69773E-01  5.29948E-04
    7211.884     73.941   4.900  9.83045E-01  9.69869E-01  1.33776E-02
    7213.760     75.818   4.950  1.00017E+00  9.69966E-01  3.06584E-02
    7215.656     77.713   5.000  1.01954E+00  9.70063E-01  5.02253E-02
    7217.570     79.628   5.050  1.03850E+00  9.70255E-01  6.92453E-02
    7219.504     81.561   5.100  1.05378E+00  9.70446E-01  8.45330E-02
    7221.456     83.514   5.150  1.06302E+00  9.70638E-01  9.36764E-02
    7223.428     85.486   5.200  1.06491E+00  9.70830E-01  9.53721E-02
    7225.419     87.476   5.250  1.05908E+00  9.71003E-01  8.92655E-02
    7227.428     89.486   5.300  1.04672E+00  9.71177E-01  7.65476E-02
    7229.457     91.515   5.350  1.02949E+00  9.71350E-01  5.89000E-02
    7231.505     93.563   5.400  1.00921E+00  9.71524E-01  3.81635E-02
    7233.572     95.630   5.450  9.87180E-01  9.71569E-01  1.58087E-02
    7235.658     97.716   5.500  9.64996E-01  9.71614E-01 -6.70173E-03
    7237.763     99.821   5.550  9.43579E-01  9.71660E-01 -2.84324E-02
    7239.887    101.945   5.600  9.23749E-01  9.71705E-01 -4.85521E-02
    7242.030    104.088   5.650  9.06327E-01  9.71501E-01 -6.59943E-02
    7244.192    106.250   5.700  8.92644E-01  9.71298E-01 -7.96559E-02
    7246.374    108.431   5.750  8.83985E-01  9.71094E-01 -8.82315E-02
    7248.574    110.632   5.800  8.81492E-01  9.70890E-01 -9.05640E-02
    7250.793    112.851   5.850  8.85706E-01  9.70427E-01 -8.58714E-02
    7253.032    115.089   5.900  8.96425E-01  9.69963E-01 -7.45775E-02
    7255.289    117.347   5.950  9.12357E-01  9.69499E-01 -5.79815E-02
    7257.565    119.623   6.000  9.31332E-01  9.69036E-01 -3.82789E-02
    7259.861    121.919   6.050  9.50240E-01  9.68099E-01 -1.81529E-02
    7262.176    124.233   6.100  9.66823E-01  9.67163E-01 -3.46486E-04
    7264.509    126.567   6.150  9.79048E-01  9.66227E-01  1.30626E-02
    7266.862    128.920   6.200  9.85869E-01  9.65291E-01  2.09907E-02
    7269.233    131.291   6.250  9.87404E-01  9.64355E-01  2.35395E-02
    7271.624    133.682   6.300  9.84842E-01  9.63419E-01  2.19053E-02
    7274.034    136.092   6.350  9.80105E-01  9.62483E-01  1.80400E-02
    7276.463    138.521   6.400  9.75367E-01  9.61546E-01  1.41652E-02
    7278.911    140.969   6.450  9.72563E-01  9.60610E-01  1.22655E-02
    7281.378    143.436   6.500  9.72989E-01  9.59674E-01  1.36795E-02
    7283.864    145.922   6.550  9.76502E-01  9.58357E-01  1.86749E-02
    7286.369    148.427   6.600  9.83222E-01  9.57040E-01  2.69957E-02
    7288.893    150.951   6.650  9.91971E-01  9.55723E-01  3.74424E-02
    7291.436    153.494   6.700  1.00106E+00  9.54406E-01  4.82763E-02
    7293.998    156.056   6.750  1.00856E+00  9.53089E-01  5.75035E-02
    7296.580    158.637   6.800  1.01260E+00  9.51771E-01  6.31762E-02
    7299.180    161.238   6.850  1.01166E+00  9.50454E-01  6.36848E-02
    7301.799    163.857   6.900  1.00479E+00  9.49137E-01  5.80166E-02
    7304.438    166.495   6.950  9.91826E-01  9.47820E-01  4.59556E-02
    7307.095    169.153   7.000  9.73445E-01  9.46503E-01  2.81877E-02
    7309.772    171.829   7.050  9.51390E-01  9.45264E-01  6.42144E-03
    7312.467    174.525   7.100  9.27537E-01  9.44025E-01 -1.73134E-02
    7315.182    177.240   7.150  9.04390E-01  9.42785E-01 -4.03934E-02
    7317.916    179.973   7.200  8.84474E-01  9.41546E-01 -6.01531E-02
    7320.668    182.726   7.250  8.69917E-01  9.40307E-01 -7.43278E-02
    7323.440    185.498   7.300  8.62083E-01  9.39068E-01 -8.14418E-02
    7326.231    188.289   7.350  8.61362E-01  9.37829E-01 -8.10451E-02
    7329.041    191.098   7.400  8.67147E-01  9.36590E-01 -7.37372E-02
    7331.870    193.927   7.450  8.78037E-01  9.35350E-01 -6.09719E-02
    7334.718    196.775   7.500  8.92167E-01  9.34111E-01 -4.47051E-02
    7337.585    199.642   7.550  9.07948E-01  9.33145E-01 -2.68939E-02
    7340.471    202.528   7.600  9.23339E-01  9.32179E-01 -9.44875E-03
    7343.376    205.434   7.650  9.37070E-01  9.31212E-01  6.26987E-03
    7346.300    208.358   7.700  9.48357E-01  9.30246E-01  1.94147E-02
    7349.243    211.301   7.750  9.56820E-01  9.29280E-01  2.95640E-02
    7352.205    214.263   7.800  9.62328E-01  9.28313E-01  3.65674E-02
    7355.187    217.244   7.850  9.64879E-01  9.27347E-01  4.04069E-02
    7358.187    220.245   7.900  9.64537E-01  9.26381E-01  4.11380E-02
    7361.207    223.264   7.950  9.61468E-01  9.25414E-01  3.89271E-02
    7364.245    226.303   8.000  9.56032E-01  9.24448E-01  3.41508E-02
    7367.302    229.360   8.050  9.49027E-01  9.23626E-01  2.74944E-02
    7370.379    232.437   8.100  9.41251E-01  9.22804E-01  1.99876E-02
    7373.475    235.532   8.150  9.33798E-01  9.21983E-01  1.28168E-02
    7376.589    238.647   8.200  9.27718E-01  9.21161E-01  7.11966E-03
    7379.723    241.781   8.250  9.23738E-01  9.20339E-01  3.69428E-03
    7382.876    244.934   8.300  9.22051E-01  9.19518E-01  2.75638E-03
    7386.048    248.105   8.350  9.22221E-01  9.18696E-01  3.84067E-03
    7389.238    251.296   8.400  9.23285E-01  9.17874E-01  5.90070E-03
    7392.448    254.506   8.450  9.24009E-01  9.17052E-01  7.59488E-03
    7395.677    257.735   8.500  9.23257E-01  9.16231E-01  7.67904E-03
    7398.925    260.983   8.550  9.20173E-01  9.15347E-01  5.27777E-03
    7402.192    264.250   8.600  9.14901E-01  9.14464E-01  4.78395E-04
    7405.479    267.536   8.650  9.08079E-01  9.13581E-01 -6.02786E-03
    7408.784    270.841   8.700  9.00796E-01  9.12697E-01 -1.30507E-02
    7412.108    274.166   8.750  8.94260E-01  9.11814E-01 -1.92651E-02
    7415.451    277.509   8.800  8.89442E-01  9.10931E-01 -2.36033E-02
    7418.813    280.871   8.850  8.86813E-01  9.10047E-01 -2.55433E-02
    7422.195    284.253   8.900  8.86259E-01  9.09164E-01 -2.52025E-02
    7425.595    287.653   8.950  8.87201E-01  9.08280E-01 -2.32140E-02
    7429.015    291.072   9.000  8.88853E-01  9.07397E-01 -2.04385E-02
    7432.453    294.511   9.050  8.90271E-01  9.06334E-01 -1.77217E-02
    7435.911    297.969   9.100  8.91371E-01  9.05271E-01 -1.53512E-02
    7439.387    301.445   9.150  8.92352E-01  9.04209E-01 -1.31073E-02
    7442.883    304.941   9.200  8.93775E-01  9.03146E-01 -1.03697E-02
    7446.398    308.455   9.250  8.96287E-01  9.02083E-01 -6.41988E-03
    7449.932    311.989   9.300  9.00295E-01  9.01020E-01 -8.03943E-04
    7453.484    315.542   9.350  9.05707E-01  8.99957E-01  6.38170E-03
    7457.056    319.114   9.400  9.11848E-01  8.98894E-01  1.43922E-02
    7460.647    322.705   9.450  9.17585E-01  8.97832E-01  2.19688E-02
    7464.257    326.315   9.500  9.21623E-01  8.96769E-01  2.76695E-02
    7467.886    329.944   9.550  9.22898E-01  8.95577E-01  3.04533E-02
    7471.534    333.592   9.600  9.20820E-01  8.94385E-01  2.95029E-02
    7475.201    337.259   9.650  9.15560E-01  8.93193E-01  2.49931E-02
    7478.887    340.945   9.700  9.08003E-01  8.92001E-01  1.79033E-02
    7482.593    344.650   9.750  8.99520E-01  8.90809E-01  9.75759E-03
    7486.317    348.375   9.800  8.91593E-01  8.89617E-01  2.21615E-03
    7490.060    352.118   9.850  8.85434E-01  8.88425E-01 -3.35909E-03
    7493.823    355.880   9.900  8.81688E-01  8.87233E-01 -6.23421E-03
    7497.604    359.662   9.950  8.80320E-01  8.86041E-01 -6.44072E-03
    7501.404    363.462  10.000  8.80683E-01  8.84849E-01 -4.69537E-03
    7505.224    367.282  10.050  8.81771E-01  8.83696E-01 -2.17249E-03
    7509.062    371.120  10.100  8.82473E-01  8.82544E-01 -7.98857E-05
    7512.920    374.978  10.150  8.81923E-01  8.81391E-01  6.02029E-04
    7516.797    378.854  10.200  8.79688E-01  8.80238E-01 -6.22881E-04
    7520.692    382.750  10.250  8.75831E-01  8.79086E-01 -3.69180E-03
    7524.607    386.665  10.300  8.70839E-01  8.77933E-01 -8.05833E-03
    7528.541    390.599  10.350  8.65463E-01  8.76780E-01 -1.28713E-02
    7532.494    394.552  10.400  8.60532E-01  8.75628E-01 -1.71915E-02
    7536.466    398.524  10.450  8.56774E-01  8.74475E-01 -2.01849E-02
    7540.457    402.514  10.500  8.54705E-01  8.73322E-01 -2.12571E-02
    7544.467    406.524  10.550  8.54573E-01  8.72169E-01 -2.01174E-02
    7548.496    410.554  10.600  8.56352E-01  8.71017E-01 -1.67876E-02
    7552.544    414.602  10.650  8.59766E-01  8.69864E-01 -1.15755E-02
    7556.611    418.669  10.700  8.64329E-01  8.68711E-01 -5.02964E-03
    7560.697    422.755  10.750  8.69404E-01  8.67559E-01  2.12005E-03
    7564.803    426.860  10.800  8.74263E-01  8.66406E-01  9.04126E-03
    7568.927    430.985  10.850  8.78187E-01  8.65253E-01  1.49030E-02
    7573.070    435.128  10.900  8.80569E-01  8.64101E-01  1.90004E-02
    7577.233    439.290  10.950  8.81022E-01  8.62948E-01  2.08801E-02
    7581.414    443.472  11.000  8.79461E-01  8.61795E-01  2.04356E-02
    7585.615    447.672  11.050  8.76147E-01  8.60595E-01  1.80156E-02
    7589.834    451.892  11.100  8.71579E-01  8.59395E-01  1.41330E-02
    7594.073    456.130  11.150  8.66404E-01  8.58194E-01  9.53658E-03
    7598.330    460.388  11.200  8.61293E-01  8.56994E-01  5.00060E-03
    7602.607    464.665  11.250  8.56779E-01  8.55793E-01  1.14841E-03
    7606.903    468.961  11.300  8.53154E-01  8.54593E-01 -1.67818E-03
    7611.218    473.275  11.350  8.50430E-01  8.53393E-01 -3.46067E-03
    7615.552    477.609  11.400  8.48394E-01  8.52192E-01 -4.44247E-03
    7619.904    481.962  11.450  8.46734E-01  8.50992E-01 -4.98701E-03
    7624.276    486.334  11.500  8.45179E-01  8.49792E-01 -5.40903E-03
    7628.667    490.725  11.550  8.43615E-01  8.48591E-01 -5.84404E-03
    7633.077    495.135  11.600  8.42113E-01  8.47391E-01 -6.20676E-03
    7637.507    499.564  11.650  8.40879E-01  8.46190E-01 -6.25447E-03
    7641.955    504.012  11.700  8.40132E-01  8.44990E-01 -5.72848E-03
    7646.422    508.480  11.750  8.39967E-01  8.43790E-01 -4.51358E-03
    7650.908    512.966  11.800  8.40267E-01  8.42589E-01 -2.74583E-03
    7655.413    517.471  11.850  8.40698E-01  8.41389E-01 -8.17721E-04
    7659.938    521.996  11.900  8.40804E-01  8.40188E-01  7.29758E-04
    7664.481    526.539  11.950  8.40161E-01  8.38988E-01  1.39257E-03
    7669.044    531.101  12.000  8.38542E-01  8.37788E-01  8.97162E-04
    7673.625    535.683  12.050  8.35867E-01  8.36436E-01 -6.76779E-04
    7678.226    540.283  12.100  8.32655E-01  8.35084E-01 -2.89716E-03
    7682.845    544.903  12.150  8.29474E-01  8.33731E-01 -5.08714E-03
    7687.484    549.542  12.200  8.26920E-01  8.32379E-01 -6.53480E-03
    7692.142    554.199  12.250  8.25416E-01  8.31027E-01 -6.72728E-03
    7696.818    558.876  12.300  8.25077E-01  8.29675E-01 -5.52225E-03
    7701.514    563.572  12.350  8.25669E-01  8.28323E-01 -3.19226E-03
    7706.229    568.287  12.400  8.26703E-01  8.26971E-01 -3.23074E-04
    7710.963    573.021  12.450  8.27607E-01  8.25619E-01  2.39856E-03
    7715.716    577.774  12.500  8.27932E-01  8.24267E-01  4.42967E-03
    7720.488    582.546  12.550  8.27505E-01  8.22915E-01  5.55639E-03
    7725.279    587.337  12.600  8.26468E-01  8.21563E-01  5.94828E-03
    7730.089    592.147  12.650  8.25199E-01  8.20211E-01  6.05888E-03
    7734.918    596.976  12.700  8.24126E-01  8.18859E-01  6.40793E-03
    7739.767    601.824  12.750  8.23520E-01  8.17507E-01  7.32805E-03
    7744.634    606.692  12.800  8.23344E-01  8.16155E-01  8.77552E-03
    7749.520    611.578  12.850  8.23214E-01  8.14803E-01  1.02846E-02
    7754.425    616.483  12.900  8.22509E-01  8.13451E-01  1.10941E-02
    7759.350    621.408  12.950  8.20584E-01  8.12099E-01  1.04097E-02
    7764.293    626.351  13.000  8.17025E-01  8.10747E-01  7.71549E-03
    7769.256    631.314  13.050  8.11838E-01  8.09414E-01  2.98333E-03
    7774.237    636.295  13.100  8.05516E-01  8.08082E-01 -3.16407E-03
    7779.238    641.296  13.150  7.98992E-01  8.06749E-01 -9.58121E-03
    7784.258    646.315  13.200  7.93375E-01  8.05417E-01 -1.48975E-02
    7789.296    651.354  13.250  7.89635E-01  8.04085E-01 -1.79062E-02
    7794.354    656.412  13.300  7.88312E-01  8.02752E-01 -1.79254E-02
    7799.431    661.489  13.350  7.89348E-01  8.01420E-01 -1.50105E-02
    7804.527    666.584  13.400  7.92100E-01  8.00087E-01 -9.94907E-03
    7809.642    671.699  13.450  7.95521E-01  7.98755E-01 -4.03464E-03
    7814.776    676.833  13.500  7.98469E-01  7.97423E-01  1.30781E-03
    7819.929    681.986  13.550  8.00026E-01  7.96090E-01  4.92751E-03
    7825.101    687.158  13.600  7.99748E-01  7.94758E-01  6.25757E-03
    7830.292    692.349  13.650  7.97753E-01  7.93425E-01  5.43614E-03
    7835.502    697.560  13.700  7.94643E-01  7.92093E-01  3.20929E-03
    7840.731    702.789  13.750  7.91281E-01  7.90761E-01  6.56520E-04
    7845.979    708.037  13.800  7.88505E-01  7.89428E-01 -1.16579E-03
    7851.247    713.304  13.850  7.86873E-01  7.88096E-01 -1.54719E-03
    7856.533    718.591  13.900  7.86515E-01  7.86763E-01 -3.14227E-04
    7861.838    723.896  13.950  7.87133E-01  7.85431E-01  2.15963E-03
    7867.163    729.221  14.000  7.88120E-01  7.84099E-01  5.11310E-03
    7872.506    734.564  14.050  7.88734E-01  7.82695E-01  7.69211E-03
    7877.869    739.927  14.100  7.88464E-01  7.81291E-01  9.15238E-03
    7883.251    745.308  14.150  7.87001E-01  7.79888E-01  9.09301E-03
    7888.651    750.709  14.200  7.84370E-01  7.78484E-01  7.53826E-03
    7894.071    756.129  14.250  7.80887E-01  7.77080E-01  4.88455E-03
    7899.510    761.567  14.300  7.77035E-01  7.75676E-01  1.74587E-03
    7904.967    767.025  14.350  7.73309E-01  7.74273E-01 -1.24053E-03
    7910.444    772.502  14.400  7.70092E-01  7.72869E-01 -3.58255E-03
    7915.940    777.998  14.450  7.67575E-01  7.71465E-01 -5.02813E-03
    7921.455    783.513  14.500  7.65759E-01  7.70062E-01 -5.57116E-03
    7926.989    789.047  14.550  7.64507E-01  7.68658E-01 -5.38512E-03
    7932.542    794.600  14.600  7.63620E-01  7.67254E-01 -4.72303E-03
    7938.114    800.172  14.650  7.62912E-01  7.65851E-01 -3.82603E-03
    7943.705    805.763  14.700  7.62246E-01  7.64447E-01 -2.87097E-03
    7949.316    811.373  14.750  7.61540E-01  7.63043E-01 -1.96489E-03
    7954.945    817.003  14.800  7.60744E-01  7.61640E-01 -1.17309E-03
    7960.593    822.651  14.850  7.59813E-01  7.60236E-01 -5.54413E-04
    7966.261    828.318  14.900  7.58696E-01  7.58832E-01 -1.78840E-04
    7971.947    834.005  14.950  7.57341E-01  7.57428E-01 -1.14739E-04
    7977.652    839.710  15.000  7.55728E-01  7.56025E-01 -3.91631E-04
    7983.377    845.435  15.050  7.53866E-01  7.54585E-01 -9.50504E-04
    7989.120    851.178  15.100  7.51880E-01  7.53146E-01 -1.67688E-03
    7994.883    856.941  15.150  7.49951E-01  7.51707E-01 -2.33033E-03
    8000.665    862.722  15.200  7.48287E-01  7.50267E-01 -2.63264E-03
    8006.465    868.523  15.250  7.47060E-01  7.48828E-01 -2.35513E-03
    8012.285    874.343  15.300  7.46339E-01  7.47389E-01 -1.40165E-03
    8018.124    880.182  15.350  7.46058E-01  7.45949E-01  1.44730E-04
    8023.982    886.040  15.400  7.46026E-01  7.44510E-01  2.03115E-03
    8029.859    891.916  15.450  7.45975E-01  7.43071E-01  3.89979E-03
    8035.755    897.812  15.500  7.45636E-01  7.41631E-01  5.38700E-03
    8041.670    903.727  15.550  7.44808E-01  7.40192E-01  6.22301E-03
    8047.604    909.661  15.600  7.43416E-01  7.38753E-01  6.29873E-03
    8053.557    915.615  15.650  7.41510E-01  7.37314E-01  5.67914E-03
    8059.529    921.587  15.700  7.39238E-01  7.35874E-01  4.56234E-03
    8065.520    927.578  15.750  7.36792E-01  7.34435E-01  3.20315E-03
    8071.530    933.588  15.800  7.34340E-01  7.32996E-01  1.83113E-03
    8077.560    939.617  15.850  7.31990E-01  7.31556E-01  5.92391E-04
    8083.608    945.666  15.900  7.29775E-01  7.30117E-01 -4.67279E-04
    8089.675    951.733  15.950  7.27672E-01  7.28678E-01 -1.37803E-03
    8095.762    957.820  16.000  7.25638E-01  7.27238E-01 -2.19652E-03
    8101.867    963.925  16.050  7.23642E-01  7.25803E-01 -2.97262E-03
    8107.992    970.050  16.100  7.21720E-01  7.24367E-01 -3.64929E-03
    8114.136    976.193  16.150  7.19922E-01  7.22932E-01 -4.15717E-03
    8120.298    982.356  16.200  7.18302E-01  7.21497E-01 -4.42125E-03
    8126.480    988.538  16.250  7.16886E-01  7.20061E-01 -4.40370E-03
    8132.681    994.738  16.300  7.15652E-01  7.18626E-01 -4.13155E-03
    8138.900   1000.958  16.350  7.14538E-01  7.17190E-01 -3.69349E-03
    8145.139   1007.197  16.400  7.13458E-01  7.15755E-01 -3.20435E-03
    8151.397   1013.455  16.450  7.12351E-01  7.14320E-01 -2.75181E-03
    8157.674   1019.732  16.500  7.11207E-01  7.12884E-01 -2.34955E-03
    8163.970   1026.028  16.550  7.10081E-01  7.11449E-01 -1.92019E-03
    8170.285   1032.343  16.600  7.09075E-01  7.10014E-01 -1.32035E-03
    8176.619   1038.677  16.650  7.08293E-01  7.08578E-01 -4.02257E-04
    8182.972   1045.030  16.700  7.07787E-01  7.07143E-01  9.10071E-04
    8189.345   1051.402  16.750  7.07517E-01  7.05707E-01  2.56081E-03
    8195.736   1057.794  16.800  7.07335E-01  7.04272E-01  4.34529E-03
    8202.146   1064.204  16.850  7.07021E-01  7.02837E-01  5.94796E-03
    8208.576   1070.633  16.900  7.06334E-01  7.01401E-01  7.02672E-03
    8215.024   1077.082  16.950  7.05092E-01  6.99966E-01  7.31617E-03
    8221.491   1083.549  17.000  7.03224E-01  6.98530E-01  6.71397E-03
    8227.978   1090.036  17.050  7.00791E-01  6.97075E-01  5.32548E-03
    8234.483   1096.541  17.100  6.97981E-01  6.95620E-01  3.39077E-03
    8241.008   1103.066  17.150  6.95056E-01  6.94165E-01  1.28137E-03
    8247.552   1109.609  17.200  6.92271E-01  6.92710E-01 -6.34015E-04
    8254.114   1116.172  17.250  6.89809E-01  6.91255E-01 -2.09142E-03
    8260.696   1122.754  17.300  6.87735E-01  6.89800E-01 -2.99267E-03
    8267.297   1129.355  17.350  6.85999E-01  6.88345E-01 -3.40606E-03
    8273.917   1135.975  17.400  6.84478E-01  6.86890E-01 -3.51041E-03
    8280.556   1142.613  17.450  6.83030E-01  6.85435E-01 -3.50657E-03
    8287.214   1149.271  17.500  6.81563E-01  6.83980E-01 -3.53174E-03
    8293.891   1155.948  17.550  6.80061E-01  6.82525E-01 -3.60949E-03
    8300.587   1162.644  17.600  6.78582E-01  6.81070E-01 -3.65265E-03
    8307.302   1169.360  17.650  6.77225E-01  6.79615E-01 -3.51528E-03
    8314.036   1176.094  17.700  6.76078E-01  6.78160E-01 -3.06996E-03
    8320.789   1182.847  17.750  6.75164E-01  6.76705E-01 -2.27758E-03
    8327.561   1189.619  17.800  6.74426E-01  6.75250E-01 -1.22011E-03
    8334.353   1196.410  17.850  6.73740E-01  6.73795E-01 -8.25030E-05
    8341.163   1203.221  17.900  6.72952E-01  6.72340E-01  9.09345E-04
    8347.992   1210.050  17.950  6.71939E-01  6.70885E-01  1.56990E-03
    8354.841   1216.899  18.000  6.70650E-01  6.69430E-01  1.82199E-03
    8361.708   1223.766  18.050  6.69135E-01  6.67980E-01  1.72892E-03
    8368.595   1230.653  18.100  6.67501E-01  6.66530E-01  1.45747E-03
    8375.500   1237.558  18.150  6.65893E-01  6.65079E-01  1.22336E-03
    8382.425   1244.483  18.200  6.64427E-01  6.63629E-01  1.20255E-03
    8389.369   1251.427  18.250  6.63147E-01  6.62179E-01  1.46154E-03
    8396.332   1258.389  18.300  6.62004E-01  6.60729E-01  1.93102E-03
    8403.313   1265.371  18.350  6.60882E-01  6.59278E-01  2.43332E-03
    8410.314   1272.372  18.400  6.59639E-01  6.57828E-01  2.75265E-03
    8417.334   1279.392  18.450  6.58163E-01  6.56378E-01  2.72047E-03
    8424.373   1286.431  18.500  6.56422E-01  6.54928E-01  2.28235E-03
    8431.431   1293.489  18.550  6.54471E-01  6.53478E-01  1.52035E-03
    8438.508   1300.566  18.600  6.52433E-01  6.52027E-01  6.22330E-04
    8445.604   1307.662  18.650  6.50454E-01  6.50577E-01 -1.89571E-04
    8452.719   1314.777  18.700  6.48645E-01  6.49127E-01 -7.43018E-04
    8459.854   1321.911  18.750  6.47043E-01  6.47677E-01 -9.79390E-04
    8467.007   1329.065  18.800  6.45598E-01  6.46226E-01 -9.72488E-04
    8474.179   1336.237  18.850  6.44200E-01  6.44776E-01 -8.94673E-04
    8481.370   1343.428  18.900  6.42719E-01  6.43326E-01 -9.43421E-04
    8488.581   1350.639  18.950  6.41070E-01  6.41876E-01 -1.25661E-03
    8495.810   1357.868  19.000  6.39242E-01  6.40425E-01 -1.84941E-03
    8503.059   1365.116  19.050  6.37323E-01  6.38993E-01 -2.61564E-03
    8510.326   1372.384  19.100  6.35455E-01  6.37561E-01 -3.30634E-03
    8517.613   1379.671  19.150  6.33800E-01  6.36129E-01 -3.66385E-03
    8524.919   1386.976  19.200  6.32475E-01  6.34697E-01 -3.50455E-03
    8532.243   1394.301  19.250  6.31500E-01  6.33265E-01 -2.78914E-03
    8539.587   1401.645  19.300  6.30796E-01  6.31833E-01 -1.64186E-03
    8546.950   1409.008  19.350  6.30205E-01  6.30401E-01 -3.11302E-04
    8554.332   1416.389  19.400  6.29542E-01  6.28969E-01  9.12657E-04
    8561.733   1423.790  19.450  6.28662E-01  6.27536E-01  1.79527E-03
    8569.152   1431.210  19.500  6.27500E-01  6.26104E-01  2.23133E-03
    8576.591   1438.649  19.550  6.26089E-01  6.24672E-01  2.27087E-03
    8584.050   1446.107  19.600  6.24540E-01  6.23240E-01  2.08800E-03
    8591.527   1453.584  19.650  6.22991E-01  6.21808E-01  1.90548E-03
    8599.023   1461.080  19.700  6.21556E-01  6.20376E-01  1.90388E-03
    8606.538   1468.596  19.750  6.20272E-01  6.18944E-01  2.14933E-03
    8614.072   1476.130  19.800  6.19094E-01  6.17512E-01  2.56605E-03
    8621.625   1483.683  19.850  6.17903E-01  6.16080E-01  2.96324E-03
    8629.198   1491.256  19.900  6.16554E-01  6.14647E-01  3.10590E-03
    8636.789   1498.847  19.950  6.14932E-01  6.13215E-01  2.80321E-03
    8644.400   1506.457  20.000  6.12995E-01  6.11783E-01  1.98287E-03
