# # Once                                                         FEFF 9.6.4  
# # POT  SCF 100  6.0000   0, core-hole, AFOLP (folp(0)= 1.150)
# # Abs   Z=26 Rmt= 1.362 Rnm= 1.413 K  shell
# # Pot 1 Z=57 Rmt= 1.840 Rnm= 1.840
# # Pot 2 Z=14 Rmt= 1.352 Rnm= 1.403
# # Pot 3 Z=26 Rmt= 1.364 Rnm= 1.415
# # Gam_ch=1.309E+00 H-L exch Vi= 0.000E+00 Vr= 0.000E+00
# # Mu=-1.660E+01 kf=2.106E+00 Vint=-2.555E+01 Rs_int= 1.722
# # PATH  Rmax= 6.000,  Keep_limit= 0.00, Heap_limit 0.00  Pwcrit= 2.50%
#  S02=0.800  Temp=  20.00  Debye_temp= 370.00  Global_sig2= 0.00350
#  Energy zero shift, vr, vi    0.00000E+00   0.00000E+00
#  Curved wave amplitude ratio filter   4.000%
#     file         sig2 tot  cw amp ratio   deg  nlegs   reff  inp sig2
#           1       0.00632    100.00      1.00     2   2.4224
#           2       0.00635     97.64      1.00     2   2.4521
#           3       0.00635     97.37      1.00     2   2.4555
#           4       0.00636     96.86      1.00     2   2.4622
#           5       0.00637     96.09      1.00     2   2.4722
#           6       0.00646     90.08      1.00     2   2.5547
#           7       0.00646     89.78      1.00     2   2.5589
#           8       0.00647     89.57      1.00     2   2.5620
#           9       0.00648     88.51      1.00     2   2.5774
#          10       0.00663     78.68      1.00     2   2.7339
#          11       0.00594     77.37      1.00     2   3.3221
#          12       0.00594     76.71      1.00     2   3.3360
#          13       0.00699     48.04      1.00     2   3.4450
#          14       0.00674      9.74      2.00     3   3.7167
#          15       0.00675      8.48      2.00     3   3.7305
#          16       0.00675     10.22      2.00     3   3.7301
#          17       0.00675      9.77      2.00     3   3.7308
#          18       0.00675      9.77      2.00     3   3.7345
#          19       0.00675      9.87      2.00     3   3.7364
#          20       0.00676      9.41      2.00     3   3.7376
#          21       0.00676      9.33      2.00     3   3.7459
#          22       0.00678      9.06      2.00     3   3.7635
#          23       0.00683      9.17      2.00     3   3.8334
#          24       0.00683      9.31      2.00     3   3.8338
#          25       0.00684      9.33      2.00     3   3.8382
#          26       0.00684      8.39      2.00     3   3.8408
#          27       0.00702     36.23      1.00     2   3.8892
#          28       0.00875     24.72      1.00     2   4.0760
#          29       0.00700     31.54      1.00     2   4.1186
#          30       0.00874     23.68      1.00     2   4.1361
#          31       0.00702      8.03      2.00     3   4.1571
#          32       0.00703      7.71      2.00     3   4.1746
#          33       0.00873     22.93      1.00     2   4.1814
#          34       0.00699     30.19      1.00     2   4.1927
#          35       0.00699     60.35      2.00     2   4.1933
#          36       0.00873     22.60      1.00     2   4.2021
#          37       0.00699     29.93      1.00     2   4.2071
#          38       0.00699     29.64      1.00     2   4.2237
#          39       0.00699     29.61      1.00     2   4.2258
#          40       0.00699     29.45      1.00     2   4.2346
#          41       0.00699     29.40      1.00     2   4.2380
#          42       0.00705     10.13      2.00     3   4.3754
#          43       0.00706      6.51      2.00     3   4.3800
#          44       0.00706      9.71      2.00     3   4.3923
#          45       0.00706      9.62      2.00     3   4.3956
#          46       0.00694     25.06      1.00     2   4.5158
#          47       0.00694     49.96      2.00     2   4.5215
#          48       0.00705      9.70      2.00     3   4.5341
#          49       0.00694     24.70      1.00     2   4.5413
#          50       0.00707      5.86      2.00     3   4.5433
#          51       0.00704     20.92      4.00     3   4.5488
#          52       0.00708      5.80      2.00     3   4.5578
#          53       0.00861      6.73      2.00     3   4.5620
#          54       0.00862      6.71      2.00     3   4.5663
#          55       0.00693     24.18      1.00     2   4.5796
#          56       0.00704     10.23      2.00     3   4.5794
#          57       0.00865     17.50      1.00     2   4.5799
#          58       0.00705      6.36      2.00     3   4.5840
#          59       0.00862      6.56      2.00     3   4.5856
#          60       0.00704      9.96      2.00     3   4.5867
#          61       0.00705      6.43      2.00     3   4.5898
#          62       0.00862      6.53      2.00     3   4.5902
#          63       0.00693     24.04      1.00     2   4.5903
#          64       0.00860      6.55      2.00     3   4.5918
#          65       0.00704      9.97      2.00     3   4.5929
#          66       0.00706      9.38      2.00     3   4.5980
#          67       0.00706      6.14      2.00     3   4.6004
#          68       0.00860      6.42      2.00     3   4.6091
#          69       0.00706      9.11      2.00     3   4.6116
#          70       0.00706      6.01      2.00     3   4.6198
#          71       0.00706      9.00      2.00     3   4.6201
#          72       0.00705      9.49      2.00     3   4.6196
#          73       0.00706      8.95      2.00     3   4.6234
#          74       0.00705      9.24      2.00     3   4.6244
#          75       0.00864     17.00      1.00     2   4.6249
#          76       0.00705      6.19      2.00     3   4.6298
#          77       0.00705      6.34      2.00     3   4.6356
#          78       0.00706      8.94      2.00     3   4.6453
#          79       0.00708      5.48      2.00     3   4.6485
#          80       0.00707      5.51      2.00     3   4.6954
#          81       0.00697     11.86      2.00     3   4.7064
#          82       0.00698     13.93      2.00     3   4.7196
#          83       0.00698     13.95      2.00     3   4.7196
#          84       0.00697     11.99      2.00     3   4.7205
#          85       0.00699     13.28      2.00     3   4.7333
#          86       0.00698     13.84      2.00     3   4.7342
#          87       0.00861      6.89      2.00     3   4.7786
#          88       0.00698     12.85      2.00     3   4.7942
#          89       0.00698     12.49      2.00     3   4.8006
#          90       0.00698      9.89      2.00     3   4.8012
#          91       0.00859      6.88      2.00     3   4.8135
#          92       0.00698      9.87      2.00     3   4.8267
#          93       0.00690     20.94      1.00     2   4.8414
#          94       0.01477      6.38      1.00     4   4.8448
#          95       0.00690     39.48      2.00     3   4.8619
#          96       0.00690     22.00      2.00     3   4.8829
#          97       0.00697     21.26      1.00     4   4.8825
#         100       0.01490      6.06      1.00     4   4.9042
#         101       0.00689     20.22      1.00     2   4.9066
#         102       0.00689     50.01      2.00     3   4.9068
#         103       0.00689     39.80      1.00     4   4.9069
#         104       0.00699     16.02      2.00     4   4.9077
#         105       0.01492      6.03      1.00     4   4.9111
#         106       0.01495      5.96      1.00     4   4.9244
#         107       0.00689     19.90      1.00     2   4.9365
#         108       0.01499      5.86      1.00     4   4.9444
#         109       0.00689     19.68      1.00     2   4.9571
#         110       0.00689     19.64      1.00     2   4.9607
#         111       0.00688     19.61      1.00     2   4.9642
#         112       0.00690     32.72      2.00     3   4.9660
#         113       0.00688     19.57      1.00     2   4.9678
#         114       0.00689     37.60      2.00     3   4.9826
#         115       0.00689     19.97      2.00     3   4.9867
#         116       0.00689     32.22      2.00     3   4.9895
#         117       0.00690     29.10      2.00     3   4.9932
#         118       0.00700     14.65      1.00     4   4.9955
#         119       0.00689     31.61      2.00     3   4.9985
#         120       0.00696     21.04      1.00     4   5.0009
#         122       0.00700     13.49      2.00     4   5.0169
#         123       0.00700     14.45      1.00     4   5.0183
#         124       0.00689     19.59      2.00     3   5.0202
#         125       0.00700     13.84      1.00     4   5.0292
#         126       0.00702     11.19      1.00     4   5.0293
#         128       0.00700     13.29      2.00     4   5.0496
#         129       0.00687     18.38      1.00     2   5.0869
#         130       0.01534      5.11      1.00     4   5.1093
#         131       0.01536      5.07      1.00     4   5.1178
#         132       0.01537      5.05      1.00     4   5.1241
#         133       0.00689     25.82      2.00     3   5.1249
#         134       0.00688     18.25      2.00     3   5.1266
#         135       0.00588     27.82      1.00     2   5.1307
#         136       0.00588     27.56      1.00     2   5.1493
#         137       0.01543      4.93      1.00     4   5.1548
#         138       0.00699     12.18      2.00     4   5.1563
#         139       0.00703      9.40      1.00     4   5.1629
#         140       0.00686     16.41      1.00     2   5.3060
#         141       0.00686     16.12      1.00     2   5.3411
#         142       0.00610      4.95      2.00     3   5.3630
#         143       0.00609      5.05      2.00     3   5.3644
#         144       0.00686     31.71      2.00     2   5.3743
#         145       0.00606      5.45      2.00     3   5.4415
#         146       0.00605      5.64      2.00     3   5.4606
#         147       0.00605      8.76      2.00     3   5.4621
#         149       0.00605      8.54      2.00     3   5.4917
#         150       0.00608      4.94      2.00     3   5.4994
#         151       0.00607      8.31      2.00     3   5.5110
#         152       0.00608      8.22      2.00     3   5.5108
#         153       0.00608      4.88      2.00     3   5.5391
#         154       0.00678      8.80      4.00     3   5.5828
#         155       0.00700      5.41      2.00     3   5.6102
#         156       0.00612      4.04      2.00     3   5.6166
#         157       0.00612      4.01      2.00     3   5.6285
#         158       0.00700      5.61      2.00     3   5.6641
#         159       0.00701      4.30      2.00     3   5.6774
#         160       0.00700      5.06      2.00     3   5.6870
#         161       0.00700      5.66      2.00     3   5.6870
#         162       0.00700      4.48      2.00     3   5.6969
#         163       0.00687     13.48      1.00     2   5.7016
#         164       0.00688     13.35      1.00     2   5.7221
#         165       0.00688     13.29      1.00     2   5.7311
#         166       0.00688     13.16      1.00     2   5.7511
#         167       0.00688     13.13      1.00     2   5.7564
#         168       0.00688     12.97      1.00     2   5.7825
#         169       0.00692      8.07      2.00     3   5.8007
#         170       0.00692      9.41      2.00     3   5.8056
#         171       0.00688     12.61      1.00     2   5.8405
#         172       0.00589     19.12      2.00     3   5.8787
#         173       0.00590     12.72      2.00     4   5.8810
#         174       0.00589     19.29      1.00     2   5.8882
#         175       0.00689     12.31      1.00     2   5.8916
#         176       0.00589     36.72      2.00     3   5.8913
#         177       0.00589     19.24      1.00     2   5.8944
#         178       0.00589     18.84      2.00     3   5.8944
#         179       0.00590     22.20      1.00     4   5.8943
#         181       0.00590     12.38      2.00     4   5.8980
#         182       0.00589     35.74      2.00     3   5.8991
#         183       0.00591     20.93      1.00     4   5.9038
#         184       0.00689     12.11      1.00     2   5.9251
#         185       0.00689     12.01      1.00     2   5.9434
#         186       0.00690     11.82      1.00     2   5.9766
#         187       0.00693      8.52      2.00     3   5.9813
#         188       0.00690     11.78      1.00     2   5.9842
#         189       0.00860      7.69      1.00     2   5.9998
#   183/ 189 paths used
#  xsedge+50, used to normalize mu           3.1734E-04
#  -----------------------------------------------------------------------
#  omega    e    k    mu    mu0     chi     @#
    7120.854    -16.586   0.050  2.01743E-01  3.30443E-01 -2.20994E-01
    7120.882    -16.558   0.100  2.10901E-01  3.36246E-01 -2.14863E-01
    7120.930    -16.510   0.150  2.37851E-01  3.53453E-01 -1.97129E-01
    7120.996    -16.443   0.200  2.64950E-01  3.70661E-01 -1.79328E-01
    7121.082    -16.358   0.250  3.06449E-01  3.96838E-01 -1.52047E-01
    7121.187    -16.253   0.300  3.47758E-01  4.23014E-01 -1.25536E-01
    7121.311    -16.129   0.350  3.94832E-01  4.52041E-01 -9.43557E-02
    7121.454    -15.986   0.400  4.40441E-01  4.81067E-01 -6.62584E-02
    7121.616    -15.824   0.450  4.82500E-01  5.07394E-01 -4.00422E-02
    7121.797    -15.643   0.500  5.21075E-01  5.33721E-01 -2.00649E-02
    7121.997    -15.443   0.550  5.50974E-01  5.56022E-01 -7.88416E-03
    7122.216    -15.224   0.600  5.75392E-01  5.78323E-01 -4.50771E-03
    7122.454    -14.986   0.650  5.89305E-01  5.97611E-01 -1.25543E-02
    7122.711    -14.729   0.700  5.96659E-01  6.16898E-01 -3.00770E-02
    7122.987    -14.453   0.750  5.93326E-01  6.34347E-01 -5.98684E-02
    7123.282    -14.157   0.800  5.83691E-01  6.51796E-01 -9.76457E-02
    7123.597    -13.843   0.850  5.64068E-01  6.68123E-01 -1.46455E-01
    7123.930    -13.510   0.900  5.42341E-01  6.84450E-01 -1.96417E-01
    7124.283    -13.157   0.950  5.21651E-01  7.00024E-01 -2.42059E-01
    7124.654    -12.786   1.000  5.04201E-01  7.15598E-01 -2.81754E-01
    7125.045    -12.395   1.050  4.90049E-01  7.30510E-01 -3.14838E-01
    7125.454    -11.986   1.100  4.80999E-01  7.45423E-01 -3.40212E-01
    7125.883    -11.557   1.150  4.76785E-01  7.59630E-01 -3.57812E-01
    7126.330    -11.109   1.200  4.81626E-01  7.73836E-01 -3.63566E-01
    7126.797    -10.643   1.250  4.95668E-01  7.87227E-01 -3.57106E-01
    7127.283    -10.157   1.300  5.20878E-01  8.00617E-01 -3.37375E-01
    7127.788     -9.652   1.350  5.56352E-01  8.13059E-01 -3.05196E-01
    7128.312     -9.128   1.400  6.01813E-01  8.25500E-01 -2.62211E-01
    7128.855     -8.585   1.450  6.54769E-01  8.36867E-01 -2.10755E-01
    7129.417     -8.023   1.500  7.12903E-01  8.48235E-01 -1.54669E-01
    7129.998     -7.442   1.550  7.72427E-01  8.58411E-01 -9.71837E-02
    7130.598     -6.842   1.600  8.30153E-01  8.68586E-01 -4.29658E-02
    7131.217     -6.223   1.650  8.82324E-01  8.77501E-01  5.34061E-03
    7131.855     -5.585   1.700  9.26611E-01  8.86416E-01  4.40987E-02
    7132.512     -4.928   1.750  9.61288E-01  8.94022E-01  7.32304E-02
    7133.188     -4.251   1.800  9.85279E-01  9.01627E-01  9.03704E-02
    7133.884     -3.556   1.850  1.00049E+00  9.07924E-01  9.93858E-02
    7134.598     -2.842   1.900  1.00757E+00  9.14220E-01  9.96286E-02
    7135.332     -2.108   1.950  1.01039E+00  9.19175E-01  9.69009E-02
    7136.084     -1.356   2.000  1.01056E+00  9.24129E-01  9.13907E-02
    7136.856     -0.584   2.050  1.00879E+00  9.27374E-01  8.58694E-02
    7137.646      0.206   2.100  1.00613E+00  9.30620E-01  7.94379E-02
    7138.456      1.016   2.150  1.00256E+00  9.33865E-01  7.20923E-02
    7139.284      1.844   2.200  9.97453E-01  9.37110E-01  6.31646E-02
    7140.132      2.692   2.250  9.86256E-01  9.37666E-01  5.09029E-02
    7140.999      3.559   2.300  9.71009E-01  9.38223E-01  3.43750E-02
    7141.885      4.445   2.350  9.52732E-01  9.38779E-01  1.46410E-02
    7142.790      5.350   2.400  9.33597E-01  9.39335E-01 -6.02598E-03
    7143.714      6.274   2.450  9.18589E-01  9.41995E-01 -2.45734E-02
    7144.656      7.217   2.500  9.09193E-01  9.44654E-01 -3.72208E-02
    7145.619      8.179   2.550  9.07435E-01  9.47314E-01 -4.18473E-02
    7146.600      9.160   2.600  9.13262E-01  9.49974E-01 -3.85135E-02
    7147.600     10.160   2.650  9.21763E-01  9.53796E-01 -3.35042E-02
    7148.619     11.179   2.700  9.33106E-01  9.57619E-01 -2.55620E-02
    7149.657     12.217   2.750  9.45636E-01  9.61441E-01 -1.64324E-02
    7150.714     13.274   2.800  9.57743E-01  9.65264E-01 -7.79646E-03
    7151.791     14.351   2.850  9.65787E-01  9.67506E-01 -1.77693E-03
    7152.886     15.446   2.900  9.72101E-01  9.69747E-01  2.42736E-03
    7154.000     16.561   2.950  9.76771E-01  9.71988E-01  4.91872E-03
    7155.134     17.694   3.000  9.80384E-01  9.74230E-01  6.31272E-03
    7156.286     18.847   3.050  9.81745E-01  9.75933E-01  5.94765E-03
    7157.458     20.018   3.100  9.83454E-01  9.77637E-01  5.93888E-03
    7158.649     21.209   3.150  9.86595E-01  9.79340E-01  7.38946E-03
    7159.858     22.418   3.200  9.91915E-01  9.81044E-01  1.10462E-02
    7161.087     23.647   3.250  9.97607E-01  9.81996E-01  1.58286E-02
    7162.335     24.895   3.300  1.00547E+00  9.82948E-01  2.27877E-02
    7163.602     26.162   3.350  1.01489E+00  9.83900E-01  3.12874E-02
    7164.888     27.448   3.400  1.02477E+00  9.84852E-01  4.02127E-02
    7166.192     28.753   3.450  1.03340E+00  9.85876E-01  4.77984E-02
    7167.516     30.076   3.500  1.04017E+00  9.86901E-01  5.34846E-02
    7168.859     31.420   3.550  1.04396E+00  9.87925E-01  5.61680E-02
    7170.221     32.782   3.600  1.04402E+00  9.88950E-01  5.51140E-02
    7171.603     34.163   3.650  1.03966E+00  9.89542E-01  5.00676E-02
    7173.003     35.563   3.700  1.03167E+00  9.90135E-01  4.14224E-02
    7174.422     36.982   3.750  1.02068E+00  9.90728E-01  2.98240E-02
    7175.860     38.420   3.800  1.00767E+00  9.91320E-01  1.62542E-02
    7177.318     39.878   3.850  9.93938E-01  9.92252E-01  1.67343E-03
    7178.794     41.354   3.900  9.80379E-01  9.93183E-01 -1.26905E-02
    7180.289     42.849   3.950  9.67921E-01  9.94115E-01 -2.59221E-02
    7181.804     44.364   4.000  9.57191E-01  9.95047E-01 -3.74057E-02
    7183.337     45.897   4.050  9.48334E-01  9.95849E-01 -4.68829E-02
    7184.890     47.450   4.100  9.41714E-01  9.96651E-01 -5.41290E-02
    7186.462     49.022   4.150  9.37230E-01  9.97453E-01 -5.92529E-02
    7188.052     50.612   4.200  9.34749E-01  9.98255E-01 -6.23935E-02
    7189.662     52.222   4.250  9.34489E-01  9.99021E-01 -6.33247E-02
    7191.291     53.851   4.300  9.36415E-01  9.99787E-01 -6.21102E-02
    7192.939     55.499   4.350  9.40672E-01  1.00055E+00 -5.86172E-02
    7194.605     57.165   4.400  9.47398E-01  1.00132E+00 -5.27186E-02
    7196.291     58.851   4.450  9.56943E-01  1.00209E+00 -4.40975E-02
    7197.996     60.556   4.500  9.68721E-01  1.00285E+00 -3.33120E-02
    7199.720     62.280   4.550  9.82157E-01  1.00362E+00 -2.09275E-02
    7201.463     64.023   4.600  9.96438E-01  1.00438E+00 -7.74162E-03
    7203.225     65.786   4.650  1.01036E+00  1.00480E+00  5.41045E-03
    7205.007     67.567   4.700  1.02315E+00  1.00523E+00  1.74486E-02
    7206.807     69.367   4.750  1.03415E+00  1.00565E+00  2.77363E-02
    7208.626     71.186   4.800  1.04305E+00  1.00607E+00  3.59704E-02
    7210.464     73.025   4.850  1.04961E+00  1.00625E+00  4.21757E-02
    7212.322     74.882   4.900  1.05446E+00  1.00643E+00  4.67115E-02
    7214.198     76.758   4.950  1.05804E+00  1.00661E+00  5.00205E-02
    7216.094     78.654   5.000  1.06072E+00  1.00679E+00  5.24533E-02
    7218.008     80.568   5.050  1.06222E+00  1.00660E+00  5.41163E-02
    7219.942     82.502   5.100  1.06265E+00  1.00641E+00  5.47432E-02
    7221.894     84.454   5.150  1.06144E+00  1.00622E+00  5.37636E-02
    7223.866     86.426   5.200  1.05783E+00  1.00603E+00  5.04559E-02
    7225.857     88.417   5.250  1.05065E+00  1.00549E+00  4.40332E-02
    7227.867     90.427   5.300  1.04003E+00  1.00495E+00  3.42319E-02
    7229.895     92.455   5.350  1.02616E+00  1.00441E+00  2.12396E-02
    7231.943     94.503   5.400  1.00983E+00  1.00387E+00  5.82759E-03
    7234.010     96.570   5.450  9.92001E-01  1.00302E+00 -1.07868E-02
    7236.096     98.656   5.500  9.74756E-01  1.00217E+00 -2.68695E-02
    7238.201    100.761   5.550  9.59755E-01  1.00133E+00 -4.07891E-02
    7240.325    102.885   5.600  9.48360E-01  1.00048E+00 -5.12005E-02
    7242.468    105.028   5.650  9.41278E-01  9.99363E-01 -5.71422E-02
    7244.630    107.191   5.700  9.38825E-01  9.98248E-01 -5.85403E-02
    7246.812    109.372   5.750  9.40511E-01  9.97132E-01 -5.58596E-02
    7249.012    111.572   5.800  9.45388E-01  9.96016E-01 -5.00182E-02
    7251.231    113.791   5.850  9.52277E-01  9.94789E-01 -4.20666E-02
    7253.470    116.030   5.900  9.60008E-01  9.93561E-01 -3.32541E-02
    7255.727    118.287   5.950  9.67695E-01  9.92334E-01 -2.44576E-02
    7258.004    120.564   6.000  9.74803E-01  9.91107E-01 -1.62094E-02
    7260.299    122.859   6.050  9.81153E-01  9.89885E-01 -8.69515E-03
    7262.614    125.174   6.100  9.86732E-01  9.88664E-01 -1.92653E-03
    7264.947    127.507   6.150  9.91700E-01  9.87442E-01  4.25250E-03
    7267.300    129.860   6.200  9.96177E-01  9.86220E-01  9.95895E-03
    7269.672    132.232   6.250  1.00017E+00  9.84999E-01  1.51938E-02
    7272.062    134.622   6.300  1.00355E+00  9.83777E-01  1.98341E-02
    7274.472    137.032   6.350  1.00613E+00  9.82556E-01  2.36846E-02
    7276.901    139.461   6.400  1.00772E+00  9.81334E-01  2.65597E-02
    7279.349    141.909   6.450  1.00825E+00  9.80112E-01  2.83593E-02
    7281.816    144.376   6.500  1.00773E+00  9.78891E-01  2.91089E-02
    7284.302    146.862   6.550  1.00649E+00  9.77935E-01  2.88641E-02
    7286.807    149.367   6.600  1.00455E+00  9.76980E-01  2.78969E-02
    7289.331    151.891   6.650  1.00209E+00  9.76024E-01  2.64165E-02
    7291.874    154.434   6.700  9.99232E-01  9.75069E-01  2.45141E-02
    7294.436    156.997   6.750  9.95884E-01  9.74113E-01  2.21144E-02
    7297.018    159.578   6.800  9.91834E-01  9.73157E-01  1.89948E-02
    7299.618    162.178   6.850  9.86806E-01  9.72202E-01  1.48713E-02
    7302.237    164.798   6.900  9.80587E-01  9.71246E-01  9.52335E-03
    7304.876    167.436   6.950  9.73153E-01  9.70291E-01  2.92133E-03
    7307.533    170.093   7.000  9.64748E-01  9.69335E-01 -4.68839E-03
    7310.210    172.770   7.050  9.56057E-01  9.68594E-01 -1.28280E-02
    7312.905    175.465   7.100  9.47616E-01  9.67852E-01 -2.07284E-02
    7315.620    178.180   7.150  9.40280E-01  9.67111E-01 -2.75131E-02
    7318.354    180.914   7.200  9.34857E-01  9.66369E-01 -3.23495E-02
    7321.106    183.666   7.250  9.31940E-01  9.65628E-01 -3.46217E-02
    7323.878    186.438   7.300  9.31781E-01  9.64886E-01 -3.40607E-02
    7326.669    189.229   7.350  9.34243E-01  9.64145E-01 -3.07979E-02
    7329.479    192.039   7.400  9.38838E-01  9.63403E-01 -2.53294E-02
    7332.308    194.868   7.450  9.44832E-01  9.62661E-01 -1.84053E-02
    7335.156    197.716   7.500  9.51396E-01  9.61920E-01 -1.08758E-02
    7338.023    200.583   7.550  9.57738E-01  9.61083E-01 -3.46186E-03
    7340.909    203.469   7.600  9.63275E-01  9.60246E-01  3.13807E-03
    7343.814    206.374   7.650  9.67587E-01  9.59410E-01  8.48378E-03
    7346.738    209.298   7.700  9.70490E-01  9.58573E-01  1.23797E-02
    7349.681    212.241   7.750  9.72002E-01  9.57736E-01  1.48398E-02
    7352.644    215.204   7.800  9.72282E-01  9.56899E-01  1.60220E-02
    7355.625    218.185   7.850  9.71555E-01  9.56062E-01  1.61575E-02
    7358.625    221.185   7.900  9.70062E-01  9.55226E-01  1.54933E-02
    7361.645    224.205   7.950  9.68027E-01  9.54389E-01  1.42609E-02
    7364.683    227.243   8.000  9.65650E-01  9.53552E-01  1.26673E-02
    7367.741    230.301   8.050  9.62917E-01  9.52490E-01  1.09329E-02
    7370.817    233.377   8.100  9.60212E-01  9.51427E-01  9.22348E-03
    7373.913    236.473   8.150  9.57659E-01  9.50365E-01  7.66882E-03
    7377.027    239.588   8.200  9.55323E-01  9.49302E-01  6.33838E-03
    7380.161    242.721   8.250  9.53194E-01  9.48240E-01  5.22277E-03
    7383.314    245.874   8.300  9.51181E-01  9.47178E-01  4.22609E-03
    7386.486    249.046   8.350  9.49123E-01  9.46115E-01  3.17971E-03
    7389.677    252.237   8.400  9.46830E-01  9.45053E-01  1.88187E-03
    7392.886    255.447   8.450  9.44139E-01  9.43990E-01  1.57918E-04
    7396.115    258.676   8.500  9.40975E-01  9.42928E-01 -2.07325E-03
    7399.363    261.924   8.550  9.37197E-01  9.41699E-01 -4.78541E-03
    7402.631    265.191   8.600  9.33207E-01  9.40470E-01 -7.72972E-03
    7405.917    268.477   8.650  9.29356E-01  9.39242E-01 -1.05344E-02
    7409.222    271.782   8.700  9.26055E-01  9.38013E-01 -1.27592E-02
    7412.546    275.106   8.750  9.23686E-01  9.36784E-01 -1.39934E-02
    7415.889    278.449   8.800  9.22506E-01  9.35556E-01 -1.39586E-02
    7419.252    281.812   8.850  9.22575E-01  9.34327E-01 -1.25866E-02
    7422.633    285.193   8.900  9.23728E-01  9.33098E-01 -1.00488E-02
    7426.033    288.593   8.950  9.25605E-01  9.31870E-01 -6.72647E-03
    7429.453    292.013   9.000  9.27733E-01  9.30641E-01 -3.12685E-03
    7432.891    295.451   9.050  9.29676E-01  9.29498E-01  1.92172E-04
    7436.349    298.909   9.100  9.31045E-01  9.28354E-01  2.89911E-03
    7439.825    302.386   9.150  9.31643E-01  9.27211E-01  4.78026E-03
    7443.321    305.881   9.200  9.31463E-01  9.26068E-01  5.82553E-03
    7446.836    309.396   9.250  9.30657E-01  9.24925E-01  6.19666E-03
    7450.370    312.930   9.300  9.29466E-01  9.23782E-01  6.15200E-03
    7453.922    316.483   9.350  9.28132E-01  9.22638E-01  5.95204E-03
    7457.494    320.054   9.400  9.26820E-01  9.21495E-01  5.77521E-03
    7461.085    323.645   9.450  9.25573E-01  9.20352E-01  5.66893E-03
    7464.695    327.255   9.500  9.24314E-01  9.19209E-01  5.54977E-03
    7468.324    330.884   9.550  9.23063E-01  9.18180E-01  5.31324E-03
    7471.972    334.532   9.600  9.21453E-01  9.17151E-01  4.68515E-03
    7475.639    338.199   9.650  9.19389E-01  9.16122E-01  3.56182E-03
    7479.326    341.886   9.700  9.16915E-01  9.15092E-01  1.98879E-03
    7483.031    345.591   9.750  9.14221E-01  9.14063E-01  1.72566E-04
    7486.755    349.315   9.800  9.11605E-01  9.13034E-01 -1.56304E-03
    7490.498    353.058   9.850  9.09388E-01  9.12005E-01 -2.86468E-03
    7494.261    356.821   9.900  9.07822E-01  9.10976E-01 -3.45543E-03
    7498.042    360.602   9.950  9.07005E-01  9.09947E-01 -3.22623E-03
    7501.843    364.403  10.000  9.06838E-01  9.08918E-01 -2.28315E-03
    7505.662    368.222  10.050  9.06935E-01  9.07812E-01 -9.63513E-04
    7509.501    372.061  10.100  9.07015E-01  9.06706E-01  3.40130E-04
    7513.358    375.918  10.150  9.06672E-01  9.05600E-01  1.18096E-03
    7517.235    379.795  10.200  9.05602E-01  9.04494E-01  1.22145E-03
    7521.131    383.691  10.250  9.03692E-01  9.03388E-01  3.35503E-04
    7525.045    387.605  10.300  9.01066E-01  9.02282E-01 -1.34418E-03
    7528.979    391.539  10.350  8.98059E-01  9.01176E-01 -3.44869E-03
    7532.932    395.492  10.400  8.95141E-01  9.00070E-01 -5.46124E-03
    7536.904    399.464  10.450  8.92790E-01  8.98964E-01 -6.84794E-03
    7540.895    403.455  10.500  8.91378E-01  8.97858E-01 -7.19597E-03
    7544.905    407.465  10.550  8.91066E-01  8.96751E-01 -6.32154E-03
    7548.934    411.494  10.600  8.91765E-01  8.95645E-01 -4.31899E-03
    7552.982    415.542  10.650  8.93159E-01  8.94539E-01 -1.53825E-03
    7557.049    419.609  10.700  8.94779E-01  8.93433E-01  1.50177E-03
    7561.135    423.695  10.750  8.96122E-01  8.92327E-01  4.23968E-03
    7565.241    427.801  10.800  8.96768E-01  8.91221E-01  6.20356E-03
    7569.365    431.925  10.850  8.96468E-01  8.90115E-01  7.11404E-03
    7573.508    436.068  10.900  8.95194E-01  8.89009E-01  6.93344E-03
    7577.671    440.231  10.950  8.93117E-01  8.87903E-01  5.85180E-03
    7581.852    444.412  11.000  8.90550E-01  8.86797E-01  4.21805E-03
    7586.053    448.613  11.050  8.87640E-01  8.85444E-01  2.47203E-03
    7590.272    452.832  11.100  8.84896E-01  8.84090E-01  9.08520E-04
    7594.511    457.071  11.150  8.82526E-01  8.82737E-01 -2.38020E-04
    7598.769    461.329  11.200  8.80597E-01  8.81383E-01 -8.89716E-04
    7603.045    465.605  11.250  8.79044E-01  8.80030E-01 -1.11642E-03
    7607.341    469.901  11.300  8.77718E-01  8.78677E-01 -1.08725E-03
    7611.656    474.216  11.350  8.76442E-01  8.77323E-01 -1.00089E-03
    7615.990    478.550  11.400  8.75076E-01  8.75970E-01 -1.01719E-03
    7620.343    482.903  11.450  8.73555E-01  8.74617E-01 -1.21026E-03
    7624.714    487.275  11.500  8.71901E-01  8.73263E-01 -1.55480E-03
    7629.106    491.666  11.550  8.70207E-01  8.71910E-01 -1.94622E-03
    7633.516    496.076  11.600  8.68596E-01  8.70557E-01 -2.24491E-03
    7637.945    500.505  11.650  8.67173E-01  8.69203E-01 -2.32827E-03
    7642.393    504.953  11.700  8.65993E-01  8.67850E-01 -2.13310E-03
    7646.860    509.420  11.750  8.65040E-01  8.66497E-01 -1.67555E-03
    7651.346    513.906  11.800  8.64237E-01  8.65143E-01 -1.04389E-03
    7655.852    518.412  11.850  8.63471E-01  8.63790E-01 -3.68414E-04
    7660.376    522.936  11.900  8.62627E-01  8.62437E-01  2.20092E-04
    7664.919    527.479  11.950  8.61627E-01  8.61083E-01  6.29089E-04
    7669.482    532.042  12.000  8.60444E-01  8.59730E-01  8.27832E-04
    7674.063    536.623  12.050  8.59157E-01  8.58423E-01  8.51548E-04
    7678.664    541.224  12.100  8.57787E-01  8.57117E-01  7.79579E-04
    7683.283    545.844  12.150  8.56415E-01  8.55810E-01  7.03663E-04
    7687.922    550.482  12.200  8.55100E-01  8.54504E-01  6.95280E-04
    7692.580    555.140  12.250  8.53865E-01  8.53197E-01  7.80244E-04
    7697.257    559.817  12.300  8.52686E-01  8.51891E-01  9.30534E-04
    7701.952    564.512  12.350  8.51503E-01  8.50584E-01  1.07567E-03
    7706.667    569.227  12.400  8.50240E-01  8.49278E-01  1.12938E-03
    7711.401    573.961  12.450  8.48841E-01  8.47971E-01  1.02219E-03
    7716.154    578.714  12.500  8.47284E-01  8.46665E-01  7.29031E-04
    7720.926    583.486  12.550  8.45598E-01  8.45359E-01  2.82328E-04
    7725.717    588.277  12.600  8.43854E-01  8.44052E-01 -2.33758E-04
    7730.527    593.087  12.650  8.42148E-01  8.42746E-01 -7.06243E-04
    7735.356    597.917  12.700  8.40573E-01  8.41439E-01 -1.02615E-03
    7740.205    602.765  12.750  8.39187E-01  8.40133E-01 -1.12086E-03
    7745.072    607.632  12.800  8.38005E-01  8.38826E-01 -9.75792E-04
    7749.958    612.518  12.850  8.36983E-01  8.37520E-01 -6.38755E-04
    7754.864    617.424  12.900  8.36040E-01  8.36213E-01 -2.05795E-04
    7759.788    622.348  12.950  8.35080E-01  8.34907E-01  2.06898E-04
    7764.731    627.291  13.000  8.34015E-01  8.33600E-01  4.96177E-04
    7769.694    632.254  13.050  8.32711E-01  8.32212E-01  5.97466E-04
    7774.675    637.236  13.100  8.31246E-01  8.30823E-01  5.06979E-04
    7779.676    642.236  13.150  8.29659E-01  8.29434E-01  2.69676E-04
    7784.696    647.256  13.200  8.28020E-01  8.28046E-01 -3.16542E-05
    7789.734    652.295  13.250  8.26406E-01  8.26657E-01 -3.03150E-04
    7794.792    657.352  13.300  8.24881E-01  8.25269E-01 -4.68534E-04
    7799.869    662.429  13.350  8.23474E-01  8.23880E-01 -4.90856E-04
    7804.965    667.525  13.400  8.22177E-01  8.22492E-01 -3.80953E-04
    7810.080    672.640  13.450  8.20946E-01  8.21103E-01 -1.90588E-04
    7815.214    677.774  13.500  8.19720E-01  8.19714E-01  6.92946E-06
    7820.367    682.927  13.550  8.18442E-01  8.18326E-01  1.42006E-04
    7825.539    688.099  13.600  8.17078E-01  8.16937E-01  1.71705E-04
    7830.730    693.290  13.650  8.15625E-01  8.15549E-01  9.31218E-05
    7835.940    698.500  13.700  8.14114E-01  8.14160E-01 -5.67466E-05
    7841.169    703.729  13.750  8.12597E-01  8.12771E-01 -2.14237E-04
    7846.417    708.978  13.800  8.11130E-01  8.11383E-01 -3.10771E-04
    7851.685    714.245  13.850  8.09754E-01  8.09994E-01 -2.95983E-04
    7856.971    719.531  13.900  8.08480E-01  8.08606E-01 -1.54828E-04
    7862.277    724.837  13.950  8.07287E-01  8.07217E-01  8.66861E-05
    7867.601    730.161  14.000  8.06127E-01  8.05829E-01  3.68752E-04
    7872.944    735.505  14.050  8.04874E-01  8.04372E-01  6.22427E-04
    7878.307    740.867  14.100  8.03539E-01  8.02915E-01  7.74857E-04
    7883.689    746.249  14.150  8.02085E-01  8.01458E-01  7.79614E-04
    7889.089    751.649  14.200  8.00506E-01  8.00001E-01  6.28524E-04
    7894.509    757.069  14.250  7.98828E-01  7.98544E-01  3.54034E-04
    7899.948    762.508  14.300  7.97103E-01  7.97088E-01  1.98051E-05
    7905.406    767.966  14.350  7.95393E-01  7.95631E-01 -2.97422E-04
    7910.882    773.442  14.400  7.93753E-01  7.94174E-01 -5.29109E-04
    7916.378    778.938  14.450  7.92214E-01  7.92717E-01 -6.33009E-04
    7921.893    784.453  14.500  7.90782E-01  7.91260E-01 -6.02883E-04
    7927.427    789.987  14.550  7.89433E-01  7.89803E-01 -4.67386E-04
    7932.980    795.540  14.600  7.88126E-01  7.88347E-01 -2.79011E-04
    7938.552    801.112  14.650  7.86813E-01  7.86890E-01 -9.68977E-05
    7944.144    806.704  14.700  7.85457E-01  7.85433E-01  3.09974E-05
    7949.754    812.314  14.750  7.84040E-01  7.83976E-01  8.09750E-05
    7955.383    817.943  14.800  7.82565E-01  7.82519E-01  5.82490E-05
    7961.031    823.591  14.850  7.81057E-01  7.81063E-01 -7.71132E-06
    7966.699    829.259  14.900  7.79547E-01  7.79606E-01 -7.51332E-05
    7972.385    834.945  14.950  7.78067E-01  7.78149E-01 -1.05014E-04
    7978.091    840.651  15.000  7.76634E-01  7.76692E-01 -7.43941E-05
