# # Once                                                         FEFF 9.6.4  
# # POT  SCF 100  5.0000   0, core-hole, AFOLP (folp(0)= 1.150)
# # Abs   Z=27 Rmt= 1.397 Rnm= 1.445 K  shell
# # Pot 1 Z=62 Rmt= 1.687 Rnm= 1.742
# # Pot 2 Z=27 Rmt= 1.391 Rnm= 1.451
# # Gam_ch=1.436E+00 H-L exch Vi= 0.000E+00 Vr= 0.000E+00
# # Mu=-1.600E+01 kf=1.936E+00 Vint=-2.333E+01 Rs_int= 1.873
# # PATH  Rmax=10.000,  Keep_limit= 0.00, Heap_limit 0.00  Pwcrit= 2.50%
#  S02=1.000  Temp=   0.00  Debye_temp=   0.00  Global_sig2= 0.00000
#  Energy zero shift, vr, vi    0.00000E+00   0.00000E+00
#  Curved wave amplitude ratio filter   4.000%
#     file         sig2 tot  cw amp ratio   deg  nlegs   reff  inp sig2
#           1       0.00000    100.00      6.00     2   2.5595
#           2       0.00000     57.10      3.00     2   2.8532
#           3       0.00000     39.98      3.00     2   2.8533
#           4       0.00000      9.39     12.00     3   3.7950
#           5       0.00000      7.65     12.00     3   3.9861
#           6       0.00000     10.59      2.00     2   4.2500
#           7       0.00000     60.55     12.00     2   4.3316
#           8       0.00000     10.30     24.00     3   4.3359
#           9       0.00000     14.76     24.00     3   4.6810
#          10       0.00000      6.69     12.00     3   4.6845
#          11       0.00000      8.50     24.00     3   4.8722
#          12       0.00000     10.09     24.00     3   4.8721
#          13       0.00000     21.41      6.00     2   4.9420
#          14       0.00000     14.62     12.00     3   5.0175
#          15       0.00000      7.41     12.00     3   5.0956
#          16       0.00000     32.44      6.00     2   5.1189
#          17       0.00000     19.47      6.00     2   5.1189
#          18       0.00000     44.34     12.00     3   5.1190
#          20       0.00000      4.85      6.00     4   5.1189
#          21       0.00000     35.59      6.00     4   5.1189
#          22       0.00000     11.25     20.00     3   5.2220
#          23       0.00000      4.90      6.00     3   5.3243
#          24       0.00000     16.40     12.00     3   5.3243
#          25       0.00000     14.18     24.00     3   5.4687
#          26       0.00000     30.91     12.00     2   5.5654
#          27       0.00000     12.24      3.00     2   5.7066
#          28       0.00000      4.80      2.00     2   5.7066
#          29       0.00000     11.15      6.00     3   5.7065
#          30       0.00000     11.93      2.00     3   5.7065
#          31       0.00000     23.86      4.00     3   5.7066
#          32       0.00000     21.28      6.00     3   5.7066
#          33       0.00000      5.81      6.00     4   5.7065
#          35       0.00000     14.50      1.00     4   5.7065
#          36       0.00000     28.99      2.00     4   5.7066
#          37       0.00000      5.57      6.00     4   5.7065
#          38       0.00000     14.63      3.00     4   5.7065
#          39       0.00000     31.37     24.00     3   5.8389
#          40       0.00000      5.90     12.00     3   6.1111
#          42       0.00000      7.42     12.00     4   6.1123
#          43       0.00000      4.54     24.00     3   6.4613
#          44       0.00000     19.65     12.00     2   6.5181
#          45       0.00000      9.76      6.00     2   6.5327
#          46       0.00000     19.18     12.00     2   6.5716
#          47       0.00000      5.08     12.00     3   6.6711
#          50       0.00000      6.22     24.00     3   6.6871
#    45/  50 paths used
#  xsedge+50, used to normalize mu           2.9118E-04
#  -----------------------------------------------------------------------
#  omega    e    k    mu    mu0     chi     @#
    7717.915    -15.990   0.050  9.96998E-02  3.07969E-01 -3.95674E-01
    7717.944    -15.962   0.100  1.07171E-01  3.12906E-01 -3.89914E-01
    7717.991    -15.914   0.150  1.30189E-01  3.27503E-01 -3.71282E-01
    7718.058    -15.847   0.200  1.54902E-01  3.42099E-01 -3.49750E-01
    7718.144    -15.761   0.250  1.96643E-01  3.64826E-01 -3.10617E-01
    7718.249    -15.657   0.300  2.41659E-01  3.87552E-01 -2.66391E-01
    7718.372    -15.533   0.350  3.00070E-01  4.14005E-01 -2.04854E-01
    7718.515    -15.390   0.400  3.61257E-01  4.40459E-01 -1.40256E-01
    7718.677    -15.228   0.450  4.25636E-01  4.65948E-01 -7.00671E-02
    7718.858    -15.047   0.500  4.88812E-01  4.91437E-01 -4.47915E-03
    7719.058    -14.847   0.550  5.43209E-01  5.14292E-01  4.83229E-02
    7719.277    -14.628   0.600  5.89926E-01  5.37147E-01  8.63972E-02
    7719.515    -14.390   0.650  6.18474E-01  5.57808E-01  9.70845E-02
    7719.773    -14.133   0.700  6.33636E-01  5.78469E-01  8.63508E-02
    7720.049    -13.857   0.750  6.26819E-01  5.97763E-01  4.44261E-02
    7720.344    -13.561   0.800  6.06498E-01  6.17057E-01 -1.57791E-02
    7720.658    -13.247   0.850  5.69334E-01  6.35473E-01 -9.65390E-02
    7720.992    -12.914   0.900  5.26943E-01  6.53889E-01 -1.81091E-01
    7721.344    -12.561   0.950  4.81583E-01  6.71618E-01 -2.64955E-01
    7721.716    -12.190   1.000  4.43081E-01  6.89347E-01 -3.35759E-01
    7722.106    -11.799   1.050  4.17418E-01  7.06355E-01 -3.85473E-01
    7722.516    -11.390   1.100  4.04344E-01  7.23364E-01 -4.16653E-01
    7722.944    -10.961   1.150  4.09773E-01  7.39491E-01 -4.22051E-01
    7723.392    -10.513   1.200  4.32540E-01  7.55619E-01 -4.05476E-01
    7723.859    -10.047   1.250  4.69310E-01  7.70674E-01 -3.71420E-01
    7724.345     -9.561   1.300  5.16054E-01  7.85729E-01 -3.26491E-01
    7724.849     -9.056   1.350  5.67465E-01  7.99488E-01 -2.76441E-01
    7725.373     -8.532   1.400  6.17345E-01  8.13246E-01 -2.29753E-01
    7725.916     -7.989   1.450  6.60688E-01  8.25563E-01 -1.90722E-01
    7726.478     -7.427   1.500  6.95629E-01  8.37880E-01 -1.62333E-01
    7727.059     -6.846   1.550  7.21415E-01  8.48624E-01 -1.43511E-01
    7727.659     -6.246   1.600  7.44450E-01  8.59367E-01 -1.28182E-01
    7728.278     -5.627   1.650  7.69412E-01  8.68499E-01 -1.09509E-01
    7728.917     -4.989   1.700  8.05727E-01  8.77630E-01 -7.87431E-02
    7729.574     -4.332   1.750  8.57308E-01  8.85132E-01 -3.02552E-02
    7730.250     -3.655   1.800  9.26104E-01  8.92633E-01  3.61413E-02
    7730.945     -2.960   1.850  1.00679E+00  8.98546E-01  1.16280E-01
    7731.660     -2.246   1.900  1.08893E+00  9.04460E-01  1.97164E-01
    7732.393     -1.512   1.950  1.15871E+00  9.08757E-01  2.66258E-01
    7733.146     -0.760   2.000  1.20340E+00  9.13053E-01  3.08265E-01
    7733.917      0.012   2.050  1.21242E+00  9.14918E-01  3.15810E-01
    7734.708      0.802   2.100  1.18223E+00  9.16783E-01  2.81730E-01
    7735.517      1.612   2.150  1.12087E+00  9.18647E-01  2.14590E-01
    7736.346      2.441   2.200  1.04304E+00  9.20512E-01  1.30005E-01
    7737.194      3.288   2.250  9.68254E-01  9.24735E-01  4.61675E-02
    7738.060      4.155   2.300  9.14642E-01  9.28958E-01 -1.51858E-02
    7738.946      5.041   2.350  8.86981E-01  9.33182E-01 -4.90003E-02
    7739.851      5.946   2.400  8.80363E-01  9.37405E-01 -6.04911E-02
    7740.775      6.870   2.450  8.79362E-01  9.42757E-01 -6.70064E-02
    7741.718      7.813   2.500  8.84546E-01  9.48109E-01 -6.69630E-02
    7742.680      8.775   2.550  8.92841E-01  9.53461E-01 -6.36529E-02
    7743.661      9.756   2.600  9.02400E-01  9.58814E-01 -5.90413E-02
    7744.661     10.756   2.650  9.08955E-01  9.61506E-01 -5.48570E-02
    7745.680     11.775   2.700  9.17420E-01  9.64199E-01 -4.87053E-02
    7746.719     12.813   2.750  9.27500E-01  9.66891E-01 -4.09075E-02
    7747.776     13.871   2.800  9.39049E-01  9.69584E-01 -3.16285E-02
    7748.852     14.947   2.850  9.48966E-01  9.71585E-01 -2.33702E-02
    7749.948     16.042   2.900  9.60924E-01  9.73587E-01 -1.30504E-02
    7751.062     17.157   2.950  9.74646E-01  9.75589E-01 -9.69185E-04
    7752.196     18.290   3.000  9.89459E-01  9.77590E-01  1.21699E-02
    7753.348     19.443   3.050  1.00186E+00  9.78685E-01  2.37066E-02
    7754.520     20.614   3.100  1.01483E+00  9.79779E-01  3.57709E-02
    7755.710     21.805   3.150  1.02709E+00  9.80873E-01  4.70598E-02
    7756.920     23.015   3.200  1.03731E+00  9.81967E-01  5.62104E-02
    7758.149     24.243   3.250  1.04481E+00  9.83031E-01  6.26377E-02
    7759.396     25.491   3.300  1.04981E+00  9.84096E-01  6.65068E-02
    7760.663     26.758   3.350  1.05154E+00  9.85161E-01  6.70528E-02
    7761.949     28.044   3.400  1.04938E+00  9.86225E-01  6.36866E-02
    7763.254     29.349   3.450  1.04437E+00  9.87037E-01  5.77034E-02
    7764.578     30.673   3.500  1.03581E+00  9.87849E-01  4.81774E-02
    7765.921     32.016   3.550  1.02335E+00  9.88661E-01  3.47807E-02
    7767.283     33.378   3.600  1.00699E+00  9.89472E-01  1.75282E-02
    7768.664     34.759   3.650  9.88325E-01  9.90484E-01 -2.15683E-03
    7770.064     36.159   3.700  9.67158E-01  9.91496E-01 -2.42760E-02
    7771.484     37.578   3.750  9.45132E-01  9.92508E-01 -4.71767E-02
    7772.922     39.017   3.800  9.24603E-01  9.93520E-01 -6.85148E-02
    7774.379     40.474   3.850  9.07982E-01  9.94424E-01 -8.57932E-02
    7775.856     41.950   3.900  8.97632E-01  9.95328E-01 -9.68009E-02
    7777.351     43.446   3.950  8.95366E-01  9.96232E-01 -9.97748E-02
    7778.865     44.960   4.000  9.01783E-01  9.97137E-01 -9.41638E-02
    7780.399     46.494   4.050  9.16058E-01  9.98063E-01 -8.08716E-02
    7781.951     48.046   4.100  9.36241E-01  9.98990E-01 -6.17981E-02
    7783.523     49.618   4.150  9.59184E-01  9.99917E-01 -4.00603E-02
    7785.114     51.209   4.200  9.81437E-01  1.00084E+00 -1.90608E-02
    7786.723     52.818   4.250  1.00060E+00  1.00169E+00 -1.07379E-03
    7788.352     54.447   4.300  1.01424E+00  1.00254E+00  1.14617E-02
    7790.000     56.095   4.350  1.02189E+00  1.00339E+00  1.81140E-02
    7791.667     57.762   4.400  1.02454E+00  1.00424E+00  1.98568E-02
    7793.353     59.448   4.450  1.02424E+00  1.00495E+00  1.88511E-02
    7795.058     61.153   4.500  1.02311E+00  1.00566E+00  1.70438E-02
    7796.782     62.877   4.550  1.02327E+00  1.00637E+00  1.64952E-02
    7798.525     64.620   4.600  1.02611E+00  1.00708E+00  1.85642E-02
    7800.287     66.382   4.650  1.03135E+00  1.00726E+00  2.35063E-02
    7802.068     68.163   4.700  1.03917E+00  1.00743E+00  3.09535E-02
    7803.868     69.963   4.750  1.04874E+00  1.00761E+00  4.00996E-02
    7805.688     71.782   4.800  1.05903E+00  1.00779E+00  4.99525E-02
    7807.526     73.621   4.850  1.06848E+00  1.00773E+00  5.92312E-02
    7809.383     75.478   4.900  1.07669E+00  1.00767E+00  6.73063E-02
    7811.260     77.355   4.950  1.08265E+00  1.00761E+00  7.31881E-02
    7813.155     79.250   5.000  1.08502E+00  1.00755E+00  7.55729E-02
    7815.070     81.165   5.050  1.08181E+00  1.00724E+00  7.27922E-02
    7817.003     83.098   5.100  1.07163E+00  1.00692E+00  6.32023E-02
    7818.956     85.051   5.150  1.05313E+00  1.00660E+00  4.54691E-02
    7820.928     87.022   5.200  1.02609E+00  1.00628E+00  1.93636E-02
    7822.918     89.013   5.250  9.91324E-01  1.00550E+00 -1.38748E-02
    7824.928     91.023   5.300  9.53112E-01  1.00472E+00 -5.05373E-02
    7826.957     93.052   5.350  9.16700E-01  1.00394E+00 -8.54920E-02
    7829.005     95.100   5.400  8.88047E-01  1.00316E+00 -1.12888E-01
    7831.072     97.166   5.450  8.72440E-01  1.00231E+00 -1.27477E-01
    7833.158     99.252   5.500  8.73365E-01  1.00146E+00 -1.25850E-01
    7835.263    101.357   5.550  8.90913E-01  1.00060E+00 -1.07874E-01
    7837.387    103.481   5.600  9.21688E-01  9.99752E-01 -7.68427E-02
    7839.530    105.625   5.650  9.59737E-01  9.98834E-01 -3.85254E-02
    7841.692    107.787   5.700  9.96974E-01  9.97917E-01 -9.29948E-04
    7843.873    109.968   5.750  1.02606E+00  9.97000E-01  2.86938E-02
    7846.074    112.168   5.800  1.04202E+00  9.96083E-01  4.54054E-02
    7848.293    114.388   5.850  1.04340E+00  9.95094E-01  4.77890E-02
    7850.531    116.626   5.900  1.03238E+00  9.94106E-01  3.79060E-02
    7852.789    118.883   5.950  1.01436E+00  9.93118E-01  2.10612E-02
    7855.065    121.160   6.000  9.96082E-01  9.92130E-01  3.92168E-03
    7857.361    123.455   6.050  9.83661E-01  9.91333E-01 -7.62054E-03
    7859.675    125.770   6.100  9.80892E-01  9.90536E-01 -9.58799E-03
    7862.009    128.104   6.150  9.88292E-01  9.89739E-01 -1.43990E-03
    7864.361    130.456   6.200  1.00321E+00  9.88942E-01  1.42100E-02
    7866.733    132.828   6.250  1.02090E+00  9.88145E-01  3.26553E-02
    7869.124    135.219   6.300  1.03617E+00  9.87349E-01  4.87169E-02
    7871.534    137.628   6.350  1.04500E+00  9.86552E-01  5.83689E-02
    7873.963    140.057   6.400  1.04562E+00  9.85755E-01  5.98438E-02
    7876.411    142.505   6.450  1.03882E+00  9.84958E-01  5.38918E-02
    7878.877    144.972   6.500  1.02727E+00  9.84161E-01  4.31691E-02
    7881.364    147.458   6.550  1.01414E+00  9.83530E-01  3.06877E-02
    7883.869    149.963   6.600  1.00243E+00  9.82898E-01  1.95935E-02
    7886.393    152.487   6.650  9.93375E-01  9.82267E-01  1.11544E-02
    7888.936    155.031   6.700  9.86386E-01  9.81635E-01  4.77424E-03
    7891.498    157.593   6.750  9.79519E-01  9.81004E-01 -1.49315E-03
    7894.079    160.174   6.800  9.70567E-01  9.80372E-01 -9.87284E-03
    7896.680    162.774   6.850  9.58228E-01  9.79741E-01 -2.16797E-02
    7899.299    165.394   6.900  9.42933E-01  9.79109E-01 -3.64889E-02
    7901.937    168.032   6.950  9.26965E-01  9.78478E-01 -5.20047E-02
    7904.595    170.690   7.000  9.13814E-01  9.77846E-01 -6.47013E-02
    7907.271    173.366   7.050  9.07267E-01  9.77086E-01 -7.06342E-02
    7909.967    176.062   7.100  9.09245E-01  9.76325E-01 -6.79458E-02
    7912.682    178.776   7.150  9.19640E-01  9.75565E-01 -5.67145E-02
    7915.415    181.510   7.200  9.36070E-01  9.74804E-01 -3.93297E-02
    7918.168    184.263   7.250  9.54562E-01  9.74044E-01 -1.98057E-02
    7920.940    187.034   7.300  9.70813E-01  9.73284E-01 -2.51457E-03
    7923.731    189.825   7.350  9.81572E-01  9.72523E-01  9.22161E-03
    7926.540    192.635   7.400  9.85657E-01  9.71763E-01  1.41763E-02
    7929.369    195.464   7.450  9.84246E-01  9.71002E-01  1.35289E-02
    7932.217    198.312   7.500  9.80339E-01  9.70242E-01  1.03277E-02
    7935.084    201.179   7.550  9.77380E-01  9.69198E-01  8.38125E-03
    7937.970    204.065   7.600  9.78581E-01  9.68154E-01  1.06981E-02
    7940.875    206.970   7.650  9.84874E-01  9.67110E-01  1.82536E-02
    7943.800    209.894   7.700  9.94915E-01  9.66067E-01  2.96897E-02
    7946.743    212.838   7.750  1.00560E+00  9.65023E-01  4.18280E-02
    7949.705    215.800   7.800  1.01324E+00  9.63979E-01  5.08531E-02
    7952.686    218.781   7.850  1.01489E+00  9.62936E-01  5.37213E-02
    7955.687    221.781   7.900  1.00947E+00  9.61892E-01  4.92715E-02
    7958.706    224.801   7.950  9.98096E-01  9.60848E-01  3.86341E-02
    7961.745    227.839   8.000  9.83672E-01  9.59804E-01  2.47947E-02
    7964.802    230.897   8.050  9.69547E-01  9.58597E-01  1.13933E-02
    7967.879    233.973   8.100  9.59218E-01  9.57390E-01  1.90449E-03
    7970.974    237.069   8.150  9.53911E-01  9.56183E-01 -2.37097E-03
    7974.089    240.184   8.200  9.52716E-01  9.54976E-01 -2.36218E-03
    7977.223    243.317   8.250  9.53031E-01  9.53769E-01 -7.72315E-04
    7980.375    246.470   8.300  9.51616E-01  9.52562E-01 -9.91260E-04
    7983.547    249.642   8.350  9.45849E-01  9.51354E-01 -5.78195E-03
    7986.738    252.833   8.400  9.34739E-01  9.50147E-01 -1.62089E-02
    7989.948    256.043   8.450  9.19348E-01  9.48940E-01 -3.11792E-02
    7993.177    259.272   8.500  9.02490E-01  9.47733E-01 -4.77455E-02
    7996.425    262.520   8.550  8.87924E-01  9.46671E-01 -6.20705E-02
    7999.692    265.787   8.600  8.78871E-01  9.45609E-01 -7.05990E-02
    8002.978    269.073   8.650  8.77300E-01  9.44547E-01 -7.12234E-02
    8006.283    272.378   8.700  8.83322E-01  9.43485E-01 -6.37971E-02
    8009.608    275.702   8.750  8.95383E-01  9.42423E-01 -4.99418E-02
    8012.951    279.046   8.800  9.10999E-01  9.41361E-01 -3.22745E-02
    8016.313    282.408   8.850  9.27704E-01  9.40299E-01 -1.34039E-02
    8019.695    285.789   8.900  9.43819E-01  9.39237E-01  4.88245E-03
    8023.095    289.190   8.950  9.58722E-01  9.38174E-01  2.19211E-02
    8026.514    292.609   9.000  9.72570E-01  9.37112E-01  3.78745E-02
    8029.953    296.048   9.050  9.86014E-01  9.36187E-01  5.32684E-02
    8033.410    299.505   9.100  9.98310E-01  9.35263E-01  6.74595E-02
    8036.887    302.982   9.150  1.00773E+00  9.34338E-01  7.85979E-02
    8040.383    306.477   9.200  1.01179E+00  9.33413E-01  8.40111E-02
    8043.897    309.992   9.250  1.00806E+00  9.32488E-01  8.10725E-02
    8047.431    313.526   9.300  9.95174E-01  9.31563E-01  6.82958E-02
    8050.984    317.079   9.350  9.73678E-01  9.30638E-01  4.62500E-02
    8054.556    320.651   9.400  9.46377E-01  9.29713E-01  1.79220E-02
    8058.147    324.241   9.450  9.17928E-01  9.28788E-01 -1.16899E-02
    8061.757    327.851   9.500  8.93777E-01  9.27863E-01 -3.67225E-02
    8065.386    331.480   9.550  8.78690E-01  9.26968E-01 -5.20566E-02
    8069.034    335.129   9.600  8.75508E-01  9.26073E-01 -5.45701E-02
    8072.701    338.796   9.650  8.83542E-01  9.25178E-01 -4.49726E-02
    8076.387    342.482   9.700  8.98875E-01  9.24283E-01 -2.74673E-02
    8080.092    346.187   9.750  9.15451E-01  9.23388E-01 -8.58775E-03
    8083.817    349.911   9.800  9.26889E-01  9.22493E-01  4.76118E-03
    8087.560    353.655   9.850  9.28473E-01  9.21597E-01  7.45268E-03
    8091.322    357.417   9.900  9.18665E-01  9.20702E-01 -2.21029E-03
    8095.104    361.198   9.950  8.99656E-01  9.19807E-01 -2.18803E-02
    8098.904    364.999  10.000  8.76770E-01  9.18912E-01 -4.57977E-02
    8102.724    368.818  10.050  8.56496E-01  9.17762E-01 -6.66609E-02
    8106.562    372.657  10.100  8.45790E-01  9.16612E-01 -7.71509E-02
    8110.420    376.514  10.150  8.48777E-01  9.15462E-01 -7.27307E-02
    8114.296    380.391  10.200  8.65970E-01  9.14312E-01 -5.27886E-02
    8118.192    384.287  10.250  8.94164E-01  9.13162E-01 -2.07698E-02
    8122.107    388.202  10.300  9.27424E-01  9.12012E-01  1.68706E-02
    8126.041    392.135  10.350  9.58779E-01  9.10862E-01  5.25149E-02
    8129.994    396.088  10.400  9.82101E-01  9.09711E-01  7.94310E-02
    8133.965    400.060  10.450  9.93576E-01  9.08561E-01  9.33978E-02
    8137.956    404.051  10.500  9.92390E-01  9.07411E-01  9.34717E-02
    8141.966    408.061  10.550  9.80503E-01  9.06261E-01  8.17607E-02
    8145.995    412.090  10.600  9.61703E-01  9.05111E-01  6.23998E-02
    8150.044    416.138  10.650  9.40322E-01  9.03961E-01  4.01412E-02
    8154.111    420.205  10.700  9.20039E-01  9.02811E-01  1.90427E-02
    8158.197    424.292  10.750  9.03136E-01  9.01661E-01  1.63313E-03
    8162.302    428.397  10.800  8.90330E-01  9.00511E-01 -1.12805E-02
    8166.427    432.521  10.850  8.81117E-01  8.99361E-01 -2.02385E-02
    8170.570    436.665  10.900  8.74408E-01  8.98210E-01 -2.64377E-02
    8174.732    440.827  10.950  8.69153E-01  8.97060E-01 -3.10361E-02
    8178.914    445.008  11.000  8.64745E-01  8.95910E-01 -3.47012E-02
    8183.114    449.209  11.050  8.60962E-01  8.94715E-01 -3.76308E-02
    8187.334    453.429  11.100  8.58239E-01  8.93519E-01 -3.93847E-02
    8191.572    457.667  11.150  8.56974E-01  8.92324E-01 -3.95135E-02
    8195.830    461.925  11.200  8.57373E-01  8.91128E-01 -3.77792E-02
    8200.107    466.202  11.250  8.59350E-01  8.89933E-01 -3.42734E-02
    8204.403    470.497  11.300  8.62598E-01  8.88737E-01 -2.93314E-02
    8208.717    474.812  11.350  8.66784E-01  8.87542E-01 -2.33232E-02
    8213.051    479.146  11.400  8.71716E-01  8.86346E-01 -1.64600E-02
    8217.404    483.499  11.450  8.77394E-01  8.85151E-01 -8.73827E-03
    8221.776    487.871  11.500  8.83896E-01  8.83955E-01 -6.64327E-05
    8226.167    492.262  11.550  8.91157E-01  8.82759E-01  9.48448E-03
    8230.577    496.672  11.600  8.98751E-01  8.81564E-01  1.94374E-02
    8235.006    501.101  11.650  9.05818E-01  8.80368E-01  2.88192E-02
    8239.454    505.549  11.700  9.11195E-01  8.79173E-01  3.63095E-02
    8243.922    510.016  11.750  9.13745E-01  8.77977E-01  4.06097E-02
    8248.408    514.503  11.800  9.12760E-01  8.76782E-01  4.09022E-02
    8252.913    519.008  11.850  9.08276E-01  8.75586E-01  3.72128E-02
    8257.438    523.532  11.900  9.01151E-01  8.74391E-01  3.05030E-02
    8261.981    528.076  11.950  8.92838E-01  8.73195E-01  2.24192E-02
    8266.543    532.638  12.000  8.84911E-01  8.72000E-01  1.47560E-02
    8271.125    537.220  12.050  8.78491E-01  8.70758E-01  8.84990E-03
    8275.725    541.820  12.100  8.73853E-01  8.69517E-01  4.97073E-03
    8280.345    546.440  12.150  8.70325E-01  8.68275E-01  2.35334E-03
    8284.984    551.078  12.200  8.66546E-01  8.67033E-01 -5.60138E-04
    8289.641    555.736  12.250  8.61046E-01  8.65792E-01 -5.46255E-03
    8294.318    560.413  12.300  8.52929E-01  8.64550E-01 -1.33961E-02
    8299.014    565.109  12.350  8.42401E-01  8.63309E-01 -2.41353E-02
    8303.729    569.824  12.400  8.30930E-01  8.62067E-01 -3.59956E-02
    8308.463    574.557  12.450  8.20933E-01  8.60825E-01 -4.61834E-02
    8313.216    579.310  12.500  8.15070E-01  8.59584E-01 -5.16083E-02
    8317.988    584.082  12.550  8.15360E-01  8.58342E-01 -4.99045E-02
    8322.779    588.873  12.600  8.22433E-01  8.57101E-01 -4.03094E-02
    8327.589    593.684  12.650  8.35176E-01  8.55859E-01 -2.40833E-02
    8332.418    598.513  12.700  8.50934E-01  8.54617E-01 -4.29478E-03
    8337.266    603.361  12.750  8.66209E-01  8.53376E-01  1.49862E-02
    8342.133    608.228  12.800  8.77651E-01  8.52134E-01  2.98417E-02
    8347.020    613.114  12.850  8.83024E-01  8.50893E-01  3.76323E-02
    8351.925    618.020  12.900  8.81815E-01  8.49651E-01  3.77257E-02
    8356.850    622.944  12.950  8.75302E-01  8.48409E-01  3.15888E-02
    8361.793    627.888  13.000  8.66054E-01  8.47168E-01  2.22163E-02
    8366.755    632.850  13.050  8.56990E-01  8.45819E-01  1.31623E-02
    8371.737    637.832  13.100  8.50550E-01  8.44470E-01  7.17569E-03
    8376.738    642.832  13.150  8.47812E-01  8.43121E-01  5.54433E-03
    8381.757    647.852  13.200  8.48284E-01  8.41772E-01  7.70953E-03
    8386.796    652.891  13.250  8.50197E-01  8.40423E-01  1.15904E-02
    8391.854    657.948  13.300  8.51215E-01  8.39075E-01  1.44212E-02
    8396.931    663.025  13.350  8.49323E-01  8.37726E-01  1.37981E-02
    8402.026    668.121  13.400  8.43568E-01  8.36377E-01  8.56964E-03
    8407.141    673.236  13.450  8.34414E-01  8.35028E-01 -7.32466E-04
    8412.275    678.370  13.500  8.23596E-01  8.33679E-01 -1.20561E-02
    8417.428    683.523  13.550  8.13532E-01  8.32330E-01 -2.25131E-02
    8422.600    688.695  13.600  8.06526E-01  8.30981E-01 -2.93368E-02
    8427.791    693.886  13.650  8.04015E-01  8.29633E-01 -3.07808E-02
    8433.002    699.096  13.700  8.06135E-01  8.28284E-01 -2.66576E-02
    8438.231    704.326  13.750  8.11711E-01  8.26935E-01 -1.83527E-02
    8443.479    709.574  13.800  8.18687E-01  8.25586E-01 -8.33075E-03
    8448.746    714.841  13.850  8.24799E-01  8.24237E-01  6.80033E-04
    8454.033    720.127  13.900  8.28288E-01  8.22888E-01  6.54184E-03
    8459.338    725.433  13.950  8.28395E-01  8.21539E-01  8.31931E-03
    8464.663    730.757  14.000  8.25511E-01  8.20191E-01  6.46763E-03
    8470.006    736.101  14.050  8.20930E-01  8.18855E-01  2.52650E-03
    8475.369    741.463  14.100  8.16384E-01  8.17519E-01 -1.38360E-03
    8480.750    746.845  14.150  8.13460E-01  8.16183E-01 -3.32620E-03
    8486.151    752.246  14.200  8.13078E-01  8.14847E-01 -2.16418E-03
    8491.571    757.665  14.250  8.15239E-01  8.13511E-01  2.11877E-03
    8497.009    763.104  14.300  8.19072E-01  8.12175E-01  8.46706E-03
    8502.467    768.562  14.350  8.23137E-01  8.10839E-01  1.51235E-02
    8507.944    774.039  14.400  8.25884E-01  8.09503E-01  2.01777E-02
    8513.440    779.535  14.450  8.26090E-01  8.08167E-01  2.21126E-02
    8518.955    785.050  14.500  8.23170E-01  8.06831E-01  2.01922E-02
    8524.489    790.584  14.550  8.17292E-01  8.05495E-01  1.46034E-02
    8530.042    796.137  14.600  8.09279E-01  8.04159E-01  6.34919E-03
    8535.614    801.709  14.650  8.00375E-01  8.02823E-01 -3.04041E-03
    8541.205    807.300  14.700  7.91941E-01  8.01487E-01 -1.18761E-02
    8546.815    812.910  14.750  7.85179E-01  8.00151E-01 -1.86574E-02
    8552.445    818.539  14.800  7.80925E-01  7.98815E-01 -2.23317E-02
    8558.093    824.188  14.850  7.79535E-01  7.97479E-01 -2.24366E-02
    8563.760    829.855  14.900  7.80869E-01  7.96143E-01 -1.91304E-02
    8569.447    835.541  14.950  7.84341E-01  7.94807E-01 -1.31301E-02
    8575.152    841.247  15.000  7.89031E-01  7.93471E-01 -5.57944E-03
    8580.877    846.971  15.050  7.93759E-01  7.92060E-01  2.13890E-03
    8586.620    852.715  15.100  7.97540E-01  7.90650E-01  8.69031E-03
    8592.383    858.477  15.150  7.99464E-01  7.89239E-01  1.29193E-02
    8598.164    864.259  15.200  7.99001E-01  7.87829E-01  1.41431E-02
    8603.965    870.060  15.250  7.96136E-01  7.86419E-01  1.23237E-02
    8609.785    875.880  15.300  7.91391E-01  7.85008E-01  8.10992E-03
    8615.624    881.718  15.350  7.85729E-01  7.83598E-01  2.71272E-03
    8621.482    887.576  15.400  7.80319E-01  7.82187E-01 -2.38209E-03
    8627.358    893.453  15.450  7.76235E-01  7.80777E-01 -5.80312E-03
    8633.254    899.349  15.500  7.74147E-01  7.79367E-01 -6.68096E-03
    8639.169    905.264  15.550  7.74124E-01  7.77956E-01 -4.91465E-03
    8645.103    911.198  15.600  7.75595E-01  7.76546E-01 -1.22144E-03
    8651.057    917.151  15.650  7.77516E-01  7.75135E-01  3.06392E-03
    8657.029    923.123  15.700  7.78684E-01  7.73725E-01  6.39454E-03
    8663.020    929.115  15.750  7.78122E-01  7.72314E-01  7.50286E-03
    8669.030    935.125  15.800  7.75402E-01  7.70904E-01  5.82258E-03
    8675.059    941.154  15.850  7.70804E-01  7.69494E-01  1.69875E-03
    8681.108    947.202  15.900  7.65241E-01  7.68083E-01 -3.69278E-03
    8687.175    953.270  15.950  7.59988E-01  7.66673E-01 -8.70107E-03
    8693.262    959.356  16.000  7.56274E-01  7.65262E-01 -1.17224E-02
    8699.367    965.462  16.050  7.54895E-01  7.63849E-01 -1.16994E-02
    8705.492    971.586  16.100  7.55891E-01  7.62436E-01 -8.56785E-03
    8711.635    977.730  16.150  7.58607E-01  7.61023E-01 -3.16938E-03
    8717.798    983.893  16.200  7.61870E-01  7.59610E-01  2.96944E-03
    8723.980    990.074  16.250  7.64365E-01  7.58197E-01  8.12071E-03
    8730.180    996.275  16.300  7.65049E-01  7.56784E-01  1.09019E-02
    8736.400   1002.495  16.350  7.63472E-01  7.55371E-01  1.07061E-02
    8742.639   1008.734  16.400  7.59904E-01  7.53958E-01  7.87379E-03
    8748.897   1014.992  16.450  7.55223E-01  7.52545E-01  3.55321E-03
    8755.174   1021.269  16.500  7.50603E-01  7.51132E-01 -7.02978E-04
    8761.470   1027.565  16.550  7.47116E-01  7.49718E-01 -3.46585E-03
    8767.785   1033.880  16.600  7.45377E-01  7.48305E-01 -3.90674E-03
    8774.119   1040.214  16.650  7.45348E-01  7.46892E-01 -2.06387E-03
    8780.472   1046.567  16.700  7.46365E-01  7.45479E-01  1.18656E-03
    8786.844   1052.939  16.750  7.47375E-01  7.44066E-01  4.44108E-03
    8793.236   1059.330  16.800  7.47304E-01  7.42653E-01  6.25396E-03
    8799.646   1065.741  16.850  7.45422E-01  7.41240E-01  5.63374E-03
    8806.075   1072.170  16.900  7.41595E-01  7.39827E-01  2.38717E-03
    8812.524   1078.618  16.950  7.36344E-01  7.38414E-01 -2.79964E-03
    8818.991   1085.086  17.000  7.30680E-01  7.37001E-01 -8.56503E-03
    8825.478   1091.572  17.050  7.25812E-01  7.35579E-01 -1.32611E-02
    8831.983   1098.078  17.100  7.22755E-01  7.34157E-01 -1.55124E-02
    8838.508   1104.602  17.150  7.22009E-01  7.32736E-01 -1.46214E-02
    8845.051   1111.146  17.200  7.23451E-01  7.31314E-01 -1.07393E-02
    8851.614   1117.709  17.250  7.26393E-01  7.29892E-01 -4.78933E-03
    8858.196   1124.291  17.300  7.29805E-01  7.28470E-01  1.83059E-03
    8864.797   1130.891  17.350  7.32624E-01  7.27049E-01  7.66093E-03
    8871.416   1137.511  17.400  7.34036E-01  7.25627E-01  1.15773E-02
    8878.055   1144.150  17.450  7.33668E-01  7.24205E-01  1.30540E-02
    8884.713   1150.808  17.500  7.31631E-01  7.22784E-01  1.22298E-02
    8891.390   1157.485  17.550  7.28421E-01  7.21362E-01  9.77687E-03
    8898.086   1164.181  17.600  7.24720E-01  7.19940E-01  6.63419E-03
    8904.801   1170.896  17.650  7.21180E-01  7.18518E-01  3.70158E-03
    8911.536   1177.630  17.700  7.18238E-01  7.17097E-01  1.58997E-03
    8918.289   1184.384  17.750  7.16030E-01  7.15675E-01  4.95601E-04
    8925.061   1191.156  17.800  7.14409E-01  7.14253E-01  2.18565E-04
    8931.852   1197.947  17.850  7.13045E-01  7.12832E-01  2.99493E-04
    8938.663   1204.757  17.900  7.11563E-01  7.11410E-01  2.15690E-04
    8945.492   1211.587  17.950  7.09682E-01  7.09988E-01 -4.31478E-04
    8952.341   1218.435  18.000  7.07295E-01  7.08566E-01 -1.79306E-03
    8959.208   1225.303  18.050  7.04406E-01  7.07123E-01 -3.83983E-03
    8966.095   1232.189  18.100  7.01399E-01  7.05680E-01 -6.06401E-03
    8973.000   1239.095  18.150  6.98648E-01  7.04236E-01 -7.93258E-03
    8979.925   1246.020  18.200  6.96477E-01  7.02793E-01 -8.98406E-03
    8986.869   1252.963  18.250  6.95068E-01  7.01350E-01 -8.95395E-03
    8993.831   1259.926  18.300  6.94426E-01  6.99906E-01 -7.82750E-03
    9000.813   1266.908  18.350  6.94399E-01  6.98463E-01 -5.81651E-03
    9007.814   1273.909  18.400  6.94733E-01  6.97020E-01 -3.28048E-03
    9014.834   1280.929  18.450  6.95142E-01  6.95576E-01 -6.24854E-04
    9021.873   1287.967  18.500  6.95377E-01  6.94133E-01  1.79177E-03
    9028.931   1295.025  18.550  6.95267E-01  6.92690E-01  3.72022E-03
    9036.008   1302.102  18.600  6.94735E-01  6.91247E-01  5.04618E-03
    9043.104   1309.199  18.650  6.93793E-01  6.89803E-01  5.78330E-03
    9050.219   1316.314  18.700  6.92521E-01  6.88360E-01  6.04453E-03
    9057.353   1323.448  18.750  6.91039E-01  6.86917E-01  6.00199E-03
    9064.506   1330.601  18.800  6.89477E-01  6.85473E-01  5.84173E-03
    9071.679   1337.773  18.850  6.87940E-01  6.84030E-01  5.71731E-03
    9078.870   1344.965  18.900  6.86480E-01  6.82587E-01  5.70579E-03
    9086.080   1352.175  18.950  6.85075E-01  6.81143E-01  5.77351E-03
    9093.310   1359.405  19.000  6.83616E-01  6.79700E-01  5.76295E-03
    9100.558   1366.653  19.050  6.81991E-01  6.78281E-01  5.47079E-03
    9107.826   1373.921  19.100  6.79863E-01  6.76863E-01  4.43396E-03
    9115.113   1381.207  19.150  6.77048E-01  6.75444E-01  2.37625E-03
    9122.418   1388.513  19.200  6.73518E-01  6.74025E-01 -7.52598E-04
    9129.743   1395.838  19.250  6.69448E-01  6.72607E-01 -4.69787E-03
    9137.087   1403.181  19.300  6.65217E-01  6.71188E-01 -8.90146E-03
    9144.449   1410.544  19.350  6.61338E-01  6.69769E-01 -1.25962E-02
    9151.831   1417.926  19.400  6.58346E-01  6.68351E-01 -1.49778E-02
    9159.232   1425.327  19.450  6.56660E-01  6.66932E-01 -1.54119E-02
    9166.652   1432.747  19.500  6.56456E-01  6.65513E-01 -1.36189E-02
    9174.091   1440.186  19.550  6.57605E-01  6.64095E-01 -9.78021E-03
    9181.549   1447.644  19.600  6.59678E-01  6.62676E-01 -4.52733E-03
    9189.026   1455.121  19.650  6.62044E-01  6.61257E-01  1.19066E-03
    9196.522   1462.617  19.700  6.64012E-01  6.59839E-01  6.32999E-03
    9204.038   1470.132  19.750  6.65002E-01  6.58420E-01  1.00058E-02
    9211.572   1477.667  19.800  6.64684E-01  6.57001E-01  1.17053E-02
    9219.125   1485.220  19.850  6.63048E-01  6.55583E-01  1.13992E-02
    9226.697   1492.792  19.900  6.60385E-01  6.54164E-01  9.52002E-03
    9234.289   1500.384  19.950  6.57189E-01  6.52745E-01  6.81511E-03
    9241.899   1507.994  20.000  6.54007E-01  6.51327E-01  4.11918E-03
