# # Once                                                         FEFF 9.6.4  
# # POT  SCF 100  5.0000   0, core-hole, AFOLP (folp(0)= 1.150)
# # Abs   Z=26 Rmt= 1.356 Rnm= 1.406 K  shell
# # Pot 1 Z=57 Rmt= 1.836 Rnm= 1.836
# # Pot 2 Z=14 Rmt= 1.348 Rnm= 1.400
# # Pot 3 Z=26 Rmt= 1.365 Rnm= 1.416
# # Gam_ch=1.309E+00 H-L exch Vi= 0.000E+00 Vr= 0.000E+00
# # Mu=-1.656E+01 kf=2.106E+00 Vint=-2.557E+01 Rs_int= 1.722
# # PATH  Rmax= 8.000,  Keep_limit= 0.00, Heap_limit 0.00  Pwcrit= 2.50%
#  S02=1.000  Temp=   0.00  Debye_temp=   0.00  Global_sig2= 0.00000
#  Energy zero shift, vr, vi    0.00000E+00   0.00000E+00
#  Curved wave amplitude ratio filter   4.000%
#     file         sig2 tot  cw amp ratio   deg  nlegs   reff  inp sig2
#           1       0.00000    100.00      1.00     2   2.4449
#           2       0.00000     99.76      1.00     2   2.4479
#           3       0.00000     99.63      1.00     2   2.4495
#           4       0.00000     99.63      1.00     2   2.4496
#           5       0.00000    103.50      1.00     2   2.4538
#           6       0.00000     93.00      1.00     2   2.5367
#           7       0.00000     91.88      1.00     2   2.5524
#           8       0.00000     91.49      1.00     2   2.5578
#           9       0.00000     88.29      1.00     2   2.6044
#          10       0.00000     82.06      1.00     2   2.7015
#          11       0.00000     81.22      1.00     2   3.3312
#          12       0.00000     80.59      1.00     2   3.3440
#          13       0.00000     48.27      1.00     2   3.4653
#          14       0.00000      8.16      2.00     3   3.7021
#          15       0.00000     10.41      2.00     3   3.7077
#          16       0.00000      9.89      2.00     3   3.7231
#          17       0.00000      9.89      2.00     3   3.7258
#          18       0.00000      9.60      2.00     3   3.7343
#          19       0.00000      8.89      2.00     3   3.7456
#          20       0.00000      9.42      2.00     3   3.7624
#          21       0.00000      9.21      2.00     3   3.7688
#          22       0.00000      7.75      2.00     3   3.8150
#          23       0.00000      9.17      2.00     3   3.8147
#          24       0.00000      8.80      2.00     3   3.8281
#          25       0.00000      8.05      2.00     3   3.8596
#          26       0.00000     37.22      1.00     2   3.8739
#          27       0.00000     32.63      1.00     2   4.0902
#          28       0.00000     32.27      1.00     2   4.1084
#          29       0.00000     31.57      1.00     2   4.1452
#          30       0.00000      8.15      2.00     3   4.1627
#          31       0.00000     31.21      1.00     2   4.1646
#          32       0.00000     62.31      2.00     2   4.1675
#          33       0.00000     31.13      1.00     2   4.1688
#          34       0.00000      7.82      2.00     3   4.1809
#          35       0.00000     30.82      1.00     2   4.1859
#          36       0.00000     30.22      1.00     2   4.2191
#          37       0.00000     30.11      1.00     2   4.2254
#          38       0.00000     29.81      1.00     2   4.2425
#          39       0.00000     22.17      1.00     2   4.2509
#          40       0.00000     29.64      1.00     2   4.2521
#          41       0.00000     13.79      2.00     3   4.3678
#          42       0.00000      6.28      2.00     3   4.3852
#          43       0.00000      6.29      2.00     3   4.3869
#          44       0.00000      9.46      2.00     3   4.3932
#          45       0.00000      9.42      2.00     3   4.3947
#          46       0.00000     26.04      1.00     2   4.4767
#          47       0.00000      6.00      2.00     3   4.5244
#          48       0.00000     50.53      2.00     2   4.5298
#          49       0.00000     20.72      4.00     3   4.5333
#          50       0.00000      9.85      2.00     3   4.5392
#          51       0.00000     14.10      2.00     3   4.5425
#          52       0.00000      9.27      2.00     3   4.5494
#          53       0.00000     24.79      1.00     2   4.5633
#          54       0.00000     15.28      2.00     3   4.5656
#          55       0.00000      9.71      2.00     3   4.5702
#          56       0.00000      9.63      2.00     3   4.5708
#          57       0.00000     24.62      1.00     2   4.5758
#          58       0.00000      9.34      2.00     3   4.5760
#          59       0.00000      6.30      2.00     3   4.5823
#          60       0.00000     10.37      2.00     3   4.5879
#          61       0.00000      9.15      2.00     3   4.5928
#          62       0.00000      6.32      2.00     3   4.5939
#          63       0.00000      6.16      2.00     3   4.5950
#          64       0.00000     24.23      1.00     2   4.6044
#          65       0.00000      4.93      2.00     3   4.6131
#          66       0.00000     24.10      1.00     2   4.6137
#          67       0.00000      6.39      2.00     3   4.6171
#          68       0.00000      6.41      2.00     3   4.6215
#          69       0.00000      9.23      2.00     3   4.6220
#          70       0.00000      5.85      2.00     3   4.6223
#          71       0.00000      9.24      2.00     3   4.6257
#          72       0.00000     23.93      1.00     2   4.6268
#          73       0.00000      9.48      2.00     3   4.6285
#          74       0.00000      8.81      2.00     3   4.6363
#          75       0.00000      8.78      2.00     3   4.6378
#          76       0.00000      9.01      2.00     3   4.6439
#          77       0.00000      5.45      2.00     3   4.6447
#          78       0.00000      6.18      2.00     3   4.6467
#          79       0.00000     24.23      2.00     3   4.6843
#          80       0.00000      5.45      2.00     3   4.7040
#          81       0.00000     11.33      2.00     3   4.7111
#          82       0.00000     14.53      2.00     3   4.7113
#          83       0.00000     14.53      2.00     3   4.7113
#          84       0.00000      9.72      2.00     3   4.7238
#          85       0.00000     14.06      2.00     3   4.7442
#          86       0.00000      9.51      2.00     3   4.7842
#          87       0.00000     12.99      2.00     3   4.7876
#          88       0.00000     13.07      2.00     3   4.7977
#          89       0.00000     13.13      2.00     3   4.8167
#          90       0.00000     12.27      2.00     3   4.8247
#          91       0.00000      9.14      2.00     3   4.8260
#          92       0.00000     20.95      1.00     2   4.8698
#          93       0.00000     22.65      2.00     3   4.8775
#          94       0.00000      5.99      1.00     4   4.8898
#          95       0.00000     39.38      2.00     3   4.8913
#          96       0.00000      6.11      1.00     4   4.8920
#          99       0.00000     20.69      1.00     2   4.8934
#         100       0.00000     52.70      2.00     3   4.8936
#         101       0.00000     42.81      1.00     4   4.8939
#         102       0.00000     18.17      2.00     4   4.8944
#         103       0.00000      5.96      1.00     4   4.8957
#         105       0.00000      5.94      1.00     4   4.8990
#         106       0.00000      5.94      1.00     4   4.8991
#         108       0.00000      4.24      1.00     4   4.9076
#         109       0.00000     20.75      1.00     4   4.9128
#         110       0.00000     14.18      1.00     2   4.9357
#         111       0.00000     14.12      1.00     2   4.9429
#         112       0.00000     20.11      1.00     2   4.9460
#         113       0.00000     20.01      1.00     2   4.9559
#         114       0.00000     53.25      2.00     3   4.9668
#         115       0.00000     25.07      2.00     3   4.9694
#         116       0.00000     24.91      2.00     3   4.9771
#         117       0.00000     20.03      2.00     3   4.9774
#         118       0.00000     33.09      2.00     3   4.9848
#         119       0.00000     34.03      1.00     4   4.9876
#         120       0.00000     13.73      1.00     2   4.9884
#         122       0.00000     12.21      1.00     4   5.0031
#         123       0.00000     13.95      2.00     4   5.0057
#         124       0.00000     12.20      1.00     4   5.0113
#         125       0.00000     14.89      1.00     4   5.0137
#         126       0.00000     23.27      2.00     3   5.0247
#         127       0.00000     14.05      2.00     3   5.0330
#         128       0.00000     13.24      1.00     2   5.0480
#         130       0.00000     10.75      2.00     4   5.0581
#         131       0.00000     10.93      1.00     4   5.0610
#         132       0.00000      5.12      1.00     4   5.0734
#         133       0.00000     23.39      2.00     3   5.0816
#         134       0.00000      4.99      1.00     4   5.1048
#         135       0.00000     29.77      1.00     2   5.1141
#         136       0.00000     11.61      1.00     4   5.1152
#         137       0.00000      4.95      1.00     4   5.1156
#         138       0.00000     18.04      2.00     3   5.1206
#         139       0.00000     29.47      1.00     2   5.1346
#         140       0.00000     12.08      2.00     4   5.1510
#         141       0.00000      4.59      1.00     4   5.2087
#         142       0.00000     16.46      1.00     2   5.3312
#         143       0.00000      4.96      2.00     3   5.3576
#         144       0.00000     16.17      1.00     2   5.3672
#         145       0.00000      4.96      2.00     3   5.3749
#         146       0.00000     31.82      2.00     2   5.3990
#         148       0.00000      5.75      2.00     3   5.4377
#         149       0.00000      9.17      2.00     3   5.4384
#         150       0.00000      5.82      2.00     3   5.4657
#         151       0.00000     15.96      2.00     3   5.4740
#         152       0.00000      8.52      2.00     3   5.4966
#         153       0.00000      8.36      2.00     3   5.4971
#         154       0.00000      4.85      2.00     3   5.5046
#         155       0.00000      4.68      2.00     3   5.5622
#         156       0.00000      8.62      4.00     3   5.5961
#         157       0.00000      4.14      2.00     3   5.6021
#         158       0.00000      4.10      2.00     3   5.6118
#         159       0.00000      5.43      2.00     3   5.6318
#         160       0.00000      4.30      2.00     3   5.6777
#         161       0.00000      5.44      2.00     3   5.6975
#         162       0.00000      4.37      2.00     3   5.7033
#         163       0.00000      5.05      2.00     3   5.7111
#         164       0.00000      5.67      2.00     3   5.7111
#         165       0.00000     13.64      1.00     2   5.7120
#         166       0.00000     13.56      1.00     2   5.7231
#         167       0.00000     13.34      1.00     2   5.7573
#         168       0.00000     13.31      1.00     2   5.7622
#         169       0.00000     13.29      1.00     2   5.7657
#         170       0.00000      8.64      1.00     2   5.7935
#         171       0.00000      8.92      2.00     3   5.8128
#         173       0.00000      8.36      2.00     3   5.8164
#         174       0.00000      8.45      1.00     2   5.8344
#         175       0.00000     12.78      1.00     2   5.8478
#         176       0.00000     19.28      2.00     3   5.8658
#         177       0.00000     13.30      2.00     4   5.8679
#         178       0.00000     20.58      1.00     2   5.8906
#         179       0.00000     18.90      2.00     3   5.8935
#         180       0.00000     41.66      2.00     3   5.8939
#         181       0.00000     12.90      2.00     4   5.8964
#         182       0.00000     26.37      1.00     4   5.8972
#         183       0.00000     20.48      1.00     2   5.9014
#         184       0.00000     39.44      2.00     3   5.9077
#         185       0.00000     23.43      1.00     4   5.9140
#         187       0.00000     12.32      1.00     2   5.9250
#         188       0.00000     12.29      1.00     2   5.9304
#         189       0.00000      8.65      2.00     3   5.9386
#         190       0.00000     12.05      1.00     2   5.9718
#         191       0.00000     11.91      1.00     2   5.9961
#         192       0.00000     11.90      1.00     2   5.9995
#         193       0.00000     11.87      1.00     2   6.0040
#         194       0.00000     11.86      1.00     2   6.0066
#         196       0.00000     11.82      1.00     2   6.0134
#         197       0.00000     11.80      1.00     2   6.0162
#         198       0.00000     11.79      1.00     2   6.0191
#         199       0.00000      4.35      2.00     3   6.0222
#         201       0.00000     13.56      4.00     3   6.0435
#         202       0.00000      7.49      1.00     2   6.0613
#         203       0.00000      8.19      2.00     3   6.0813
#         204       0.00000      7.53      2.00     3   6.0963
#         205       0.00000      5.83      2.00     3   6.1255
#         206       0.00000      7.19      1.00     2   6.1406
#         207       0.00000      5.19      2.00     3   6.1611
#         208       0.00000      5.30      2.00     3   6.1625
#         210       0.00000      5.41      2.00     3   6.1702
#         211       0.00000      5.53      2.00     3   6.1753
#         212       0.00000      5.53      2.00     3   6.1767
#         213       0.00000     10.94      1.00     2   6.1800
#         214       0.00000     10.93      1.00     2   6.1825
#         215       0.00000      8.40      2.00     3   6.1828
#         216       0.00000      7.03      1.00     2   6.1832
#         217       0.00000      4.32      2.00     3   6.1878
#         218       0.00000      4.67      2.00     3   6.1928
#         220       0.00000      8.61      2.00     3   6.2052
#         221       0.00000     10.78      1.00     2   6.2136
#         222       0.00000      8.45      2.00     3   6.2164
#         223       0.00000      8.47      2.00     3   6.2187
#         224       0.00000     10.75      1.00     2   6.2199
#         225       0.00000      5.53      2.00     3   6.2422
#         227       0.00000      9.88      2.00     3   6.2803
#         228       0.00000      5.43      2.00     3   6.2803
#         230       0.00000      7.39      2.00     3   6.2875
#         231       0.00000      9.69      2.00     3   6.2920
#         232       0.00000     10.34      1.00     2   6.3041
#         234       0.00000      6.97      2.00     3   6.3088
#         237       0.00000     10.30      1.00     2   6.3129
#         239       0.00000     10.28      1.00     2   6.3180
#         240       0.00000      6.57      2.00     3   6.3180
#         242       0.00000     10.25      2.00     3   6.3267
#         245       0.00000      5.89      2.00     3   6.3297
#         246       0.00000      5.93      2.00     3   6.3345
#         247       0.00000      6.22      2.00     3   6.3548
#         248       0.00000     10.06      1.00     2   6.3655
#         250       0.00000      9.98      1.00     2   6.3828
#         251       0.00000      6.49      2.00     3   6.3938
#         252       0.00000      4.38      2.00     3   6.3961
#         253       0.00000      4.77      2.00     3   6.3961
#         254       0.00000      9.92      1.00     2   6.3969
#         255       0.00000      9.91      1.00     2   6.3991
#         256       0.00000      4.47      2.00     3   6.4052
#         257       0.00000      4.23      2.00     3   6.4057
#         258       0.00000      5.91      2.00     3   6.4079
#         259       0.00000      4.52      2.00     3   6.4076
#         262       0.00000      4.67      2.00     3   6.4250
#         264       0.00000      4.82      2.00     3   6.4253
#         265       0.00000      4.69      2.00     3   6.4286
#         267       0.00000      9.75      1.00     2   6.4370
#         268       0.00000      4.90      2.00     3   6.4365
#         269       0.00000      6.18      1.00     2   6.4386
#         270       0.00000      4.89      2.00     3   6.4438
#         271       0.00000     10.52      2.00     3   6.4455
#         273       0.00000      9.69      1.00     2   6.4502
#         274       0.00000      5.09      2.00     3   6.4512
#         276       0.00000      9.68      1.00     2   6.4536
#         277       0.00000      9.66      1.00     2   6.4568
#         278       0.00000      4.35      2.00     3   6.4589
#         280       0.00000      4.52      2.00     3   6.4640
#         281       0.00000      9.62      1.00     2   6.4653
#         282       0.00000      9.61      1.00     2   6.4686
#         283       0.00000      9.18      2.00     3   6.4709
#         284       0.00000      4.70      2.00     3   6.4744
#         286       0.00000     15.27      2.00     3   6.4830
#         287       0.00000      9.55      1.00     2   6.4842
#         288       0.00000      5.90      2.00     3   6.4896
#         289       0.00000      6.02      1.00     2   6.4903
#         291       0.00000      6.53      2.00     3   6.4943
#         292       0.00000      5.01      2.00     3   6.4970
#         294       0.00000      9.47      1.00     2   6.5026
#         295       0.00000      6.16      2.00     3   6.5057
#         296       0.00000      5.20      2.00     3   6.5057
#         297       0.00000      6.80      1.00     4   6.5092
#         298       0.00000     10.19      2.00     3   6.5127
#         299       0.00000      7.87      2.00     3   6.5207
#         300       0.00000      8.84      2.00     3   6.5238
#         301       0.00000     16.81      2.00     3   6.5279
#         302       0.00000      4.51      2.00     3   6.5324
#         303       0.00000      5.89      1.00     2   6.5362
#         304       0.00000      6.02      2.00     3   6.5386
#         305       0.00000      7.56      2.00     3   6.5453
#         306       0.00000      5.20      2.00     3   6.5530
#         307       0.00000     17.99      2.00     3   6.5534
#         308       0.00000      4.30      2.00     4   6.5578
#         309       0.00000     10.33      2.00     3   6.5598
#         311       0.00000     18.04      2.00     3   6.5647
#         312       0.00000     11.08      2.00     3   6.5647
#         314       0.00000      5.27      1.00     4   6.5834
#         315       0.00000      6.09      2.00     3   6.5886
#         316       0.00000      9.11      1.00     2   6.5906
#         318       0.00000      9.03      1.00     2   6.6098
#         319       0.00000     15.49      2.00     3   6.6107
#         324       0.00000      7.64      1.00     4   6.6309
#         326       0.00000     17.81      2.00     2   6.6423
#         327       0.00000      8.90      1.00     2   6.6439
#         328       0.00000      7.26      2.00     3   6.6520
#         329       0.00000     10.47      1.00     4   6.6532
#         330       0.00000     22.07      2.00     3   6.6539
#         332       0.00000      8.75      1.00     4   6.6588
#         333       0.00000     10.63      1.00     4   6.6608
#         335       0.00000      8.80      1.00     2   6.6690
#         336       0.00000     19.27      2.00     3   6.6735
#         337       0.00000     17.59      2.00     3   6.6735
#         338       0.00000      8.78      1.00     2   6.6747
#         339       0.00000      8.77      1.00     2   6.6770
#         340       0.00000      7.65      2.00     3   6.6770
#         341       0.00000      4.18      2.00     3   6.6774
#         343       0.00000     22.48      2.00     3   6.6844
#         345       0.00000      6.93      1.00     4   6.6909
#         346       0.00000      8.72      1.00     2   6.6921
#         347       0.00000     13.55      2.00     3   6.6954
#         348       0.00000     14.62      1.00     4   6.6979
#         349       0.00000     12.89      2.00     3   6.6989
#         350       0.00000      4.75      2.00     4   6.7000
#         351       0.00000     10.51      1.00     4   6.7047
#         352       0.00000      8.49      1.00     4   6.7047
#         353       0.00000      8.65      1.00     2   6.7087
#         355       0.00000      5.91      1.00     4   6.7218
#         356       0.00000      9.44      2.00     3   6.7225
#         357       0.00000      5.71      1.00     4   6.7232
#         358       0.00000     15.07      1.00     4   6.7249
#   312/ 352 paths used
#  xsedge+50, used to normalize mu           3.1815E-04
#  -----------------------------------------------------------------------
#  omega    e    k    mu    mu0     chi     @#
    7120.549    -16.550   0.050  3.32089E-01  3.24347E-01  1.35678E-02
    7120.577    -16.522   0.100  3.40141E-01  3.30036E-01  1.76786E-02
    7120.625    -16.474   0.150  3.63469E-01  3.46906E-01  2.88237E-02
    7120.692    -16.407   0.200  3.86534E-01  3.63777E-01  3.93980E-02
    7120.777    -16.322   0.250  4.20332E-01  3.89446E-01  5.30175E-02
    7120.882    -16.217   0.300  4.52900E-01  4.15116E-01  6.43133E-02
    7121.006    -16.093   0.350  4.86128E-01  4.43596E-01  7.15698E-02
    7121.149    -15.950   0.400  5.16250E-01  4.72075E-01  7.34966E-02
    7121.311    -15.788   0.450  5.36664E-01  4.97940E-01  6.35331E-02
    7121.492    -15.607   0.500  5.51914E-01  5.23805E-01  4.54863E-02
    7121.692    -15.407   0.550  5.52426E-01  5.45769E-01  1.06019E-02
    7121.911    -15.188   0.600  5.46848E-01  5.67732E-01 -3.27380E-02
    7122.149    -14.950   0.650  5.26148E-01  5.86786E-01 -9.34080E-02
    7122.406    -14.693   0.700  5.00538E-01  6.05839E-01 -1.59446E-01
    7122.682    -14.417   0.750  4.60836E-01  6.23135E-01 -2.41262E-01
    7122.978    -14.121   0.800  4.19940E-01  6.40431E-01 -3.21885E-01
    7123.292    -13.807   0.850  3.73040E-01  6.56703E-01 -4.06369E-01
    7123.625    -13.474   0.900  3.38539E-01  6.72975E-01 -4.70317E-01
    7123.978    -13.121   0.950  3.29366E-01  6.88561E-01 -4.95712E-01
    7124.349    -12.750   1.000  3.35531E-01  7.04147E-01 -4.99399E-01
    7124.740    -12.359   1.050  3.49958E-01  7.19160E-01 -4.91106E-01
    7125.149    -11.950   1.100  3.73219E-01  7.34173E-01 -4.71567E-01
    7125.578    -11.521   1.150  4.03250E-01  7.48557E-01 -4.43299E-01
    7126.026    -11.073   1.200  4.38337E-01  7.62942E-01 -4.09615E-01
    7126.492    -10.607   1.250  4.77228E-01  7.76595E-01 -3.71635E-01
    7126.978    -10.121   1.300  5.16636E-01  7.90248E-01 -3.34237E-01
    7127.483     -9.616   1.350  5.54948E-01  8.03031E-01 -2.98541E-01
    7128.007     -9.092   1.400  5.92469E-01  8.15815E-01 -2.64830E-01
    7128.550     -8.549   1.450  6.28891E-01  8.27583E-01 -2.32444E-01
    7129.112     -7.987   1.500  6.67929E-01  8.39351E-01 -1.97893E-01
    7129.693     -7.406   1.550  7.10207E-01  8.49979E-01 -1.59457E-01
    7130.293     -6.806   1.600  7.58667E-01  8.60607E-01 -1.14946E-01
    7130.912     -6.187   1.650  8.12410E-01  8.70003E-01 -6.42836E-02
    7131.550     -5.549   1.700  8.69763E-01  8.79398E-01 -1.06471E-02
    7132.207     -4.892   1.750  9.26910E-01  8.87521E-01  4.31597E-02
    7132.884     -4.215   1.800  9.78866E-01  8.95643E-01  9.04273E-02
    7133.579     -3.520   1.850  1.02006E+00  9.02444E-01  1.26937E-01
    7134.293     -2.806   1.900  1.04901E+00  9.09244E-01  1.49823E-01
    7135.027     -2.072   1.950  1.06250E+00  9.14699E-01  1.57610E-01
    7135.779     -1.320   2.000  1.06218E+00  9.20154E-01  1.50674E-01
    7136.551     -0.548   2.050  1.05050E+00  9.23831E-01  1.33971E-01
    7137.341      0.242   2.100  1.03067E+00  9.27508E-01  1.08775E-01
    7138.151      1.052   2.150  1.00803E+00  9.31185E-01  8.07830E-02
    7138.980      1.881   2.200  9.87059E-01  9.34862E-01  5.47070E-02
    7139.827      2.728   2.250  9.66215E-01  9.35660E-01  3.20414E-02
    7140.694      3.595   2.300  9.51094E-01  9.36458E-01  1.53558E-02
    7141.580      4.481   2.350  9.42512E-01  9.37256E-01  5.51799E-03
    7142.485      5.386   2.400  9.39731E-01  9.38054E-01  1.76130E-03
    7143.409      6.310   2.450  9.41693E-01  9.40966E-01  7.62676E-04
    7144.352      7.253   2.500  9.45921E-01  9.43878E-01  2.14307E-03
    7145.314      8.215   2.550  9.51851E-01  9.46790E-01  5.30619E-03
    7146.295      9.196   2.600  9.59113E-01  9.49702E-01  9.85991E-03
    7147.295     10.196   2.650  9.65481E-01  9.53753E-01  1.22467E-02
    7148.314     11.215   2.700  9.71445E-01  9.57805E-01  1.41974E-02
    7149.352     12.253   2.750  9.76650E-01  9.61857E-01  1.53477E-02
    7150.410     13.311   2.800  9.80710E-01  9.65909E-01  1.53062E-02
    7151.486     14.387   2.850  9.80317E-01  9.68213E-01  1.24832E-02
    7152.581     15.482   2.900  9.78772E-01  9.70518E-01  8.49100E-03
    7153.696     16.597   2.950  9.76708E-01  9.72822E-01  3.98739E-03
    7154.829     17.730   3.000  9.74907E-01  9.75126E-01 -2.24321E-04
    7155.982     18.883   3.050  9.71249E-01  9.76834E-01 -5.70217E-03
    7157.153     20.054   3.100  9.69094E-01  9.78542E-01 -9.62458E-03
    7158.344     21.245   3.150  9.69553E-01  9.80250E-01 -1.08730E-02
    7159.554     22.455   3.200  9.73428E-01  9.81958E-01 -8.65042E-03
    7160.782     23.683   3.250  9.78250E-01  9.82793E-01 -4.59803E-03
    7162.030     24.931   3.300  9.86889E-01  9.83627E-01  3.29496E-03
    7163.297     26.198   3.350  9.98779E-01  9.84461E-01  1.44357E-02
    7164.583     27.484   3.400  1.01262E+00  9.85295E-01  2.74942E-02
    7165.888     28.789   3.450  1.02632E+00  9.86172E-01  4.03380E-02
    7167.212     30.113   3.500  1.03876E+00  9.87048E-01  5.18845E-02
    7168.555     31.456   3.550  1.04788E+00  9.87925E-01  6.00764E-02
    7169.917     32.818   3.600  1.05200E+00  9.88802E-01  6.32365E-02
    7171.298     34.199   3.650  1.04982E+00  9.89194E-01  6.05774E-02
    7172.698     35.599   3.700  1.04147E+00  9.89587E-01  5.17683E-02
    7174.117     37.018   3.750  1.02763E+00  9.89979E-01  3.75161E-02
    7175.555     38.456   3.800  1.00975E+00  9.90372E-01  1.92833E-02
    7177.013     39.914   3.850  9.89790E-01  9.91117E-01 -1.31908E-03
    7178.489     41.390   3.900  9.69660E-01  9.91863E-01 -2.20372E-02
    7179.985     42.886   3.950  9.51180E-01  9.92609E-01 -4.10682E-02
    7181.499     44.400   4.000  9.35645E-01  9.93355E-01 -5.71357E-02
    7183.033     45.934   4.050  9.23593E-01  9.93970E-01 -6.95934E-02
    7184.585     47.486   4.100  9.15642E-01  9.94584E-01 -7.79696E-02
    7186.157     49.058   4.150  9.11719E-01  9.95199E-01 -8.23528E-02
    7187.747     50.648   4.200  9.11652E-01  9.95814E-01 -8.29261E-02
    7189.357     52.258   4.250  9.15784E-01  9.96442E-01 -7.93896E-02
    7190.986     53.887   4.300  9.23832E-01  9.97070E-01 -7.20104E-02
    7192.634     55.535   4.350  9.35601E-01  9.97698E-01 -6.09922E-02
    7194.301     57.202   4.400  9.50611E-01  9.98326E-01 -4.68164E-02
    7195.987     58.888   4.450  9.68500E-01  9.98996E-01 -2.98993E-02
    7197.692     60.593   4.500  9.87265E-01  9.99666E-01 -1.21491E-02
    7199.416     62.317   4.550  1.00513E+00  1.00034E+00  4.69244E-03
    7201.159     64.060   4.600  1.02037E+00  1.00101E+00  1.89417E-02
    7202.921     65.822   4.650  1.03143E+00  1.00139E+00  2.93787E-02
    7204.702     67.603   4.700  1.03795E+00  1.00176E+00  3.53610E-02
    7206.502     69.403   4.750  1.04054E+00  1.00214E+00  3.75058E-02
    7208.321     71.222   4.800  1.04074E+00  1.00252E+00  3.73127E-02
    7210.160     73.061   4.850  1.04030E+00  1.00271E+00  3.67104E-02
    7212.017     74.918   4.900  1.04162E+00  1.00289E+00  3.78216E-02
    7213.893     76.794   4.950  1.04608E+00  1.00307E+00  4.20012E-02
    7215.789     78.690   5.000  1.05396E+00  1.00325E+00  4.95149E-02
    7217.703     80.604   5.050  1.06397E+00  1.00311E+00  5.94374E-02
    7219.637     82.538   5.100  1.07421E+00  1.00298E+00  6.96001E-02
    7221.590     84.491   5.150  1.08187E+00  1.00284E+00  7.72383E-02
    7223.561     86.462   5.200  1.08414E+00  1.00271E+00  7.96100E-02
    7225.552     88.453   5.250  1.07834E+00  1.00224E+00  7.44570E-02
    7227.562     90.463   5.300  1.06408E+00  1.00178E+00  6.10002E-02
    7229.591     92.492   5.350  1.04195E+00  1.00132E+00  3.98146E-02
    7231.638     94.539   5.400  1.01394E+00  1.00086E+00  1.28240E-02
    7233.705     96.606   5.450  9.82627E-01  1.00010E+00 -1.71540E-02
    7235.791     98.692   5.500  9.51907E-01  9.99341E-01 -4.66193E-02
    7237.896    100.797   5.550  9.25006E-01  9.98582E-01 -7.23913E-02
    7240.020    102.921   5.600  9.04454E-01  9.97823E-01 -9.19659E-02
    7242.164    105.065   5.650  8.91711E-01  9.96796E-01 -1.03640E-01
    7244.326    107.227   5.700  8.87286E-01  9.95769E-01 -1.07130E-01
    7246.507    109.408   5.750  8.90590E-01  9.94742E-01 -1.02986E-01
    7248.707    111.608   5.800  9.00358E-01  9.93715E-01 -9.24313E-02
    7250.927    113.828   5.850  9.15068E-01  9.92560E-01 -7.68385E-02
    7253.165    116.066   5.900  9.32962E-01  9.91405E-01 -5.80359E-02
    7255.422    118.323   5.950  9.52577E-01  9.90250E-01 -3.74663E-02
    7257.699    120.600   6.000  9.72697E-01  9.89095E-01 -1.63321E-02
    7259.994    122.895   6.050  9.92353E-01  9.87898E-01  4.44407E-03
    7262.309    125.210   6.100  1.01034E+00  9.86701E-01  2.36199E-02
    7264.642    127.543   6.150  1.02569E+00  9.85503E-01  4.02114E-02
    7266.995    129.896   6.200  1.03738E+00  9.84306E-01  5.31791E-02
    7269.367    132.268   6.250  1.04442E+00  9.83109E-01  6.15222E-02
    7271.758    134.659   6.300  1.04608E+00  9.81912E-01  6.44903E-02
    7274.167    137.068   6.350  1.04217E+00  9.80715E-01  6.18595E-02
    7276.596    139.497   6.400  1.03326E+00  9.79518E-01  5.41757E-02
    7279.044    141.945   6.450  1.02077E+00  9.78320E-01  4.28595E-02
    7281.511    144.412   6.500  1.00688E+00  9.77123E-01  3.00883E-02
    7283.997    146.898   6.550  9.94041E-01  9.76124E-01  1.81388E-02
    7286.502    149.403   6.600  9.84812E-01  9.75125E-01  9.81993E-03
    7289.026    151.927   6.650  9.80842E-01  9.74127E-01  6.81604E-03
    7291.570    154.471   6.700  9.82430E-01  9.73128E-01  9.45444E-03
    7294.132    157.033   6.750  9.88314E-01  9.72129E-01  1.64713E-02
    7296.713    159.614   6.800  9.95856E-01  9.71130E-01  2.51966E-02
    7299.313    162.214   6.850  1.00164E+00  9.70131E-01  3.21532E-02
    7301.933    164.834   6.900  1.00235E+00  9.69132E-01  3.39403E-02
    7304.571    167.472   6.950  9.95667E-01  9.68133E-01  2.81674E-02
    7307.229    170.130   7.000  9.80976E-01  9.67134E-01  1.41782E-02
    7309.905    172.806   7.050  9.59787E-01  9.66342E-01 -6.72261E-03
    7312.601    175.502   7.100  9.34987E-01  9.65549E-01 -3.13794E-02
    7315.315    178.216   7.150  9.10790E-01  9.64757E-01 -5.54749E-02
    7318.049    180.950   7.200  8.91494E-01  9.63965E-01 -7.45840E-02
    7320.802    183.703   7.250  8.80446E-01  9.63172E-01 -8.52387E-02
    7323.573    186.474   7.300  8.79286E-01  9.62380E-01 -8.57190E-02
    7326.364    189.265   7.350  8.87657E-01  9.61588E-01 -7.63557E-02
    7329.174    192.075   7.400  9.03463E-01  9.60795E-01 -5.92831E-02
    7332.003    194.904   7.450  9.23537E-01  9.60003E-01 -3.77515E-02
    7334.851    197.752   7.500  9.44511E-01  9.59211E-01 -1.52355E-02
    7337.718    200.619   7.550  9.63735E-01  9.58363E-01  5.57492E-03
    7340.604    203.505   7.600  9.79234E-01  9.57515E-01  2.25695E-02
    7343.509    206.410   7.650  9.90345E-01  9.56668E-01  3.50432E-02
    7346.433    209.334   7.700  9.97290E-01  9.55820E-01  4.32085E-02
    7349.377    212.277   7.750  1.00070E+00  9.54972E-01  4.77031E-02
    7352.339    215.240   7.800  1.00113E+00  9.54125E-01  4.91090E-02
    7355.320    218.221   7.850  9.98856E-01  9.53277E-01  4.76789E-02
    7358.320    221.221   7.900  9.93829E-01  9.52430E-01  4.33636E-02
    7361.340    224.241   7.950  9.86001E-01  9.51582E-01  3.60999E-02
    7364.378    227.279   8.000  9.75682E-01  9.50734E-01  2.62013E-02
    7367.436    230.337   8.050  9.63600E-01  9.49696E-01  1.46222E-02
    7370.512    233.413   8.100  9.51657E-01  9.48658E-01  3.15869E-03
    7373.608    236.509   8.150  9.41770E-01  9.47619E-01 -6.16813E-03
    7376.723    239.624   8.200  9.35628E-01  9.46581E-01 -1.15647E-02
    7379.856    242.757   8.250  9.34113E-01  9.45543E-01 -1.20847E-02
    7383.009    245.910   8.300  9.36888E-01  9.44505E-01 -8.06322E-03
    7386.181    249.082   8.350  9.42356E-01  9.43466E-01 -1.17675E-03
    7389.372    252.273   8.400  9.48026E-01  9.42428E-01  5.94187E-03
    7392.582    255.483   8.450  9.51214E-01  9.41390E-01  1.04427E-02
    7395.811    258.712   8.500  9.49870E-01  9.40352E-01  1.01313E-02
    7399.059    261.960   8.550  9.43012E-01  9.39160E-01  4.10547E-03
    7402.326    265.227   8.600  9.31679E-01  9.37968E-01 -6.70990E-03
    7405.612    268.513   8.650  9.18182E-01  9.36776E-01 -1.98640E-02
    7408.917    271.818   8.700  9.05608E-01  9.35584E-01 -3.20639E-02
    7412.241    275.142   8.750  8.96922E-01  9.34392E-01 -4.01292E-02
    7415.584    278.485   8.800  8.94107E-01  9.33200E-01 -4.19199E-02
    7418.947    281.848   8.850  8.97595E-01  9.32009E-01 -3.69473E-02
    7422.328    285.229   8.900  9.06183E-01  9.30817E-01 -2.64795E-02
    7425.729    288.630   8.950  9.17436E-01  9.29625E-01 -1.31191E-02
    7429.148    292.049   9.000  9.28437E-01  9.28433E-01  4.70658E-06
    7432.587    295.488   9.050  9.36718E-01  9.27299E-01  1.01608E-02
    7436.044    298.945   9.100  9.40797E-01  9.26165E-01  1.58019E-02
    7439.521    302.422   9.150  9.40626E-01  9.25031E-01  1.68598E-02
    7443.016    305.917   9.200  9.37413E-01  9.23896E-01  1.46289E-02
    7446.531    309.432   9.250  9.33107E-01  9.22762E-01  1.12074E-02
    7450.065    312.966   9.300  9.29671E-01  9.21628E-01  8.72379E-03
    7453.618    316.519   9.350  9.28424E-01  9.20494E-01  8.60988E-03
    7457.190    320.091   9.400  9.29620E-01  9.19360E-01  1.11522E-02
    7460.780    323.681   9.450  9.32424E-01  9.18226E-01  1.54496E-02
    7464.390    327.291   9.500  9.35240E-01  9.17091E-01  1.97694E-02
    7468.019    330.920   9.550  9.36481E-01  9.16043E-01  2.22852E-02
    7471.667    334.568   9.600  9.34522E-01  9.14995E-01  2.13135E-02
    7475.335    338.236   9.650  9.28882E-01  9.13948E-01  1.63176E-02
    7479.021    341.922   9.700  9.20180E-01  9.12900E-01  7.96223E-03
    7482.726    345.627   9.750  9.09969E-01  9.11852E-01 -2.06137E-03
    7486.450    349.351   9.800  9.00296E-01  9.10804E-01 -1.15160E-02
    7490.194    353.095   9.850  8.93121E-01  9.09756E-01 -1.82486E-02
    7493.956    356.857   9.900  8.89784E-01  9.08708E-01 -2.07809E-02
    7497.737    360.638   9.950  8.90650E-01  9.07660E-01 -1.86976E-02
    7501.538    364.439  10.000  8.95037E-01  9.06612E-01 -1.27368E-02
    7505.357    368.258  10.050  9.01282E-01  9.05501E-01 -4.64770E-03
    7509.196    372.097  10.100  9.07552E-01  9.04389E-01  3.48811E-03
    7513.053    375.954  10.150  9.11921E-01  9.03278E-01  9.54368E-03
    7516.930    379.831  10.200  9.12969E-01  9.02166E-01  1.19431E-02
    7520.826    383.727  10.250  9.10102E-01  9.01055E-01  1.00133E-02
    7524.741    387.642  10.300  9.03656E-01  8.99944E-01  4.11404E-03
    7528.674    391.575  10.350  8.94807E-01  8.98832E-01 -4.46598E-03
    7532.627    395.528  10.400  8.85290E-01  8.97721E-01 -1.38078E-02
    7536.599    399.500  10.450  8.77021E-01  8.96610E-01 -2.17842E-02
    7540.590    403.491  10.500  8.71683E-01  8.95498E-01 -2.65156E-02
    7544.600    407.501  10.550  8.70373E-01  8.94387E-01 -2.67693E-02
    7548.629    411.530  10.600  8.73363E-01  8.93275E-01 -2.22238E-02
    7552.677    415.578  10.650  8.80042E-01  8.92164E-01 -1.35456E-02
    7556.744    419.645  10.700  8.89036E-01  8.91053E-01 -2.25584E-03
    7560.831    423.732  10.750  8.98502E-01  8.89941E-01  9.58873E-03
    7564.936    427.837  10.800  9.06523E-01  8.88830E-01  1.98406E-02
    7569.060    431.961  10.850  9.11529E-01  8.87719E-01  2.67331E-02
    7573.204    436.105  10.900  9.12644E-01  8.86607E-01  2.92674E-02
    7577.366    440.267  10.950  9.09857E-01  8.85496E-01  2.74165E-02
    7581.547    444.448  11.000  9.03986E-01  8.84384E-01  2.20861E-02
    7585.748    448.649  11.050  8.96249E-01  8.83046E-01  1.48991E-02
    7589.967    452.868  11.100  8.88389E-01  8.81708E-01  7.55015E-03
    7594.206    457.107  11.150  8.81713E-01  8.80370E-01  1.52055E-03
    7598.464    461.365  11.200  8.76963E-01  8.79032E-01 -2.34554E-03
    7602.740    465.641  11.250  8.74159E-01  8.77694E-01 -4.01399E-03
    7607.036    469.937  11.300  8.72683E-01  8.76356E-01 -4.17639E-03
    7611.351    474.252  11.350  8.71561E-01  8.75018E-01 -3.93709E-03
    7615.685    478.586  11.400  8.69844E-01  8.73679E-01 -4.37478E-03
    7620.038    482.939  11.450  8.66979E-01  8.72341E-01 -6.12582E-03
    7624.410    487.311  11.500  8.63022E-01  8.71003E-01 -9.13175E-03
    7628.801    491.702  11.550  8.58634E-01  8.69665E-01 -1.26403E-02
    7633.211    496.112  11.600  8.54854E-01  8.68327E-01 -1.54630E-02
    7637.640    500.541  11.650  8.52719E-01  8.66989E-01 -1.64027E-02
    7642.088    504.989  11.700  8.52878E-01  8.65651E-01 -1.47041E-02
    7646.555    509.456  11.750  8.55323E-01  8.64313E-01 -1.03658E-02
    7651.042    513.943  11.800  8.59336E-01  8.62974E-01 -4.20189E-03
    7655.547    518.448  11.850  8.63692E-01  8.61636E-01  2.37799E-03
    7660.071    522.972  11.900  8.67031E-01  8.60298E-01  7.79983E-03
    7664.615    527.516  11.950  8.68288E-01  8.58960E-01  1.08226E-02
    7669.177    532.078  12.000  8.67030E-01  8.57622E-01  1.09321E-02
    7673.759    536.660  12.050  8.63611E-01  8.56311E-01  8.49685E-03
    7678.359    541.260  12.100  8.58946E-01  8.54999E-01  4.60077E-03
    7682.979    545.880  12.150  8.54303E-01  8.53688E-01  7.18481E-04
    7687.617    550.518  12.200  8.50832E-01  8.52376E-01 -1.80595E-03
    7692.275    555.176  12.250  8.49178E-01  8.51065E-01 -2.20931E-03
    7696.952    559.853  12.300  8.49284E-01  8.49753E-01 -5.50864E-04
    7701.648    564.549  12.350  8.50433E-01  8.48442E-01  2.33788E-03
    7706.362    569.263  12.400  8.51531E-01  8.47131E-01  5.17561E-03
    7711.096    573.997  12.450  8.51515E-01  8.45819E-01  6.71015E-03
    7715.849    578.750  12.500  8.49748E-01  8.44508E-01  6.18292E-03
    7720.621    583.522  12.550  8.46254E-01  8.43196E-01  3.61332E-03
    7725.412    588.313  12.600  8.41717E-01  8.41885E-01 -1.98545E-04
    7730.223    593.124  12.650  8.37239E-01  8.40573E-01 -3.95237E-03
    7735.052    597.953  12.700  8.33945E-01  8.39262E-01 -6.31212E-03
    7739.900    602.801  12.750  8.32576E-01  8.37951E-01 -6.39007E-03
    7744.767    607.668  12.800  8.33214E-01  8.36639E-01 -4.07869E-03
    7749.653    612.554  12.850  8.35234E-01  8.35328E-01 -1.11844E-04
    7754.559    617.460  12.900  8.37506E-01  8.34016E-01  4.16821E-03
    7759.483    622.384  12.950  8.38773E-01  8.32705E-01  7.25890E-03
    7764.427    627.328  13.000  8.38076E-01  8.31394E-01  8.00680E-03
    7769.389    632.290  13.050  8.34986E-01  8.30009E-01  5.97371E-03
    7774.371    637.272  13.100  8.30001E-01  8.28624E-01  1.65572E-03
    7779.371    642.272  13.150  8.24162E-01  8.27239E-01 -3.70531E-03
    7784.391    647.292  13.200  8.18796E-01  8.25854E-01 -8.51457E-03
    7789.430    652.331  13.250  8.15085E-01  8.24469E-01 -1.13398E-02
    7794.487    657.388  13.300  8.13692E-01  8.23084E-01 -1.13690E-02
    7799.564    662.465  13.350  8.14557E-01  8.21699E-01 -8.66048E-03
    7804.660    667.561  13.400  8.16934E-01  8.20314E-01 -4.10528E-03
    7809.775    672.676  13.450  8.19650E-01  8.18929E-01  8.76851E-04
    7814.909    677.810  13.500  8.21485E-01  8.17544E-01  4.80354E-03
    7820.062    682.963  13.550  8.21565E-01  8.16159E-01  6.60023E-03
    7825.234    688.135  13.600  8.19617E-01  8.14774E-01  5.92297E-03
    7830.425    693.326  13.650  8.16030E-01  8.13389E-01  3.23510E-03
    7835.635    698.536  13.700  8.11698E-01  8.12004E-01 -3.76480E-04
    7840.864    703.765  13.750  8.07712E-01  8.10620E-01 -3.57481E-03
    7846.113    709.014  13.800  8.05006E-01  8.09235E-01 -5.20766E-03
    7851.380    714.281  13.850  8.04071E-01  8.07850E-01 -4.66255E-03
    7856.666    719.567  13.900  8.04819E-01  8.06465E-01 -2.03433E-03
    7861.972    724.873  13.950  8.06644E-01  8.05080E-01  1.93600E-03
    7867.296    730.197  14.000  8.08627E-01  8.03695E-01  6.11745E-03
    7872.640    735.541  14.050  8.09760E-01  8.02235E-01  9.35011E-03
    7878.002    740.903  14.100  8.09434E-01  8.00775E-01  1.07798E-02
    7883.384    746.285  14.150  8.07402E-01  7.99315E-01  1.00866E-02
    7888.785    751.686  14.200  8.03881E-01  7.97854E-01  7.53051E-03
    7894.204    757.105  14.250  7.99447E-01  7.96394E-01  3.82205E-03
    7899.643    762.544  14.300  7.94834E-01  7.94934E-01 -1.25048E-04
    7905.101    768.002  14.350  7.90710E-01  7.93474E-01 -3.47354E-03
    7910.578    773.479  14.400  7.87498E-01  7.92014E-01 -5.68498E-03
    7916.074    778.975  14.450  7.85302E-01  7.90554E-01 -6.62374E-03
    7921.588    784.489  14.500  7.83930E-01  7.89094E-01 -6.52453E-03
    7927.122    790.023  14.550  7.83013E-01  7.87634E-01 -5.84989E-03
    7932.676    795.577  14.600  7.82157E-01  7.86173E-01 -5.09509E-03
    7938.248    801.149  14.650  7.81087E-01  7.84713E-01 -4.60837E-03
    7943.839    806.740  14.700  7.79733E-01  7.83253E-01 -4.48212E-03
    7949.449    812.350  14.750  7.78232E-01  7.81793E-01 -4.54331E-03
    7955.078    817.979  14.800  7.76861E-01  7.80333E-01 -4.43805E-03
    7960.727    823.628  14.850  7.75923E-01  7.78873E-01 -3.77691E-03
    7966.394    829.295  14.900  7.75626E-01  7.77413E-01 -2.29192E-03
    7972.080    834.981  14.950  7.75987E-01  7.75953E-01  4.42358E-05
    7977.786    840.687  15.000  7.76800E-01  7.74492E-01  2.97236E-03
    7983.510    846.411  15.050  7.77691E-01  7.73054E-01  5.98384E-03
    7989.254    852.155  15.100  7.78168E-01  7.71616E-01  8.47059E-03
    7995.016    857.917  15.150  7.77769E-01  7.70177E-01  9.83379E-03
    8000.798    863.699  15.200  7.76181E-01  7.68739E-01  9.65765E-03
    8006.599    869.500  15.250  7.73325E-01  7.67301E-01  7.83312E-03
    8012.419    875.320  15.300  7.69403E-01  7.65862E-01  4.61281E-03
    8018.257    881.158  15.350  7.64868E-01  7.64424E-01  5.79399E-04
    8024.115    887.016  15.400  7.60332E-01  7.62986E-01 -3.47010E-03
    8029.992    892.893  15.450  7.56433E-01  7.61547E-01 -6.70103E-03
    8035.888    898.789  15.500  7.53681E-01  7.60109E-01 -8.43827E-03
    8041.803    904.704  15.550  7.52334E-01  7.58671E-01 -8.33495E-03
    8047.737    910.638  15.600  7.52325E-01  7.57232E-01 -6.46712E-03
    8053.690    916.591  15.650  7.53276E-01  7.55794E-01 -3.32498E-03
    8059.662    922.563  15.700  7.54585E-01  7.54356E-01  3.03293E-04
    8065.654    928.555  15.750  7.55580E-01  7.52917E-01  3.52927E-03
    8071.664    934.565  15.800  7.55691E-01  7.51479E-01  5.59335E-03
    8077.693    940.594  15.850  7.54597E-01  7.50041E-01  6.06275E-03
    8083.741    946.642  15.900  7.52309E-01  7.48602E-01  4.94169E-03
    8089.809    952.710  15.950  7.49155E-01  7.47164E-01  2.66011E-03
    8095.895    958.796  16.000  7.45682E-01  7.45726E-01 -5.83013E-05
    8102.001    964.902  16.050  7.42434E-01  7.44224E-01 -2.40087E-03
    8108.125    971.026  16.100  7.39925E-01  7.42722E-01 -3.75969E-03
    8114.269    977.170  16.150  7.38379E-01  7.41221E-01 -3.82714E-03
    8120.432    983.333  16.200  7.37715E-01  7.39719E-01 -2.70497E-03
    8126.613    989.514  16.250  7.37583E-01  7.38218E-01 -8.58860E-04
    8132.814    995.715  16.300  7.37482E-01  7.36716E-01  1.03775E-03
    8139.034   1001.935  16.350  7.36923E-01  7.35214E-01  2.32080E-03
    8145.273   1008.174  16.400  7.35583E-01  7.33713E-01  2.54462E-03
    8151.531   1014.432  16.450  7.33397E-01  7.32211E-01  1.61694E-03
    8157.808   1020.709  16.500  7.30577E-01  7.30710E-01 -1.81329E-04
    8164.104   1027.005  16.550  7.27533E-01  7.29208E-01 -2.29460E-03
    8170.419   1033.320  16.600  7.24738E-01  7.27706E-01 -4.07405E-03
    8176.753   1039.654  16.650  7.22584E-01  7.26205E-01 -4.98058E-03
    8183.106   1046.007  16.700  7.21262E-01  7.24703E-01 -4.74314E-03
    8189.478   1052.379  16.750  7.20723E-01  7.23202E-01 -3.42358E-03
    8195.869   1058.770  16.800  7.20708E-01  7.21700E-01 -1.37277E-03
    8202.280   1065.181  16.850  7.20847E-01  7.20198E-01  9.00259E-04
    8208.709   1071.610  16.900  7.20780E-01  7.18697E-01  2.89626E-03
    8215.157   1078.058  16.950  7.20261E-01  7.17195E-01  4.27147E-03
    8221.625   1084.526  17.000  7.19213E-01  7.15694E-01  4.91369E-03
    8228.111   1091.012  17.050  7.17742E-01  7.14215E-01  4.93517E-03
    8234.617   1097.518  17.100  7.15984E-01  7.12736E-01  4.55395E-03
    8241.141   1104.042  17.150  7.14117E-01  7.11257E-01  4.01823E-03
    8247.685   1110.586  17.200  7.12248E-01  7.09778E-01  3.47845E-03
    8254.248   1117.149  17.250  7.10377E-01  7.08299E-01  2.93239E-03
    8260.829   1123.730  17.300  7.08408E-01  7.06820E-01  2.24582E-03
    8267.430   1130.331  17.350  7.06214E-01  7.05341E-01  1.23775E-03
    8274.050   1136.951  17.400  7.03716E-01  7.03862E-01 -2.06800E-04
    8280.689   1143.590  17.450  7.00946E-01  7.02383E-01 -2.04425E-03
    8287.347   1150.248  17.500  6.98071E-01  7.00904E-01 -4.04018E-03
    8294.024   1156.925  17.550  6.95357E-01  6.99425E-01 -5.81393E-03
    8300.720   1163.621  17.600  6.93095E-01  6.97946E-01 -6.94710E-03
    8307.435   1170.336  17.650  6.91507E-01  6.96467E-01 -7.11832E-03
    8314.169   1177.070  17.700  6.90666E-01  6.94988E-01 -6.21586E-03
    8320.922   1183.823  17.750  6.90465E-01  6.93509E-01 -4.38750E-03
    8327.695   1190.596  17.800  6.90639E-01  6.92030E-01 -2.00873E-03
    8334.486   1197.387  17.850  6.90841E-01  6.90551E-01  4.20711E-04
    8341.296   1204.197  17.900  6.90738E-01  6.89072E-01  2.41769E-03
    8348.126   1211.027  17.950  6.90101E-01  6.87593E-01  3.64754E-03
    8354.974   1217.875  18.000  6.88862E-01  6.86114E-01  4.00537E-03
    8361.842   1224.743  18.050  6.87114E-01  6.84629E-01  3.62935E-03
    8368.728   1231.629  18.100  6.85069E-01  6.83144E-01  2.81758E-03
    8375.634   1238.535  18.150  6.82981E-01  6.81660E-01  1.93883E-03
    8382.558   1245.459  18.200  6.81062E-01  6.80175E-01  1.30407E-03
    8389.502   1252.403  18.250  6.79419E-01  6.78691E-01  1.07397E-03
    8396.465   1259.366  18.300  6.78034E-01  6.77206E-01  1.22332E-03
    8403.447   1266.348  18.350  6.76781E-01  6.75721E-01  1.56919E-03
    8410.448   1273.349  18.400  6.75483E-01  6.74237E-01  1.84874E-03
    8417.467   1280.368  18.450  6.73974E-01  6.72752E-01  1.81750E-03
    8424.506   1287.407  18.500  6.72163E-01  6.71267E-01  1.33495E-03
    8431.564   1294.465  18.550  6.70058E-01  6.69783E-01  4.11377E-04
    8438.641   1301.542  18.600  6.67767E-01  6.68298E-01 -7.95171E-04
    8445.738   1308.639  18.650  6.65463E-01  6.66813E-01 -2.02674E-03
    8452.853   1315.754  18.700  6.63334E-01  6.65329E-01 -2.99967E-03
    8459.987   1322.888  18.750  6.61534E-01  6.63844E-01 -3.48149E-03
    8467.140   1330.041  18.800  6.60142E-01  6.62360E-01 -3.34926E-03
    8474.312   1337.213  18.850  6.59147E-01  6.60875E-01 -2.61642E-03
    8481.504   1344.405  18.900  6.58451E-01  6.59390E-01 -1.42568E-03
    8488.714   1351.615  18.950  6.57896E-01  6.57906E-01 -1.42239E-05
    8495.944   1358.845  19.000  6.57298E-01  6.56421E-01  1.33757E-03
    8503.192   1366.093  19.050  6.56495E-01  6.54946E-01  2.36784E-03
    8510.460   1373.361  19.100  6.55338E-01  6.53470E-01  2.86128E-03
    8517.746   1380.647  19.150  6.53761E-01  6.51995E-01  2.71101E-03
    8525.052   1387.953  19.200  6.51777E-01  6.50519E-01  1.93446E-03
    8532.377   1395.278  19.250  6.49480E-01  6.49044E-01  6.72790E-04
    8539.720   1402.621  19.300  6.47030E-01  6.47568E-01 -8.31804E-04
    8547.083   1409.984  19.350  6.44622E-01  6.46093E-01 -2.27904E-03
    8554.465   1417.366  19.400  6.42449E-01  6.44618E-01 -3.36802E-03
    8561.866   1424.767  19.450  6.40662E-01  6.43142E-01 -3.85955E-03
    8569.286   1432.187  19.500  6.39340E-01  6.41667E-01 -3.63016E-03
    8576.725   1439.626  19.550  6.38462E-01  6.40191E-01 -2.70397E-03
    8584.183   1447.084  19.600  6.37917E-01  6.38716E-01 -1.25210E-03
    8591.660   1454.561  19.650  6.37523E-01  6.37240E-01  4.43619E-04
    8599.156   1462.057  19.700  6.37070E-01  6.35765E-01  2.05567E-03
    8606.671   1469.572  19.750  6.36373E-01  6.34289E-01  3.28879E-03
    8614.206   1477.107  19.800  6.35310E-01  6.32814E-01  3.94947E-03
    8621.759   1484.660  19.850  6.33853E-01  6.31339E-01  3.98712E-03
    8629.331   1492.232  19.900  6.32061E-01  6.29863E-01  3.49468E-03
    8636.923   1499.824  19.950  6.30063E-01  6.28388E-01  2.66897E-03
    8644.533   1507.434  20.000  6.28004E-01  6.26912E-01  1.74394E-03
