# # Once                                                         FEFF 9.6.4  
# # POT  SCF 100  5.0000   0, core-hole, AFOLP (folp(0)= 1.150)
# # Abs   Z=39 Rmt= 1.638 Rnm= 1.679 K  shell
# # Pot 1 Z=27 Rmt= 1.373 Rnm= 1.431
# # Pot 2 Z=39 Rmt= 1.731 Rnm= 1.790
# # Gam_ch=4.375E+00 H-L exch Vi= 0.000E+00 Vr= 0.000E+00
# # Mu=-1.622E+01 kf=1.936E+00 Vint=-2.392E+01 Rs_int= 1.873
# # PATH  Rmax= 5.000,  Keep_limit= 0.00, Heap_limit 0.00  Pwcrit= 2.50%
#  S02=1.000  Temp=   0.00  Debye_temp=   0.00  Global_sig2= 0.00000
#  Energy zero shift, vr, vi    0.00000E+00   0.00000E+00
#  Curved wave amplitude ratio filter   4.000%
#     file         sig2 tot  cw amp ratio   deg  nlegs   reff  inp sig2
#           1       0.00000    100.00      6.00     2   2.8579
#           2       0.00000    152.50     12.00     2   3.1758
#           3       0.00000     16.42      2.00     2   3.9800
#           4       0.00000     25.99     48.00     3   4.2418
#           5       0.00000     12.08     24.00     3   4.4133
#           6       0.00000     48.05     12.00     2   4.7262
#           7       0.00000     42.81     12.00     2   4.8998
#           8       0.00000     26.12      6.00     2   4.9500
#     8/   8 paths used
#  xsedge+50, used to normalize mu           1.3186E-04
#  -----------------------------------------------------------------------
#  omega    e    k    mu    mu0     chi     @#
   17056.206    -16.218   0.000  2.89137E-01  3.20324E-01 -6.17621E-02
   17056.216    -16.209   0.050  2.91002E-01  3.22040E-01 -6.13668E-02
   17056.245    -16.180   0.100  2.92873E-01  3.23756E-01 -6.09616E-02
   17056.292    -16.133   0.150  2.98511E-01  3.28894E-01 -5.96879E-02
   17056.359    -16.066   0.200  3.04175E-01  3.34032E-01 -5.83750E-02
   17056.445    -15.980   0.250  3.13617E-01  3.42587E-01 -5.61999E-02
   17056.549    -15.875   0.300  3.23005E-01  3.51142E-01 -5.41609E-02
   17056.673    -15.752   0.350  3.35685E-01  3.62955E-01 -5.19371E-02
   17056.816    -15.609   0.400  3.47954E-01  3.74767E-01 -5.05311E-02
   17056.978    -15.447   0.450  3.62120E-01  3.89363E-01 -5.06704E-02
   17057.159    -15.266   0.500  3.75164E-01  4.03959E-01 -5.28657E-02
   17057.359    -15.066   0.550  3.87881E-01  4.20522E-01 -5.90131E-02
   17057.578    -14.847   0.600  3.98581E-01  4.37085E-01 -6.85671E-02
   17057.816    -14.609   0.650  4.06560E-01  4.54652E-01 -8.41827E-02
   17058.073    -14.351   0.700  4.11870E-01  4.72218E-01 -1.03869E-01
   17058.350    -14.075   0.750  4.13128E-01  4.89996E-01 -1.29863E-01
   17058.645    -13.780   0.800  4.11733E-01  5.07775E-01 -1.59317E-01
   17058.959    -13.466   0.850  4.06183E-01  5.25308E-01 -1.93759E-01
   17059.293    -13.132   0.900  3.99002E-01  5.42842E-01 -2.29484E-01
   17059.645    -12.780   0.950  3.89149E-01  5.59969E-01 -2.67021E-01
   17060.016    -12.408   1.000  3.79862E-01  5.77096E-01 -3.02203E-01
   17060.407    -12.018   1.050  3.70919E-01  5.93811E-01 -3.34478E-01
   17060.816    -11.608   1.100  3.65962E-01  6.10525E-01 -3.59590E-01
   17061.245    -11.180   1.150  3.65816E-01  6.26864E-01 -3.75880E-01
   17061.693    -10.732   1.200  3.73929E-01  6.43204E-01 -3.79859E-01
   17062.160    -10.265   1.250  3.91900E-01  6.59189E-01 -3.69315E-01
   17062.645     -9.779   1.300  4.21757E-01  6.75174E-01 -3.43102E-01
   17063.150     -9.275   1.350  4.64588E-01  6.90780E-01 -3.00087E-01
   17063.674     -8.751   1.400  5.19708E-01  7.06387E-01 -2.42785E-01
   17064.217     -8.208   1.450  5.86072E-01  7.21544E-01 -1.72788E-01
   17064.779     -7.646   1.500  6.59897E-01  7.36700E-01 -9.61041E-02
   17065.360     -7.065   1.550  7.37656E-01  7.51273E-01 -1.67275E-02
   17065.960     -6.465   1.600  8.13480E-01  7.65846E-01  5.74617E-02
   17066.579     -5.846   1.650  8.82896E-01  7.79657E-01  1.22445E-01
   17067.217     -5.207   1.700  9.40697E-01  7.93468E-01  1.71730E-01
   17067.874     -4.550   1.750  9.83264E-01  8.06303E-01  2.03298E-01
   17068.551     -3.874   1.800  1.00892E+00  8.19137E-01  2.14790E-01
   17069.246     -3.179   1.850  1.01637E+00  8.30793E-01  2.07349E-01
   17069.960     -2.464   1.900  1.00902E+00  8.42448E-01  1.83774E-01
   17070.694     -1.731   1.950  9.86696E-01  8.50989E-01  1.48318E-01
   17071.446     -0.978   2.000  9.58417E-01  8.59531E-01  1.07072E-01
   17072.218     -0.207   2.050  9.22272E-01  8.62553E-01  6.39870E-02
   17073.008      0.584   2.100  8.91841E-01  8.65575E-01  2.78526E-02
   17073.818      1.393   2.150  8.69839E-01  8.68596E-01  1.30444E-03
   17074.647      2.222   2.200  8.56829E-01  8.71618E-01 -1.53639E-02
   17075.494      3.070   2.250  8.58309E-01  8.78904E-01 -2.11773E-02
   17076.361      3.937   2.300  8.64619E-01  8.86190E-01 -2.19571E-02
   17077.247      4.822   2.350  8.72283E-01  8.93476E-01 -2.13571E-02
   17078.152      5.727   2.400  8.78795E-01  9.00762E-01 -2.19183E-02
   17079.076      6.651   2.450  8.85666E-01  9.09629E-01 -2.37360E-02
   17080.019      7.594   2.500  8.92163E-01  9.18495E-01 -2.58952E-02
   17080.981      8.556   2.550  8.99195E-01  9.27362E-01 -2.75014E-02
   17081.962      9.537   2.600  9.08030E-01  9.36228E-01 -2.73368E-02
   17082.962     10.537   2.650  9.14232E-01  9.41695E-01 -2.65509E-02
   17083.981     11.557   2.700  9.22958E-01  9.47161E-01 -2.33368E-02
   17085.019     12.595   2.750  9.34738E-01  9.52628E-01 -1.72024E-02
   17086.077     13.652   2.800  9.49426E-01  9.58094E-01 -8.31308E-03
   17087.153     14.728   2.850  9.61654E-01  9.60782E-01  8.36655E-04
   17088.248     15.824   2.900  9.75983E-01  9.63469E-01  1.19984E-02
   17089.363     16.938   2.950  9.91003E-01  9.66157E-01  2.38197E-02
   17090.496     18.072   3.000  1.00477E+00  9.68844E-01  3.44344E-02
   17091.649     19.224   3.050  1.01328E+00  9.69083E-01  4.24693E-02
   17092.820     20.396   3.100  1.01805E+00  9.69321E-01  4.69487E-02
   17094.011     21.586   3.150  1.01773E+00  9.69560E-01  4.65178E-02
   17095.221     22.796   3.200  1.01159E+00  9.69799E-01  4.04656E-02
   17096.449     24.025   3.250  9.99577E-01  9.68707E-01  2.99913E-02
   17097.697     25.272   3.300  9.83353E-01  9.67615E-01  1.53424E-02
   17098.964     26.539   3.350  9.64397E-01  9.66523E-01 -2.08010E-03
   17100.250     27.825   3.400  9.44731E-01  9.65431E-01 -2.03199E-02
   17101.555     29.130   3.450  9.26724E-01  9.63427E-01 -3.61797E-02
   17102.879     30.454   3.500  9.12054E-01  9.61423E-01 -4.88701E-02
   17104.222     31.797   3.550  9.02223E-01  9.59419E-01 -5.68562E-02
   17105.584     33.159   3.600  8.98206E-01  9.57415E-01 -5.91063E-02
   17106.965     34.540   3.650  9.00426E-01  9.55492E-01 -5.51859E-02
   17108.365     35.940   3.700  9.07927E-01  9.53569E-01 -4.59219E-02
   17109.784     37.360   3.750  9.19610E-01  9.51647E-01 -3.23600E-02
   17111.223     38.798   3.800  9.33898E-01  9.49724E-01 -1.60490E-02
   17112.680     40.255   3.850  9.48974E-01  9.47970E-01  1.02118E-03
   17114.156     41.732   3.900  9.62738E-01  9.46216E-01  1.68718E-02
   17115.652     43.227   3.950  9.73590E-01  9.44462E-01  2.98496E-02
   17117.166     44.742   4.000  9.80342E-01  9.42709E-01  3.87022E-02
   17118.700     46.275   4.050  9.83047E-01  9.41762E-01  4.25683E-02
   17120.252     47.828   4.100  9.80934E-01  9.40816E-01  4.14741E-02
   17121.824     49.399   4.150  9.74586E-01  9.39870E-01  3.59839E-02
   17123.415     50.990   4.200  9.65039E-01  9.38924E-01  2.71408E-02
   17125.024     52.600   4.250  9.53937E-01  9.38517E-01  1.60550E-02
   17126.653     54.228   4.300  9.42490E-01  9.38110E-01  4.56902E-03
   17128.301     55.876   4.350  9.32095E-01  9.37703E-01 -5.85992E-03
   17129.968     57.543   4.400  9.23867E-01  9.37295E-01 -1.40598E-02
   17131.654     59.229   4.450  9.19223E-01  9.37625E-01 -1.92871E-02
   17133.359     60.934   4.500  9.17872E-01  9.37954E-01 -2.10694E-02
   17135.083     62.658   4.550  9.19554E-01  9.38284E-01 -1.96704E-02
   17136.826     64.401   4.600  9.23600E-01  9.38613E-01 -1.57835E-02
   17138.588     66.163   4.650  9.29504E-01  9.39237E-01 -1.02367E-02
   17140.369     67.944   4.700  9.35796E-01  9.39861E-01 -4.27722E-03
   17142.169     69.745   4.750  9.41462E-01  9.40485E-01  1.02913E-03
   17143.988     71.564   4.800  9.45739E-01  9.41108E-01  4.87651E-03
   17145.827     73.402   4.850  9.48419E-01  9.41862E-01  6.90566E-03
   17147.684     75.259   4.900  9.49244E-01  9.42616E-01  6.98130E-03
   17149.561     77.136   4.950  9.48617E-01  9.43370E-01  5.52757E-03
   17151.456     79.031   5.000  9.47235E-01  9.44123E-01  3.27831E-03
   17153.371     80.946   5.050  9.45811E-01  9.44767E-01  1.09989E-03
   17155.304     82.879   5.100  9.45239E-01  9.45410E-01 -1.79908E-04
   17157.257     84.832   5.150  9.46097E-01  9.46053E-01  4.59263E-05
   17159.228     86.804   5.200  9.48602E-01  9.46696E-01  2.00580E-03
   17161.219     88.794   5.250  9.52236E-01  9.47082E-01  5.42302E-03
   17163.229     90.804   5.300  9.56673E-01  9.47468E-01  9.68366E-03
   17165.258     92.833   5.350  9.60994E-01  9.47853E-01  1.38207E-02
   17167.306     94.881   5.400  9.64139E-01  9.48239E-01  1.67181E-02
   17169.372     96.948   5.450  9.64611E-01  9.48249E-01  1.72016E-02
   17171.458     99.034   5.500  9.62191E-01  9.48259E-01  1.46444E-02
   17173.563    101.139   5.550  9.56602E-01  9.48269E-01  8.75830E-03
   17175.688    103.263   5.600  9.48095E-01  9.48279E-01 -1.93723E-04
   17177.831    105.406   5.650  9.37168E-01  9.47957E-01 -1.13398E-02
   17179.993    107.568   5.700  9.25482E-01  9.47636E-01 -2.32855E-02
   17182.174    109.749   5.750  9.14574E-01  9.47314E-01 -3.44176E-02
   17184.374    111.950   5.800  9.06041E-01  9.46992E-01 -4.30545E-02
   17186.594    114.169   5.850  9.01239E-01  9.46372E-01 -4.74716E-02
   17188.832    116.407   5.900  9.01297E-01  9.45752E-01 -4.67780E-02
   17191.089    118.665   5.950  9.06599E-01  9.45132E-01 -4.05635E-02
   17193.366    120.941   6.000  9.16867E-01  9.44512E-01 -2.91138E-02
   17195.661    123.237   6.050  9.31290E-01  9.43872E-01 -1.32588E-02
   17197.976    125.551   6.100  9.48016E-01  9.43233E-01  5.04382E-03
   17200.310    127.885   6.150  9.65168E-01  9.42593E-01  2.38167E-02
   17202.662    130.238   6.200  9.80795E-01  9.41953E-01  4.10025E-02
   17205.034    132.609   6.250  9.93120E-01  9.41313E-01  5.47210E-02
   17207.425    135.000   6.300  1.00075E+00  9.40674E-01  6.34954E-02
   17209.835    137.410   6.350  1.00284E+00  9.40034E-01  6.64207E-02
   17212.263    139.839   6.400  9.99170E-01  9.39394E-01  6.32506E-02
   17214.711    142.287   6.450  9.90133E-01  9.38754E-01  5.43983E-02
   17217.178    144.754   6.500  9.76678E-01  9.38115E-01  4.08534E-02
   17219.664    147.240   6.550  9.60402E-01  9.37845E-01  2.39032E-02
   17222.169    149.745   6.600  9.42780E-01  9.37576E-01  5.51723E-03
   17224.693    152.269   6.650  9.25370E-01  9.37306E-01 -1.26568E-02
   17227.237    154.812   6.700  9.09530E-01  9.37037E-01 -2.91749E-02
   17229.799    157.374   6.750  8.96319E-01  9.36767E-01 -4.29141E-02
   17232.380    159.955   6.800  8.86439E-01  9.36498E-01 -5.31271E-02
   17234.980    162.556   6.850  8.80240E-01  9.36228E-01 -5.94371E-02
   17237.600    165.175   6.900  8.77776E-01  9.35959E-01 -6.17849E-02
   17240.238    167.814   6.950  8.78875E-01  9.35689E-01 -6.03497E-02
   17242.896    170.471   7.000  8.83222E-01  9.35420E-01 -5.54626E-02
   17245.572    173.147   7.050  8.90911E-01  9.35452E-01 -4.73264E-02
   17248.268    175.843   7.100  9.01018E-01  9.35485E-01 -3.66208E-02
   17250.982    178.558   7.150  9.13066E-01  9.35517E-01 -2.38533E-02
   17253.716    181.291   7.200  9.26572E-01  9.35549E-01 -9.53849E-03
   17256.469    184.044   7.250  9.41005E-01  9.35582E-01  5.76142E-03
   17259.240    186.816   7.300  9.55744E-01  9.35614E-01  2.13859E-02
   17262.031    189.607   7.350  9.70038E-01  9.35647E-01  3.65364E-02
   17264.841    192.416   7.400  9.82999E-01  9.35679E-01  5.02698E-02
   17267.670    195.245   7.450  9.93639E-01  9.35711E-01  6.15373E-02
   17270.518    198.093   7.500  1.00095E+00  9.35744E-01  6.92717E-02
   17273.385    200.960   7.550  1.00391E+00  9.35570E-01  7.26043E-02
   17276.271    203.846   7.600  1.00188E+00  9.35396E-01  7.06278E-02
   17279.176    206.752   7.650  9.94510E-01  9.35222E-01  6.29876E-02
   17282.100    209.676   7.700  9.82024E-01  9.35048E-01  4.99083E-02
   17285.044    212.619   7.750  9.65199E-01  9.34874E-01  3.22191E-02
   17288.006    215.581   7.800  9.45306E-01  9.34700E-01  1.12682E-02
   17290.987    218.563   7.850  9.23946E-01  9.34526E-01 -1.12420E-02
   17293.988    221.563   7.900  9.02876E-01  9.34352E-01 -3.34454E-02
   17297.007    224.582   7.950  8.83846E-01  9.34178E-01 -5.34832E-02
   17300.045    227.621   8.000  8.68472E-01  9.34004E-01 -6.96369E-02
   17303.103    230.678   8.050  8.58077E-01  9.33509E-01 -8.01861E-02
   17306.179    233.755   8.100  8.53978E-01  9.33014E-01 -8.40476E-02
   17309.275    236.850   8.150  8.56501E-01  9.32519E-01 -8.08671E-02
   17312.390    239.965   8.200  8.65318E-01  9.32024E-01 -7.09870E-02
   17315.523    243.099   8.250  8.79486E-01  9.31529E-01 -5.54023E-02
   17318.676    246.252   8.300  8.97568E-01  9.31033E-01 -3.56394E-02
   17321.848    249.423   8.350  9.17797E-01  9.30538E-01 -1.35742E-02
   17325.039    252.614   8.400  9.38285E-01  9.30043E-01  8.78311E-03
   17328.249    255.824   8.450  9.57227E-01  9.29548E-01  2.95088E-02
   17331.478    259.053   8.500  9.73086E-01  9.29053E-01  4.69619E-02
   17334.726    262.301   8.550  9.84697E-01  9.28467E-01  6.00091E-02
   17337.993    265.568   8.600  9.91426E-01  9.27880E-01  6.78589E-02
   17341.279    268.854   8.650  9.93107E-01  9.27294E-01  7.03263E-02
   17344.584    272.159   8.700  9.90024E-01  9.26708E-01  6.77014E-02
   17347.908    275.484   8.750  9.82806E-01  9.26122E-01  6.06503E-02
   17351.252    278.827   8.800  9.72317E-01  9.25536E-01  5.00863E-02
   17354.614    282.189   8.850  9.59520E-01  9.24950E-01  3.70368E-02
   17357.995    285.571   8.900  9.45376E-01  9.24364E-01  2.25265E-02
   17361.396    288.971   8.950  9.30761E-01  9.23777E-01  7.49160E-03
   17364.815    292.390   9.000  9.16423E-01  9.23191E-01 -7.26534E-03
   17368.254    295.829   9.050  9.03025E-01  9.22735E-01 -2.11708E-02
   17371.711    299.287   9.100  8.90986E-01  9.22279E-01 -3.36318E-02
   17375.188    302.763   9.150  8.80753E-01  9.21823E-01 -4.41651E-02
   17378.683    306.259   9.200  8.72744E-01  9.21367E-01 -5.23189E-02
   17382.198    309.774   9.250  8.67363E-01  9.20911E-01 -5.76520E-02
   17385.732    313.307   9.300  8.64997E-01  9.20454E-01 -5.97441E-02
   17389.285    316.860   9.350  8.65970E-01  9.19998E-01 -5.82384E-02
   17392.857    320.432   9.400  8.70485E-01  9.19542E-01 -5.29123E-02
   17396.448    324.023   9.450  8.78537E-01  9.19086E-01 -4.37612E-02
   17400.057    327.633   9.500  8.89851E-01  9.18630E-01 -3.10774E-02
   17403.686    331.262   9.550  9.03955E-01  9.18224E-01 -1.54164E-02
   17407.335    334.910   9.600  9.19848E-01  9.17817E-01  2.19551E-03
   17411.002    338.577   9.650  9.36289E-01  9.17411E-01  2.04173E-02
   17414.688    342.263   9.700  9.51837E-01  9.17005E-01  3.76931E-02
   17418.393    345.968   9.750  9.65004E-01  9.16599E-01  5.24083E-02
   17422.117    349.693   9.800  9.74420E-01  9.16192E-01  6.30769E-02
   17425.861    353.436   9.850  9.79016E-01  9.15786E-01  6.85309E-02
   17429.623    357.198   9.900  9.78164E-01  9.15380E-01  6.80844E-02
   17433.404    360.980   9.950  9.71790E-01  9.14974E-01  6.16448E-02
   17437.205    364.780  10.000  9.60397E-01  9.14567E-01  4.97509E-02
   17441.024    368.600  10.050  9.44798E-01  9.13950E-01  3.35114E-02
   17444.863    372.438  10.100  9.26674E-01  9.13333E-01  1.45031E-02
   17448.721    376.296  10.150  9.07757E-01  9.12716E-01 -5.39519E-03
   17452.597    380.173  10.200  8.89829E-01  9.12099E-01 -2.42445E-02
   17456.493    384.068  10.250  8.74518E-01  9.11482E-01 -4.02703E-02
   17460.408    387.983  10.300  8.63112E-01  9.10865E-01 -5.20607E-02
   17464.341    391.917  10.350  8.56432E-01  9.10248E-01 -5.87123E-02
   17468.294    395.870  10.400  8.54762E-01  9.09631E-01 -5.99047E-02
   17472.266    399.842  10.450  8.57852E-01  9.09014E-01 -5.58975E-02
   17476.257    403.833  10.500  8.64992E-01  9.08397E-01 -4.74563E-02
   17480.267    407.843  10.550  8.75133E-01  9.07780E-01 -3.57201E-02
   17484.296    411.872  10.600  8.87036E-01  9.07163E-01 -2.20370E-02
   17488.344    415.920  10.650  8.99436E-01  9.06546E-01 -7.79004E-03
   17492.412    419.987  10.700  9.11180E-01  9.05929E-01  5.75794E-03
   17496.498    424.073  10.750  9.21336E-01  9.05311E-01  1.75839E-02
   17500.603    428.178  10.800  9.29259E-01  9.04694E-01  2.69741E-02
   17504.727    432.303  10.850  9.34602E-01  9.04077E-01  3.35428E-02
   17508.871    436.446  10.900  9.37293E-01  9.03460E-01  3.72042E-02
   17513.033    440.608  10.950  9.37476E-01  9.02843E-01  3.81119E-02
   17517.214    444.790  11.000  9.35445E-01  9.02226E-01  3.65816E-02
   17521.415    448.990  11.050  9.31663E-01  9.01601E-01  3.31317E-02
   17525.635    453.210  11.100  9.26381E-01  9.00977E-01  2.80223E-02
   17529.873    457.449  11.150  9.19951E-01  9.00352E-01  2.16364E-02
   17534.131    461.706  11.200  9.12699E-01  8.99727E-01  1.43319E-02
   17538.408    465.983  11.250  9.04938E-01  8.99102E-01  6.45276E-03
   17542.703    470.279  11.300  8.96987E-01  8.98478E-01 -1.64965E-03
   17547.018    474.593  11.350  8.89190E-01  8.97853E-01 -9.59440E-03
   17551.352    478.927  11.400  8.81928E-01  8.97228E-01 -1.69599E-02
   17555.705    483.280  11.450  8.75609E-01  8.96603E-01 -2.32915E-02
   17560.077    487.652  11.500  8.70644E-01  8.95978E-01 -2.81296E-02
   17564.468    492.043  11.550  8.67405E-01  8.95354E-01 -3.10573E-02
   17568.878    496.453  11.600  8.66174E-01  8.94729E-01 -3.17578E-02
   17573.307    500.882  11.650  8.67087E-01  8.94104E-01 -3.00719E-02
   17577.755    505.330  11.700  8.70101E-01  8.93479E-01 -2.60432E-02
   17582.222    509.798  11.750  8.74969E-01  8.92855E-01 -1.99405E-02
   17586.709    514.284  11.800  8.81252E-01  8.92230E-01 -1.22498E-02
   17591.214    518.789  11.850  8.88350E-01  8.91605E-01 -3.63521E-03
   17595.738    523.314  11.900  8.95568E-01  8.90980E-01  5.12786E-03
   17600.282    527.857  11.950  9.02190E-01  8.90355E-01  1.32386E-02
   17604.844    532.419  12.000  9.07561E-01  8.89731E-01  1.99628E-02
   17609.426    537.001  12.050  9.11234E-01  8.89067E-01  2.48380E-02
   17614.026    541.602  12.100  9.12832E-01  8.88404E-01  2.73952E-02
   17618.646    546.221  12.150  9.12229E-01  8.87741E-01  2.74858E-02
   17623.284    550.860  12.200  9.09525E-01  8.87078E-01  2.52159E-02
   17627.942    555.518  12.250  9.05025E-01  8.86415E-01  2.09237E-02
   17632.619    560.194  12.300  8.99197E-01  8.85752E-01  1.51302E-02
   17637.315    564.890  12.350  8.92609E-01  8.85088E-01  8.46989E-03
   17642.030    569.605  12.400  8.85855E-01  8.84425E-01  1.61211E-03
   17646.763    574.339  12.450  8.79493E-01  8.83762E-01 -4.81553E-03
   17651.516    579.092  12.500  8.73984E-01  8.83099E-01 -1.02916E-02
   17656.288    583.864  12.550  8.69653E-01  8.82436E-01 -1.44457E-02
   17661.079    588.655  12.600  8.66672E-01  8.81772E-01 -1.70791E-02
   17665.890    593.465  12.650  8.65065E-01  8.81109E-01 -1.81617E-02
   17670.719    598.294  12.700  8.64728E-01  8.80446E-01 -1.78078E-02
   17675.567    603.142  12.750  8.65463E-01  8.79783E-01 -1.62377E-02
   17680.434    608.010  12.800  8.67019E-01  8.79120E-01 -1.37328E-02
   17685.321    612.896  12.850  8.69131E-01  8.78457E-01 -1.05922E-02
   17690.226    617.801  12.900  8.71550E-01  8.77793E-01 -7.09722E-03
   17695.150    622.726  12.950  8.74064E-01  8.77130E-01 -3.48872E-03
   17700.094    627.669  13.000  8.76503E-01  8.76467E-01  4.12067E-05
   17705.056    632.632  13.050  8.78765E-01  8.75792E-01  3.38865E-03
   17710.038    637.613  13.100  8.80726E-01  8.75117E-01  6.39906E-03
   17715.038    642.614  13.150  8.82288E-01  8.74441E-01  8.95830E-03
   17720.058    647.633  13.200  8.83355E-01  8.73766E-01  1.09571E-02
   17725.097    652.672  13.250  8.83834E-01  8.73091E-01  1.22862E-02
   17730.155    657.730  13.300  8.83632E-01  8.72416E-01  1.28393E-02
   17735.231    662.807  13.350  8.82675E-01  8.71741E-01  1.25272E-02
   17740.327    667.903  13.400  8.80918E-01  8.71066E-01  1.12971E-02
   17745.442    673.017  13.450  8.78369E-01  8.70390E-01  9.15705E-03
   17750.576    678.151  13.500  8.75110E-01  8.69715E-01  6.19714E-03
   17755.729    683.304  13.550  8.71304E-01  8.69040E-01  2.60271E-03
   17760.901    688.476  13.600  8.67195E-01  8.68365E-01 -1.34568E-03
   17766.092    693.668  13.650  8.63097E-01  8.67690E-01 -5.28884E-03
   17771.302    698.878  13.700  8.59360E-01  8.67015E-01 -8.82236E-03
   17776.532    704.107  13.750  8.56333E-01  8.66339E-01 -1.15439E-02
   17781.780    709.355  13.800  8.54311E-01  8.65664E-01 -1.31083E-02
   17787.047    714.622  13.850  8.53495E-01  8.64989E-01 -1.32821E-02
   17792.333    719.909  13.900  8.53949E-01  8.64314E-01 -1.19881E-02
   17797.639    725.214  13.950  8.55578E-01  8.63639E-01 -9.33109E-03
   17802.963    730.539  14.000  8.58131E-01  8.62963E-01 -5.59887E-03
   17808.307    735.882  14.050  8.61216E-01  8.62257E-01 -1.20785E-03
   17813.669    741.245  14.100  8.64393E-01  8.61551E-01  3.29783E-03
   17819.051    746.626  14.150  8.67155E-01  8.60846E-01  7.32831E-03
   17824.452    752.027  14.200  8.69035E-01  8.60140E-01  1.03404E-02
   17829.871    757.447  14.250  8.69679E-01  8.59434E-01  1.19201E-02
   17835.310    762.885  14.300  8.68905E-01  8.58728E-01  1.18500E-02
   17840.768    768.343  14.350  8.66730E-01  8.58022E-01  1.01479E-02
   17846.245    773.820  14.400  8.63378E-01  8.57316E-01  7.07107E-03
   17851.741    779.316  14.450  8.59249E-01  8.56610E-01  3.08124E-03
   17857.256    784.831  14.500  8.54857E-01  8.55904E-01 -1.22323E-03
   17862.790    790.365  14.550  8.50751E-01  8.55198E-01 -5.19925E-03
   17868.343    795.918  14.600  8.47433E-01  8.54492E-01 -8.25961E-03
   17873.915    801.490  14.650  8.45277E-01  8.53786E-01 -9.96578E-03
   17879.506    807.081  14.700  8.44466E-01  8.53080E-01 -1.00970E-02
   17885.116    812.691  14.750  8.44972E-01  8.52374E-01 -8.68343E-03
   17890.745    818.321  14.800  8.46559E-01  8.51668E-01 -5.99803E-03
   17896.394    823.969  14.850  8.48828E-01  8.50962E-01 -2.50722E-03
   17902.061    829.636  14.900  8.51285E-01  8.50256E-01  1.20995E-03
   17907.747    835.323  14.950  8.53424E-01  8.49550E-01  4.56069E-03
   17913.453    841.028  15.000  8.54818E-01  8.48844E-01  7.03766E-03
   17919.177    846.753  15.050  8.55170E-01  8.48111E-01  8.32330E-03
   17924.921    852.496  15.100  8.54395E-01  8.47377E-01  8.28122E-03
   17930.684    858.259  15.150  8.52577E-01  8.46644E-01  7.00684E-03
   17936.465    864.040  15.200  8.49968E-01  8.45911E-01  4.79537E-03
   17942.266    869.841  15.250  8.46936E-01  8.45178E-01  2.07970E-03
   17948.086    875.661  15.300  8.43892E-01  8.44445E-01 -6.54323E-04
   17953.924    881.500  15.350  8.41215E-01  8.43712E-01 -2.95884E-03
   17959.782    887.358  15.400  8.39181E-01  8.42978E-01 -4.50380E-03
   17965.659    893.234  15.450  8.37923E-01  8.42245E-01 -5.13062E-03
   17971.555    899.130  15.500  8.37412E-01  8.41512E-01 -4.87021E-03
   17977.470    905.045  15.550  8.37479E-01  8.40779E-01 -3.92268E-03
   17983.404    910.979  15.600  8.37857E-01  8.40046E-01 -2.60410E-03
   17989.357    916.933  15.650  8.38245E-01  8.39313E-01 -1.27184E-03
   17995.329    922.905  15.700  8.38374E-01  8.38579E-01 -2.44437E-04
   18001.321    928.896  15.750  8.38070E-01  8.37846E-01  2.67387E-04
   18007.331    934.906  15.800  8.37284E-01  8.37113E-01  2.04138E-04
   18013.360    940.935  15.850  8.36101E-01  8.36380E-01 -3.33298E-04
   18019.409    946.984  15.900  8.34718E-01  8.35647E-01 -1.11048E-03
   18025.476    953.051  15.950  8.33396E-01  8.34913E-01 -1.81628E-03
   18031.562    959.138  16.000  8.32396E-01  8.34180E-01 -2.13760E-03
   18037.668    965.243  16.050  8.31913E-01  8.33441E-01 -1.83204E-03
   18043.792    971.368  16.100  8.32048E-01  8.32701E-01 -7.83306E-04
   18049.936    977.511  16.150  8.32745E-01  8.31962E-01  9.40774E-04
   18056.099    983.674  16.200  8.33800E-01  8.31222E-01  3.09825E-03
   18062.280    989.856  16.250  8.34898E-01  8.30483E-01  5.31252E-03
   18068.481    996.056  16.300  8.35675E-01  8.29743E-01  7.14285E-03
   18074.701   1002.276  16.350  8.35784E-01  8.29004E-01  8.17196E-03
   18080.940   1008.515  16.400  8.34973E-01  8.28264E-01  8.09313E-03
   18087.198   1014.773  16.450  8.33139E-01  8.27525E-01  6.77883E-03
   18093.475   1021.050  16.500  8.30357E-01  8.26785E-01  4.31646E-03
   18099.771   1027.346  16.550  8.26875E-01  8.26046E-01  1.00317E-03
   18106.086   1033.661  16.600  8.23076E-01  8.25306E-01 -2.69995E-03
   18112.420   1039.995  16.650  8.19411E-01  8.24567E-01 -6.24603E-03
   18118.773   1046.348  16.700  8.16325E-01  8.23827E-01 -9.09800E-03
   18125.145   1052.720  16.750  8.14171E-01  8.23088E-01 -1.08231E-02
   18131.536   1059.112  16.800  8.13155E-01  8.22348E-01 -1.11680E-02
   18137.947   1065.522  16.850  8.13301E-01  8.21608E-01 -1.01005E-02
   18144.376   1071.951  16.900  8.14451E-01  8.20869E-01 -7.81023E-03
   18150.824   1078.400  16.950  8.16297E-01  8.20129E-01 -4.66802E-03
   18157.292   1084.867  17.000  8.18443E-01  8.19390E-01 -1.15466E-03
   18163.778   1091.354  17.050  8.20424E-01  8.18581E-01  2.24828E-03
   18170.284   1097.859  17.100  8.21943E-01  8.17772E-01  5.09479E-03
   18176.808   1104.384  17.150  8.22750E-01  8.16964E-01  7.07458E-03
   18183.352   1110.927  17.200  8.22735E-01  8.16155E-01  8.05352E-03
   18189.915   1117.490  17.250  8.21940E-01  8.15346E-01  8.07816E-03
   18196.497   1124.072  17.300  8.20526E-01  8.14538E-01  7.34350E-03
   18203.097   1130.673  17.350  8.18726E-01  8.13729E-01  6.13300E-03
   18209.717   1137.293  17.400  8.16782E-01  8.12920E-01  4.74513E-03
   18216.356   1143.931  17.450  8.14895E-01  8.12112E-01  3.42348E-03
   18223.014   1150.589  17.500  8.13176E-01  8.11303E-01  2.30625E-03
   18229.691   1157.266  17.550  8.11635E-01  8.10494E-01  1.40595E-03
   18236.387   1163.962  17.600  8.10191E-01  8.09685E-01  6.23364E-04
   18243.102   1170.678  17.650  8.08708E-01  8.08877E-01 -2.08470E-04
   18249.836   1177.412  17.700  8.07047E-01  8.08068E-01 -1.26133E-03
   18256.590   1184.165  17.750  8.05121E-01  8.07259E-01 -2.64562E-03
   18263.362   1190.937  17.800  8.02932E-01  8.06451E-01 -4.35758E-03
   18270.153   1197.728  17.850  8.00596E-01  8.05642E-01 -6.25388E-03
   18276.963   1204.539  17.900  7.98336E-01  8.04833E-01 -8.06140E-03
   18283.793   1211.368  17.950  7.96438E-01  8.04024E-01 -9.42225E-03
   18290.641   1218.217  18.000  7.95199E-01  8.03216E-01 -9.96582E-03
   18297.509   1225.084  18.050  7.94856E-01  8.02409E-01 -9.39985E-03
   18304.395   1231.971  18.100  7.95535E-01  8.01603E-01 -7.55813E-03
   18311.301   1238.876  18.150  7.97194E-01  8.00796E-01 -4.49154E-03
   18318.226   1245.801  18.200  7.99609E-01  7.99990E-01 -4.74933E-04
   18325.169   1252.745  18.250  8.02400E-01  7.99184E-01  4.01810E-03
   18332.132   1259.707  18.300  8.05079E-01  7.98377E-01  8.38204E-03
   18339.114   1266.689  18.350  8.07138E-01  7.97571E-01  1.19771E-02
   18346.115   1273.690  18.400  8.08127E-01  7.96764E-01  1.42399E-02
   18353.135   1280.710  18.450  8.07744E-01  7.95958E-01  1.47853E-02
   18360.173   1287.749  18.500  8.05887E-01  7.95151E-01  1.34809E-02
   18367.231   1294.807  18.550  8.02680E-01  7.94345E-01  1.04766E-02
   18374.309   1301.884  18.600  7.98455E-01  7.93538E-01  6.18576E-03
   18381.405   1308.980  18.650  7.93698E-01  7.92732E-01  1.21694E-03
   18388.520   1316.095  18.700  7.88969E-01  7.91925E-01 -3.72762E-03
   18395.654   1323.229  18.750  7.84804E-01  7.91119E-01 -7.97034E-03
   18402.807   1330.383  18.800  7.81629E-01  7.90313E-01 -1.09701E-02
   18409.980   1337.555  18.850  7.79696E-01  7.89506E-01 -1.24066E-02
   18417.171   1344.746  18.900  7.79044E-01  7.88700E-01 -1.22230E-02
   18424.381   1351.957  18.950  7.79514E-01  7.87893E-01 -1.06178E-02
   18431.611   1359.186  19.000  7.80786E-01  7.87087E-01 -7.99219E-03
   18438.859   1366.435  19.050  7.82439E-01  7.86271E-01 -4.86618E-03
   18446.127   1373.702  19.100  7.84080E-01  7.85456E-01 -1.74936E-03
   18453.413   1380.989  19.150  7.85359E-01  7.84640E-01  9.14399E-04
   18460.719   1388.294  19.200  7.86054E-01  7.83825E-01  2.83928E-03
   18468.044   1395.619  19.250  7.86095E-01  7.83010E-01  3.93430E-03
   18475.387   1402.963  19.300  7.85560E-01  7.82194E-01  4.29653E-03
   18482.750   1410.326  19.350  7.84637E-01  7.81379E-01  4.16429E-03
   18490.132   1417.707  19.400  7.83567E-01  7.80563E-01  3.84232E-03
   18497.533   1425.108  19.450  7.82572E-01  7.79748E-01  3.61659E-03
   18504.953   1432.528  19.500  7.81801E-01  7.78932E-01  3.67828E-03
   18512.392   1439.967  19.550  7.81291E-01  7.78117E-01  4.07388E-03
   18519.850   1447.425  19.600  7.80954E-01  7.77302E-01  4.69258E-03
   18527.327   1454.902  19.650  7.80602E-01  7.76486E-01  5.29345E-03
   18534.823   1462.399  19.700  7.79994E-01  7.75671E-01  5.56626E-03
   18542.338   1469.914  19.750  7.78899E-01  7.74855E-01  5.21204E-03
   18549.873   1477.448  19.800  7.77159E-01  7.74040E-01  4.02528E-03
   18557.426   1485.001  19.850  7.74741E-01  7.73224E-01  1.95875E-03
   18564.998   1492.574  19.900  7.71756E-01  7.72409E-01 -8.44076E-04
   18572.590   1500.165  19.950  7.68459E-01  7.71593E-01 -4.05751E-03
   18580.200   1507.775  20.000  7.65205E-01  7.70778E-01 -7.22271E-03
