# # Once                                                         FEFF 9.6.4  
# # POT  SCF 100  4.9750   0, core-hole, AFOLP (folp(0)= 1.150)
# # Abs   Z=27 Rmt= 1.304 Rnm= 1.355 K  shell
# # Pot 1 Z=62 Rmt= 1.656 Rnm= 1.681
# # Pot 2 Z=27 Rmt= 1.330 Rnm= 1.382
# # Gam_ch=1.436E+00 H-L exch Vi= 0.000E+00 Vr= 0.000E+00
# # Mu=-1.795E+01 kf=2.094E+00 Vint=-2.721E+01 Rs_int= 1.732
# # PATH  Rmax= 4.975,  Keep_limit= 0.00, Heap_limit 0.00  Pwcrit= 2.50%
#  S02=0.900  Temp= 290.00  Debye_temp= 331.00  Global_sig2= 0.00000
#  Energy zero shift, vr, vi    0.00000E+00   0.00000E+00
#  Curved wave amplitude ratio filter   4.000%
#     file         sig2 tot  cw amp ratio   deg  nlegs   reff  inp sig2
#           1       0.00783    100.00      2.00     2   2.3700
#           2       0.00783      9.95      2.00     2   2.3700
#           3       0.00792     71.61      2.00     2   2.3938
#           4       0.00792     10.51      2.00     2   2.3938
#           5       0.00842      7.37      2.00     2   2.5425
#           6       0.00715     52.34      2.00     2   3.1238
#           7       0.00886      4.55      4.00     3   3.5728
#           8       0.00895      4.46      4.00     3   3.6060
#           9       0.00900      4.73      4.00     3   3.6253
#          10       0.00900      5.08      4.00     3   3.6253
#          12       0.01076     11.03      2.00     2   3.8955
#          13       0.01079      4.41      2.00     2   3.9604
#          14       0.01081     19.16      2.00     2   4.0180
#          16       0.01085     12.42      2.00     2   4.1431
#          18       0.01057      5.27      4.00     3   4.2863
#          19       0.01067      6.85      4.00     3   4.3790
#          20       0.01067      5.25      4.00     3   4.3790
#          21       0.01067      7.62      4.00     3   4.3891
#          24       0.01070      4.72      4.00     3   4.4135
#          27       0.01075      5.02      4.00     3   4.4654
#          29       0.01093     24.42      2.00     2   4.5191
#          31       0.01093     26.86      2.00     2   4.5292
#          32       0.01093      4.49      2.00     2   4.5292
#          37       0.00780     30.80      2.00     2   4.6045
#          39       0.01091     12.75      4.00     3   4.7320
#          42       0.01091     10.68      4.00     3   4.7388
#          44       0.01097     10.31      2.00     3   4.7399
#          46       0.01097      9.66      2.00     4   4.7399
#          47       0.03132      4.88      2.00     4   4.7399
#          51       0.01098      7.56      2.00     3   4.7876
#          53       0.01098      7.01      2.00     4   4.7876
#          56       0.01098     10.88      2.00     2   4.7913
#          58       0.01098     22.31      4.00     3   4.8047
#          59       0.01098      6.54      4.00     3   4.8047
#          60       0.01109     15.82      2.00     4   4.8181
#          62       0.01098     15.04      2.00     2   4.8204
#          64       0.01098     27.95      4.00     3   4.8386
#          66       0.01114     17.36      2.00     4   4.8567
#          70       0.00814     10.20      4.00     3   4.9687
#    39/  48 paths used
#  xsedge+50, used to normalize mu           2.8903E-04
#  -----------------------------------------------------------------------
#  omega    e    k    mu    mu0     chi     @#
    7719.825    -17.943   0.050  3.46660E-01  3.40419E-01  1.03952E-02
    7719.854    -17.915   0.100  3.52910E-01  3.45881E-01  1.16873E-02
    7719.902    -17.867   0.150  3.71118E-01  3.62138E-01  1.48577E-02
    7719.968    -17.801   0.200  3.89154E-01  3.78396E-01  1.77132E-02
    7720.054    -17.715   0.250  4.15842E-01  4.03505E-01  2.01502E-02
    7720.159    -17.610   0.300  4.41981E-01  4.28614E-01  2.16585E-02
    7720.283    -17.486   0.350  4.69631E-01  4.57332E-01  1.97115E-02
    7720.425    -17.343   0.400  4.96421E-01  4.86051E-01  1.64429E-02
    7720.587    -17.181   0.450  5.19095E-01  5.12905E-01  9.68561E-03
    7720.768    -17.001   0.500  5.40891E-01  5.39760E-01  1.74672E-03
    7720.968    -16.800   0.550  5.57033E-01  5.62809E-01 -8.78868E-03
    7721.187    -16.581   0.600  5.71283E-01  5.85858E-01 -2.18509E-02
    7721.426    -16.343   0.650  5.77736E-01  6.05724E-01 -4.12773E-02
    7721.683    -16.086   0.700  5.80982E-01  6.25590E-01 -6.47366E-02
    7721.959    -15.810   0.750  5.75451E-01  6.43361E-01 -9.68722E-02
    7722.254    -15.515   0.800  5.66320E-01  6.61131E-01 -1.32979E-01
    7722.569    -15.200   0.850  5.49078E-01  6.77567E-01 -1.77086E-01
    7722.902    -14.867   0.900  5.29266E-01  6.94002E-01 -2.23170E-01
    7723.254    -14.515   0.950  5.04101E-01  7.09487E-01 -2.73453E-01
    7723.626    -14.143   1.000  4.79405E-01  7.24972E-01 -3.21420E-01
    7724.016    -13.753   1.050  4.54711E-01  7.39648E-01 -3.66747E-01
    7724.426    -13.343   1.100  4.35542E-01  7.54324E-01 -4.03596E-01
    7724.855    -12.914   1.150  4.23605E-01  7.68187E-01 -4.29395E-01
    7725.302    -12.467   1.200  4.22741E-01  7.82051E-01 -4.40811E-01
    7725.769    -12.000   1.250  4.35160E-01  7.95030E-01 -4.35072E-01
    7726.255    -11.514   1.300  4.61657E-01  8.08010E-01 -4.12721E-01
    7726.760    -11.009   1.350  5.02545E-01  8.19980E-01 -3.73262E-01
    7727.283    -10.485   1.400  5.55452E-01  8.31950E-01 -3.20882E-01
    7727.826     -9.943   1.450  6.17800E-01  8.42821E-01 -2.58079E-01
    7728.388     -9.381   1.500  6.85260E-01  8.53691E-01 -1.90937E-01
    7728.969     -8.800   1.550  7.53428E-01  8.63368E-01 -1.23366E-01
    7729.569     -8.199   1.600  8.17939E-01  8.73045E-01 -6.12140E-02
    7730.189     -7.580   1.650  8.74905E-01  8.81480E-01 -7.24029E-03
    7730.827     -6.942   1.700  9.21520E-01  8.89914E-01  3.45116E-02
    7731.484     -6.285   1.750  9.56199E-01  8.97102E-01  6.40749E-02
    7732.160     -5.609   1.800  9.78600E-01  9.04290E-01  8.00061E-02
    7732.856     -4.913   1.850  9.89527E-01  9.10227E-01  8.49036E-02
    7733.570     -4.199   1.900  9.91126E-01  9.16163E-01  7.98140E-02
    7734.303     -3.466   1.950  9.85568E-01  9.20865E-01  6.86011E-02
    7735.056     -2.713   2.000  9.76510E-01  9.25566E-01  5.37879E-02
    7735.827     -1.942   2.050  9.66931E-01  9.28734E-01  4.02304E-02
    7736.618     -1.151   2.100  9.59249E-01  9.31903E-01  2.87317E-02
    7737.428     -0.341   2.150  9.55100E-01  9.35071E-01  2.09933E-02
    7738.256      0.487   2.200  9.55094E-01  9.38240E-01  1.76227E-02
    7739.104      1.335   2.250  9.57373E-01  9.39329E-01  1.88701E-02
    7739.971      2.202   2.300  9.61296E-01  9.40418E-01  2.18380E-02
    7740.857      3.088   2.350  9.65621E-01  9.41507E-01  2.52272E-02
    7741.761      3.992   2.400  9.69151E-01  9.42596E-01  2.77850E-02
    7742.685      4.916   2.450  9.72865E-01  9.45696E-01  2.84415E-02
    7743.628      5.859   2.500  9.74102E-01  9.48795E-01  2.65037E-02
    7744.590      6.821   2.550  9.73231E-01  9.51894E-01  2.23556E-02
    7745.571      7.802   2.600  9.71170E-01  9.54994E-01  1.69564E-02
    7746.572      8.803   2.650  9.68740E-01  9.57981E-01  1.12574E-02
    7747.591      9.822   2.700  9.65780E-01  9.60967E-01  5.02603E-03
    7748.629     10.860   2.750  9.63158E-01  9.63954E-01 -8.29670E-04
    7749.686     11.917   2.800  9.61690E-01  9.66941E-01 -5.46391E-03
    7750.762     12.994   2.850  9.59348E-01  9.68934E-01 -9.95080E-03
    7751.858     14.089   2.900  9.58556E-01  9.70927E-01 -1.28098E-02
    7752.972     15.203   2.950  9.59572E-01  9.72920E-01 -1.37885E-02
    7754.106     16.337   3.000  9.62392E-01  9.74914E-01 -1.29026E-02
    7755.258     17.489   3.050  9.64962E-01  9.76667E-01 -1.20290E-02
    7756.430     18.661   3.100  9.68769E-01  9.78421E-01 -9.89230E-03
    7757.620     19.852   3.150  9.73640E-01  9.80174E-01 -6.67926E-03
    7758.830     21.061   3.200  9.79375E-01  9.81928E-01 -2.60333E-03
    7760.059     22.290   3.250  9.84063E-01  9.83111E-01  9.67738E-04
    7761.307     23.538   3.300  9.89382E-01  9.84295E-01  5.16038E-03
    7762.573     24.805   3.350  9.95375E-01  9.85478E-01  1.00139E-02
    7763.859     26.090   3.400  1.00208E+00  9.86661E-01  1.55588E-02
    7765.164     27.395   3.450  1.00921E+00  9.87992E-01  2.13735E-02
    7766.488     28.719   3.500  1.01695E+00  9.89324E-01  2.77615E-02
    7767.831     30.062   3.550  1.02508E+00  9.90655E-01  3.45245E-02
    7769.193     31.424   3.600  1.03327E+00  9.91986E-01  4.13231E-02
    7770.574     32.805   3.650  1.03996E+00  9.92868E-01  4.70419E-02
    7771.975     34.206   3.700  1.04567E+00  9.93749E-01  5.17531E-02
    7773.394     35.625   3.750  1.04982E+00  9.94631E-01  5.48979E-02
    7774.832     37.063   3.800  1.05185E+00  9.95513E-01  5.59165E-02
    7776.289     38.520   3.850  1.05113E+00  9.96733E-01  5.38930E-02
    7777.766     39.997   3.900  1.04755E+00  9.97952E-01  4.90498E-02
    7779.261     41.492   3.950  1.04096E+00  9.99172E-01  4.12474E-02
    7780.776     43.007   4.000  1.03141E+00  1.00039E+00  3.05608E-02
    7782.309     44.540   4.050  1.01900E+00  1.00137E+00  1.73370E-02
    7783.862     46.093   4.100  1.00466E+00  1.00235E+00  2.27576E-03
    7785.433     47.664   4.150  9.89173E-01  1.00332E+00 -1.38709E-02
    7787.024     49.255   4.200  9.73450E-01  1.00430E+00 -3.01895E-02
    7788.634     50.865   4.250  9.58512E-01  1.00527E+00 -4.56909E-02
    7790.263     52.494   4.300  9.45497E-01  1.00624E+00 -5.92730E-02
    7791.910     54.141   4.350  9.35359E-01  1.00721E+00 -7.00124E-02
    7793.577     55.808   4.400  9.28851E-01  1.00818E+00 -7.71909E-02
    7795.263     57.494   4.450  9.26467E-01  1.00905E+00 -8.02748E-02
    7796.968     59.199   4.500  9.28430E-01  1.00992E+00 -7.91309E-02
    7798.692     60.923   4.550  9.34433E-01  1.01079E+00 -7.40709E-02
    7800.435     62.666   4.600  9.43806E-01  1.01166E+00 -6.57549E-02
    7802.197     64.428   4.650  9.55722E-01  1.01213E+00 -5.46320E-02
    7803.978     66.210   4.700  9.68922E-01  1.01260E+00 -4.22781E-02
    7805.779     68.010   4.750  9.82285E-01  1.01307E+00 -2.97810E-02
    7807.598     69.829   4.800  9.94900E-01  1.01354E+00 -1.80216E-02
    7809.436     71.667   4.850  1.00609E+00  1.01376E+00 -7.41968E-03
    7811.294     73.525   4.900  1.01570E+00  1.01399E+00  1.65350E-03
    7813.170     75.401   4.950  1.02399E+00  1.01421E+00  9.45312E-03
    7815.066     77.297   5.000  1.03156E+00  1.01443E+00  1.65520E-02
    7816.980     79.211   5.050  1.03880E+00  1.01430E+00  2.36841E-02
    7818.914     81.145   5.100  1.04678E+00  1.01416E+00  3.15351E-02
    7820.866     83.097   5.150  1.05597E+00  1.01403E+00  4.05670E-02
    7822.838     85.069   5.200  1.06643E+00  1.01389E+00  5.08276E-02
    7824.829     87.060   5.250  1.07729E+00  1.01342E+00  6.18336E-02
    7826.838     89.069   5.300  1.08783E+00  1.01295E+00  7.25520E-02
    7828.867     91.098   5.350  1.09662E+00  1.01247E+00  8.15853E-02
    7830.915     93.146   5.400  1.10203E+00  1.01200E+00  8.73476E-02
    7832.982     95.213   5.450  1.10202E+00  1.01126E+00  8.81459E-02
    7835.068     97.299   5.500  1.09586E+00  1.01052E+00  8.29675E-02
    7837.173     99.404   5.550  1.08305E+00  1.00978E+00  7.13018E-02
    7839.297    101.528   5.600  1.06387E+00  1.00904E+00  5.34115E-02
    7841.440    103.671   5.650  1.03907E+00  1.00808E+00  3.02232E-02
    7843.602    105.833   5.700  1.01102E+00  1.00712E+00  3.80098E-03
    7845.784    108.015   5.750  9.82132E-01  1.00616E+00 -2.34903E-02
    7847.984    110.215   5.800  9.55049E-01  1.00521E+00 -4.90825E-02
    7850.203    112.434   5.850  9.32253E-01  1.00419E+00 -7.04885E-02
    7852.441    114.673   5.900  9.15803E-01  1.00318E+00 -8.57248E-02
    7854.699    116.930   5.950  9.06868E-01  1.00216E+00 -9.36169E-02
    7856.975    119.206   6.000  9.05697E-01  1.00115E+00 -9.38930E-02
    7859.271    121.502   6.050  9.11873E-01  1.00013E+00 -8.69259E-02
    7861.585    123.816   6.100  9.23610E-01  9.99119E-01 -7.44574E-02
    7863.919    126.150   6.150  9.38857E-01  9.98103E-01 -5.84922E-02
    7866.272    128.503   6.200  9.55391E-01  9.97088E-01 -4.12168E-02
    7868.643    130.874   6.250  9.71153E-01  9.96072E-01 -2.46625E-02
    7871.034    133.265   6.300  9.84547E-01  9.95057E-01 -1.04147E-02
    7873.444    135.675   6.350  9.94631E-01  9.94041E-01  5.84817E-04
    7875.873    138.104   6.400  1.00119E+00  9.93026E-01  8.11343E-03
    7878.321    140.552   6.450  1.00469E+00  9.92010E-01  1.26136E-02
    7880.788    143.019   6.500  1.00608E+00  9.90995E-01  1.50249E-02
    7883.274    145.505   6.550  1.00681E+00  9.90173E-01  1.65863E-02
    7885.779    148.010   6.600  1.00782E+00  9.89351E-01  1.84276E-02
    7888.303    150.534   6.650  1.00996E+00  9.88530E-01  2.14089E-02
    7890.846    153.077   6.700  1.01362E+00  9.87708E-01  2.59086E-02
    7893.408    155.639   6.750  1.01861E+00  9.86887E-01  3.17485E-02
    7895.990    158.221   6.800  1.02422E+00  9.86065E-01  3.82346E-02
    7898.590    160.821   6.850  1.02941E+00  9.85244E-01  4.43023E-02
    7901.209    163.440   6.900  1.03296E+00  9.84422E-01  4.87340E-02
    7903.848    166.079   6.950  1.03375E+00  9.83601E-01  5.04071E-02
    7906.505    168.736   7.000  1.03101E+00  9.82779E-01  4.85233E-02
    7909.182    171.413   7.050  1.02450E+00  9.82060E-01  4.27480E-02
    7911.877    174.108   7.100  1.01442E+00  9.81341E-01  3.33502E-02
    7914.592    176.823   7.150  1.00157E+00  9.80622E-01  2.11444E-02
    7917.325    179.557   7.200  9.87189E-01  9.79902E-01  7.36158E-03
    7920.078    182.309   7.250  9.72707E-01  9.79183E-01 -6.54895E-03
    7922.850    185.081   7.300  9.59547E-01  9.78464E-01 -1.91507E-02
    7925.641    187.872   7.350  9.48888E-01  9.77745E-01 -2.92427E-02
    7928.451    190.682   7.400  9.41505E-01  9.77026E-01 -3.60331E-02
    7931.280    193.511   7.450  9.37669E-01  9.76306E-01 -3.92354E-02
    7934.128    196.359   7.500  9.37150E-01  9.75587E-01 -3.90720E-02
    7936.995    199.226   7.550  9.39059E-01  9.74713E-01 -3.62914E-02
    7939.881    202.112   7.600  9.42758E-01  9.73839E-01 -3.16787E-02
    7942.786    205.017   7.650  9.47250E-01  9.72965E-01 -2.62438E-02
    7945.710    207.941   7.700  9.51631E-01  9.72091E-01 -2.09084E-02
    7948.653    210.884   7.750  9.55238E-01  9.71217E-01 -1.63509E-02
    7951.615    213.846   7.800  9.57744E-01  9.70343E-01 -1.29099E-02
    7954.597    216.828   7.850  9.59175E-01  9.69469E-01 -1.05620E-02
    7957.597    219.828   7.900  9.59861E-01  9.68595E-01 -8.97273E-03
    7960.616    222.848   7.950  9.60327E-01  9.67721E-01 -7.60686E-03
    7963.655    225.886   8.000  9.61146E-01  9.66847E-01 -5.87277E-03
    7966.712    228.943   8.050  9.62597E-01  9.65764E-01 -3.26742E-03
    7969.789    232.020   8.100  9.65170E-01  9.64681E-01  5.05727E-04
    7972.885    235.116   8.150  9.68874E-01  9.63598E-01  5.45927E-03
    7975.999    238.230   8.200  9.73421E-01  9.62515E-01  1.13024E-02
    7979.133    241.364   8.250  9.78276E-01  9.61433E-01  1.74836E-02
    7982.286    244.517   8.300  9.82748E-01  9.60350E-01  2.32843E-02
    7985.458    247.689   8.350  9.86108E-01  9.59267E-01  2.79458E-02
    7988.648    250.879   8.400  9.87725E-01  9.58184E-01  3.08030E-02
    7991.858    254.089   8.450  9.87170E-01  9.57101E-01  3.14009E-02
    7995.087    257.318   8.500  9.84293E-01  9.56019E-01  2.95724E-02
    7998.335    260.566   8.550  9.79274E-01  9.54868E-01  2.55604E-02
    8001.602    263.833   8.600  9.72469E-01  9.53718E-01  1.96648E-02
    8004.888    267.120   8.650  9.64493E-01  9.52568E-01  1.25231E-02
    8008.194    270.425   8.700  9.56071E-01  9.51417E-01  4.89312E-03
    8011.518    273.749   8.750  9.47928E-01  9.50267E-01 -2.46284E-03
    8014.861    277.092   8.800  9.40689E-01  9.49117E-01 -8.88530E-03
    8018.223    280.454   8.850  9.34801E-01  9.47966E-01 -1.39003E-02
    8021.605    283.836   8.900  9.30486E-01  9.46816E-01 -1.72642E-02
    8025.005    287.236   8.950  9.27749E-01  9.45666E-01 -1.89674E-02
    8028.425    290.656   9.000  9.26405E-01  9.44515E-01 -1.91987E-02
    8031.863    294.094   9.050  9.26131E-01  9.43448E-01 -1.83761E-02
    8035.321    297.552   9.100  9.26577E-01  9.42381E-01 -1.67870E-02
    8038.797    301.028   9.150  9.27400E-01  9.41313E-01 -1.47945E-02
    8042.293    304.524   9.200  9.28325E-01  9.40246E-01 -1.26886E-02
    8045.808    308.039   9.250  9.29186E-01  9.39178E-01 -1.06479E-02
    8049.341    311.573   9.300  9.29925E-01  9.38111E-01 -8.73118E-03
    8052.894    315.125   9.350  9.30586E-01  9.37044E-01 -6.89559E-03
    8056.466    318.697   9.400  9.31264E-01  9.35976E-01 -5.03637E-03
    8060.057    322.288   9.450  9.32071E-01  9.34909E-01 -3.03675E-03
    8063.667    325.898   9.500  9.33079E-01  9.33842E-01 -8.16761E-04
    8067.296    329.527   9.550  9.34430E-01  9.32913E-01  1.62631E-03
    8070.944    333.175   9.600  9.35956E-01  9.31984E-01  4.26113E-03
    8074.611    336.842   9.650  9.37505E-01  9.31055E-01  6.92571E-03
    8078.297    340.528   9.700  9.38864E-01  9.30127E-01  9.39025E-03
    8082.003    344.234   9.750  9.39792E-01  9.29198E-01  1.13959E-02
    8085.727    347.958   9.800  9.40067E-01  9.28269E-01  1.27019E-02
    8089.470    351.701   9.850  9.39526E-01  9.27340E-01  1.31305E-02
    8093.232    355.464   9.900  9.38098E-01  9.26412E-01  1.26034E-02
    8097.014    359.245   9.950  9.35821E-01  9.25483E-01  1.11589E-02
    8100.814    363.045  10.000  9.32839E-01  9.24554E-01  8.95057E-03
    8104.634    366.865  10.050  9.29328E-01  9.23486E-01  6.31749E-03
    8108.472    370.703  10.100  9.25573E-01  9.22418E-01  3.41583E-03
    8112.330    374.561  10.150  9.21860E-01  9.21350E-01  5.52962E-04
    8116.207    378.438  10.200  9.18449E-01  9.20282E-01 -1.98882E-03
    8120.102    382.333  10.250  9.15539E-01  9.19214E-01 -3.99190E-03
    8124.017    386.248  10.300  9.13244E-01  9.18146E-01 -5.33046E-03
    8127.951    390.182  10.350  9.11584E-01  9.17078E-01 -5.98109E-03
    8131.904    394.135  10.400  9.10490E-01  9.16010E-01 -6.01601E-03
    8135.876    398.107  10.450  9.09826E-01  9.14942E-01 -5.58114E-03
    8139.867    402.098  10.500  9.09421E-01  9.13874E-01 -4.86391E-03
    8143.877    406.108  10.550  9.09095E-01  9.12806E-01 -4.05717E-03
    8147.906    410.137  10.600  9.08700E-01  9.11738E-01 -3.32585E-03
    8151.954    414.185  10.650  9.08131E-01  9.10670E-01 -2.78191E-03
    8156.021    418.252  10.700  9.07349E-01  9.09602E-01 -2.47151E-03
    8160.107    422.338  10.750  9.06371E-01  9.08534E-01 -2.37544E-03
    8164.212    426.444  10.800  9.05263E-01  9.07466E-01 -2.42160E-03
    8168.337    430.568  10.850  9.04121E-01  9.06398E-01 -2.50610E-03
    8172.480    434.711  10.900  9.03044E-01  9.05330E-01 -2.51838E-03
    8176.643    438.874  10.950  9.02118E-01  9.04262E-01 -2.36519E-03
    8180.824    443.055  11.000  9.01393E-01  9.03194E-01 -1.98918E-03
    8185.024    447.256  11.050  9.00694E-01  9.01929E-01 -1.36602E-03
    8189.244    451.475  11.100  9.00208E-01  9.00664E-01 -5.04495E-04
    8193.483    455.714  11.150  8.99866E-01  8.99398E-01  5.18773E-04
    8197.740    459.971  11.200  8.99572E-01  8.98133E-01  1.59795E-03
    8202.017    464.248  11.250  8.99221E-01  8.96868E-01  2.61680E-03
    8206.313    468.544  11.300  8.98717E-01  8.95603E-01  3.46806E-03
    8210.628    472.859  11.350  8.97987E-01  8.94337E-01  4.06977E-03
    8214.961    477.193  11.400  8.96991E-01  8.93072E-01  4.37601E-03
    8219.314    481.545  11.450  8.95724E-01  8.91807E-01  4.38039E-03
    8223.686    485.917  11.500  8.94214E-01  8.90541E-01  4.11258E-03
    8228.077    490.308  11.550  8.92513E-01  8.89276E-01  3.62898E-03
    8232.487    494.718  11.600  8.90683E-01  8.88011E-01  3.00016E-03
    8236.916    499.148  11.650  8.88789E-01  8.86746E-01  2.29745E-03
    8241.365    503.596  11.700  8.86885E-01  8.85480E-01  1.58162E-03
    8245.832    508.063  11.750  8.85009E-01  8.84215E-01  8.95469E-04
    8250.318    512.549  11.800  8.83181E-01  8.82950E-01  2.61269E-04
    8254.823    517.054  11.850  8.81404E-01  8.81684E-01 -3.16865E-04
    8259.348    521.579  11.900  8.79671E-01  8.80419E-01 -8.46871E-04
    8263.891    526.122  11.950  8.77972E-01  8.79154E-01 -1.34062E-03
    8268.454    530.685  12.000  8.76299E-01  8.77889E-01 -1.80581E-03
    8273.035    535.266  12.050  8.74647E-01  8.76657E-01 -2.28589E-03
    8277.636    539.867  12.100  8.73030E-01  8.75425E-01 -2.72728E-03
    8282.255    544.486  12.150  8.71477E-01  8.74192E-01 -3.09646E-03
    8286.894    549.125  12.200  8.70026E-01  8.72960E-01 -3.35071E-03
    8291.552    553.783  12.250  8.68715E-01  8.71728E-01 -3.44553E-03
    8296.228    558.459  12.300  8.67577E-01  8.70496E-01 -3.34343E-03
    8300.924    563.155  12.350  8.66629E-01  8.69264E-01 -3.02263E-03
    8305.639    567.870  12.400  8.65870E-01  8.68032E-01 -2.48349E-03
    8310.373    572.604  12.450  8.65277E-01  8.66800E-01 -1.75182E-03
    8315.126    577.357  12.500  8.64806E-01  8.65568E-01 -8.77946E-04
    8319.898    582.129  12.550  8.64395E-01  8.64336E-01  6.81774E-05
    8324.689    586.920  12.600  8.63975E-01  8.63104E-01  1.00518E-03
    8329.499    591.730  12.650  8.63472E-01  8.61872E-01  1.85044E-03
    8334.328    596.559  12.700  8.62825E-01  8.60640E-01  2.53055E-03
    8339.176    601.408  12.750  8.61987E-01  8.59408E-01  2.99044E-03
    8344.044    606.275  12.800  8.60931E-01  8.58176E-01  3.19978E-03
    8348.930    611.161  12.850  8.59658E-01  8.56944E-01  3.15574E-03
    8353.835    616.066  12.900  8.58187E-01  8.55712E-01  2.88188E-03
    8358.760    620.991  12.950  8.56558E-01  8.54480E-01  2.42353E-03
    8363.703    625.934  13.000  8.54824E-01  8.53248E-01  1.84058E-03
    8368.666    630.897  13.050  8.52955E-01  8.51912E-01  1.21963E-03
    8373.647    635.878  13.100  8.51078E-01  8.50577E-01  5.87584E-04
    8378.648    640.879  13.150  8.49239E-01  8.49241E-01 -2.49873E-06
    8383.668    645.899  13.200  8.47471E-01  8.47905E-01 -5.10158E-04
    8388.706    650.937  13.250  8.45796E-01  8.46570E-01 -9.10254E-04
    8393.764    655.995  13.300  8.44222E-01  8.45234E-01 -1.19313E-03
    8398.841    661.072  13.350  8.42745E-01  8.43898E-01 -1.36256E-03
    8403.937    666.168  13.400  8.41352E-01  8.42563E-01 -1.43206E-03
    8409.052    671.283  13.450  8.40028E-01  8.41227E-01 -1.42055E-03
    8414.186    676.417  13.500  8.38755E-01  8.39891E-01 -1.34812E-03
    8419.339    681.570  13.550  8.37519E-01  8.38556E-01 -1.23267E-03
    8424.511    686.742  13.600  8.36306E-01  8.37220E-01 -1.08789E-03
    8429.702    691.933  13.650  8.35111E-01  8.35885E-01 -9.22767E-04
    8434.912    697.143  13.700  8.33927E-01  8.34549E-01 -7.42361E-04
    8440.141    702.372  13.750  8.32754E-01  8.33213E-01 -5.49543E-04
    8445.389    707.620  13.800  8.31588E-01  8.31878E-01 -3.47069E-04
    8450.657    712.888  13.850  8.30426E-01  8.30542E-01 -1.39414E-04
    8455.943    718.174  13.900  8.29261E-01  8.29206E-01  6.60908E-05
    8461.248    723.479  13.950  8.28086E-01  8.27871E-01  2.59128E-04
    8466.573    728.804  14.000  8.26889E-01  8.26535E-01  4.27299E-04
    8471.916    734.147  14.050  8.25627E-01  8.25158E-01  5.66746E-04
    8477.279    739.510  14.100  8.24328E-01  8.23780E-01  6.63401E-04
    8482.660    744.892  14.150  8.22987E-01  8.22402E-01  7.08450E-04
    8488.061    750.292  14.200  8.21600E-01  8.21025E-01  6.98210E-04
    8493.481    755.712  14.250  8.20170E-01  8.19647E-01  6.35259E-04
    8498.920    761.151  14.300  8.18704E-01  8.18270E-01  5.28540E-04
    8504.377    766.608  14.350  8.17214E-01  8.16892E-01  3.92371E-04
    8509.854    772.085  14.400  8.15715E-01  8.15515E-01  2.44499E-04
    8515.350    777.581  14.450  8.14222E-01  8.14137E-01  1.03517E-04
    8520.865    783.096  14.500  8.12748E-01  8.12760E-01 -1.39105E-05
    8526.399    788.630  14.550  8.11304E-01  8.11382E-01 -9.55337E-05
    8531.952    794.183  14.600  8.09895E-01  8.10005E-01 -1.35279E-04
    8537.524    799.755  14.650  8.08519E-01  8.08627E-01 -1.33987E-04
    8543.115    805.346  14.700  8.07169E-01  8.07250E-01 -9.90077E-05
    8548.726    810.957  14.750  8.05838E-01  8.05872E-01 -4.27235E-05
    8554.355    816.586  14.800  8.04510E-01  8.04495E-01  1.97124E-05
    8560.003    822.234  14.850  8.03176E-01  8.03117E-01  7.30346E-05
    8565.670    827.902  14.900  8.01823E-01  8.01739E-01  1.04451E-04
    8571.357    833.588  14.950  8.00447E-01  8.00362E-01  1.05718E-04
    8577.062    839.293  15.000  7.99044E-01  7.98984E-01  7.43617E-05
