# # Once                                                         FEFF 9.6.4  
# # POT  SCF 100  6.0000   0, core-hole, AFOLP (folp(0)= 1.150)
# # Abs   Z=27 Rmt= 1.354 Rnm= 1.404 L3 shell
# # Pot 1 Z=58 Rmt= 1.687 Rnm= 1.738
# # Pot 2 Z=27 Rmt= 1.358 Rnm= 1.413
# # Gam_ch=4.789E-01 H-L exch Vi= 0.000E+00 Vr= 0.000E+00
# # Mu=-1.712E+01 kf=2.007E+00 Vint=-2.548E+01 Rs_int= 1.807
# # PATH  Rmax= 7.000,  Keep_limit= 0.00, Heap_limit 0.00  Pwcrit= 2.50%
#  S02=1.000  Temp=   0.00  Debye_temp=   0.00  Global_sig2= 0.00000
#  Energy zero shift, vr, vi    0.00000E+00   0.00000E+00
#  Curved wave amplitude ratio filter   4.000%
#     file         sig2 tot  cw amp ratio   deg  nlegs   reff  inp sig2
#           1       0.00000    100.00      6.00     2   2.4571
#           2       0.00000     53.53      3.00     2   2.8406
#           3       0.00000     31.46      3.00     2   2.8406
#           4       0.00000     12.00     12.00     3   3.6871
#           5       0.00000      6.50     12.00     3   3.8774
#           6       0.00000     11.16      2.00     2   4.0100
#           7       0.00000     19.66     24.00     3   4.2356
#           8       0.00000     59.96     12.00     2   4.2592
#           9       0.00000      8.61     12.00     3   4.4621
#          10       0.00000     20.29     24.00     3   4.5881
#          11       0.00000     16.34     24.00     3   4.7784
#          12       0.00000     11.98     24.00     3   4.7784
#          13       0.00000     11.38     12.00     3   4.8093
#          14       0.00000     36.51      6.00     2   4.9142
#          15       0.00000     22.58      6.00     2   4.9142
#          16       0.00000     56.56     12.00     3   4.9142
#          17       0.00000      4.68     12.00     4   4.9142
#          18       0.00000      8.28      6.00     4   4.9142
#          19       0.00000     45.20      6.00     4   4.9142
#          20       0.00000     22.52      6.00     2   4.9200
#          21       0.00000     17.39     12.00     3   5.0033
#          22       0.00000     14.75     24.00     3   5.1366
#          23       0.00000     23.49     24.00     3   5.2724
#          25       0.00000     14.18      6.00     3   5.3006
#          26       0.00000     20.74     12.00     3   5.3006
#          27       0.00000     35.43     12.00     2   5.4994
#          28       0.00000     13.95      3.00     2   5.6811
#          29       0.00000      8.23      3.00     2   5.6811
#          30       0.00000     13.27      6.00     3   5.6811
#          31       0.00000     40.43      6.00     3   5.6811
#          32       0.00000     26.32      6.00     3   5.6811
#          33       0.00000      8.48      6.00     4   5.6811
#          34       0.00000      6.82      3.00     4   5.6811
#          35       0.00000     49.18      3.00     4   5.6811
#          36       0.00000      8.33      6.00     4   5.6811
#          37       0.00000     16.44      3.00     4   5.6811
#          38       0.00000     40.51     24.00     3   5.7568
#          40       0.00000      7.52     12.00     3   5.8824
#          41       0.00000      7.59     12.00     4   6.0141
#          42       0.00000      6.47     12.00     4   6.0141
#          43       0.00000      8.60     12.00     4   6.0141
#          44       0.00000     13.56      6.00     2   6.1804
#          45       0.00000      8.21     24.00     3   6.2836
#          46       0.00000      4.79     12.00     3   6.3237
#          47       0.00000      4.78     12.00     3   6.3237
#          48       0.00000      5.13     12.00     3   6.3237
#          49       0.00000     25.45     12.00     2   6.3472
#          50       0.00000     23.98     12.00     2   6.5074
#          51       0.00000      8.29     24.00     3   6.5317
#          52       0.00000      8.41     24.00     3   6.5317
#          53       0.00000      9.16     24.00     3   6.5317
#          54       0.00000     10.25     24.00     3   6.6133
#          57       0.00000      4.30     12.00     3   6.7208
#          58       0.00000      5.89     24.00     3   6.8036
#          59       0.00000      6.06     24.00     3   6.8036
#          60       0.00000      7.51     24.00     4   6.8188
#          61       0.00000     12.29     24.00     3   6.9349
#          62       0.00000      6.26     24.00     3   6.9423
#          64       0.00000     18.09      6.00     2   6.9538
#          65       0.00000     10.20      6.00     2   6.9538
#          66       0.00000     11.86     24.00     3   6.9550
#    61/  63 paths used
#  xsedge+50, used to normalize mu           8.3926E-03
#  -----------------------------------------------------------------------
#  omega    e    k    mu    mu0     chi     @#
     785.511    -17.115   0.050  1.09298E+01  2.31042E+00  1.61753E+00
     785.540    -17.086   0.100  1.08938E+01  2.42674E+00  1.60928E+00
     785.587    -17.038   0.150  1.07521E+01  2.70071E+00  1.58521E+00
     785.654    -16.972   0.200  1.05591E+01  2.97468E+00  1.54889E+00
     785.740    -16.886   0.250  1.00924E+01  3.15576E+00  1.49412E+00
     785.844    -16.781   0.300  9.55299E+00  3.33685E+00  1.41646E+00
     785.968    -16.657   0.350  8.76821E+00  3.32006E+00  1.32524E+00
     786.111    -16.515   0.400  7.93511E+00  3.30326E+00  1.20822E+00
     786.273    -16.353   0.450  7.04772E+00  3.17474E+00  1.08516E+00
     786.454    -16.172   0.500  6.14996E+00  3.04622E+00  9.39256E-01
     786.654    -15.972   0.550  5.27705E+00  2.88340E+00  7.79109E-01
     786.873    -15.753   0.600  4.41603E+00  2.72057E+00  5.96965E-01
     787.111    -15.514   0.650  3.40708E+00  2.56220E+00  3.19237E-01
     787.368    -15.257   0.700  2.35297E+00  2.40383E+00 -2.07330E-02
     787.645    -14.981   0.750  2.81382E+00  2.26508E+00  2.38943E-01
     787.940    -14.686   0.800  4.07805E+00  2.12633E+00  9.11977E-01
     788.254    -14.371   0.850  3.34792E+00  2.01087E+00  6.63258E-01
     788.588    -14.038   0.900  2.33048E+00  1.89541E+00  2.29993E-01
     788.940    -13.686   0.950  1.84706E+00  1.80200E+00  2.51126E-02
     789.312    -13.314   1.000  1.45470E+00  1.70860E+00 -1.49685E-01
     789.702    -12.924   1.050  1.18067E+00  1.63411E+00 -2.79946E-01
     790.112    -12.514   1.100  1.00655E+00  1.55962E+00 -3.58378E-01
     790.540    -12.085   1.150  8.89133E-01  1.50075E+00 -4.12225E-01
     790.988    -11.638   1.200  8.44130E-01  1.44187E+00 -4.19732E-01
     791.455    -11.171   1.250  8.47684E-01  1.39569E+00 -3.97697E-01
     791.940    -10.685   1.300  8.99578E-01  1.34950E+00 -3.37837E-01
     792.445    -10.180   1.350  9.71587E-01  1.31353E+00 -2.63818E-01
     792.969     -9.657   1.400  1.05391E+00  1.27756E+00 -1.77435E-01
     793.512     -9.114   1.450  1.12828E+00  1.24971E+00 -9.84575E-02
     794.074     -8.552   1.500  1.18713E+00  1.22186E+00 -2.87938E-02
     794.655     -7.971   1.550  1.22564E+00  1.20059E+00  2.11314E-02
     795.255     -7.371   1.600  1.24052E+00  1.17931E+00  5.25239E-02
     795.874     -6.751   1.650  1.23979E+00  1.16326E+00  6.65148E-02
     796.512     -6.113   1.700  1.22316E+00  1.14722E+00  6.68779E-02
     797.170     -5.456   1.750  1.20178E+00  1.13535E+00  5.90515E-02
     797.846     -4.780   1.800  1.17563E+00  1.12348E+00  4.68039E-02
     798.541     -4.084   1.850  1.15205E+00  1.11494E+00  3.35143E-02
     799.256     -3.370   1.900  1.12945E+00  1.10640E+00  2.09481E-02
     799.989     -2.637   1.950  1.11129E+00  1.10090E+00  9.48560E-03
     800.742     -1.884   2.000  1.09472E+00  1.09540E+00 -6.21421E-04
     801.513     -1.113   2.050  1.07730E+00  1.09166E+00 -1.31874E-02
     802.304     -0.322   2.100  1.06226E+00  1.08792E+00 -2.36007E-02
     803.113      0.488   2.150  1.05118E+00  1.08418E+00 -3.04145E-02
     803.942      1.316   2.200  1.04520E+00  1.08044E+00 -3.25325E-02
     804.790      2.164   2.250  1.04769E+00  1.07594E+00 -2.61152E-02
     805.656      3.031   2.300  1.05500E+00  1.07145E+00 -1.52253E-02
     806.542      3.917   2.350  1.06172E+00  1.06696E+00 -4.85053E-03
     807.447      4.821   2.400  1.06299E+00  1.06247E+00  4.79878E-04
     808.371      5.745   2.450  1.05756E+00  1.05462E+00  2.72503E-03
     809.314      6.688   2.500  1.04386E+00  1.04678E+00 -2.70956E-03
     810.276      7.650   2.550  1.02458E+00  1.03893E+00 -1.33405E-02
     811.257      8.631   2.600  1.00546E+00  1.03108E+00 -2.38382E-02
     812.257      9.632   2.650  9.96880E-01  1.02850E+00 -2.94157E-02
     813.276     10.651   2.700  9.91925E-01  1.02591E+00 -3.16150E-02
     814.315     11.689   2.750  9.89997E-01  1.02333E+00 -3.09989E-02
     815.372     12.746   2.800  9.88964E-01  1.02074E+00 -2.95502E-02
     816.448     13.822   2.850  9.91040E-01  1.01793E+00 -2.50594E-02
     817.544     14.918   2.900  9.92657E-01  1.01512E+00 -2.09769E-02
     818.658     16.032   2.950  9.92491E-01  1.01231E+00 -1.85459E-02
     819.791     17.166   3.000  9.89922E-01  1.00949E+00 -1.83577E-02
     820.944     18.318   3.050  9.84410E-01  1.00583E+00 -2.01686E-02
     822.116     19.490   3.100  9.76294E-01  1.00216E+00 -2.44548E-02
     823.306     20.680   3.150  9.67239E-01  9.98500E-01 -2.96661E-02
     824.516     21.890   3.200  9.59271E-01  9.94836E-01 -3.38823E-02
     825.745     23.119   3.250  9.54060E-01  9.90687E-01 -3.50753E-02
     826.992     24.367   3.300  9.52541E-01  9.86538E-01 -3.27265E-02
     828.259     25.633   3.350  9.55302E-01  9.82389E-01 -2.62117E-02
     829.545     26.919   3.400  9.61994E-01  9.78240E-01 -1.58035E-02
     830.850     28.224   3.450  9.70555E-01  9.73219E-01 -2.60809E-03
     832.174     29.548   3.500  9.79808E-01  9.68199E-01  1.14328E-02
     833.517     30.891   3.550  9.88329E-01  9.63179E-01  2.49218E-02
     834.879     32.253   3.600  9.95010E-01  9.58158E-01  3.67448E-02
     836.260     33.634   3.650  9.98508E-01  9.52747E-01  4.59304E-02
     837.660     35.035   3.700  9.99657E-01  9.47337E-01  5.28653E-02
     839.079     36.454   3.750  9.98978E-01  9.41926E-01  5.80333E-02
     840.518     37.892   3.800  9.96760E-01  9.36515E-01  6.16960E-02
     841.975     39.349   3.850  9.92773E-01  9.30885E-01  6.38129E-02
     843.451     40.826   3.900  9.87203E-01  9.25256E-01  6.43141E-02
     844.947     42.321   3.950  9.79181E-01  9.19626E-01  6.22606E-02
     846.461     43.836   4.000  9.67813E-01  9.13996E-01  5.66540E-02
     847.995     45.369   4.050  9.53000E-01  9.08460E-01  4.72020E-02
     849.547     46.922   4.100  9.34678E-01  9.02923E-01  3.38787E-02
     851.119     48.493   4.150  9.13663E-01  8.97386E-01  1.74822E-02
     852.710     50.084   4.200  8.91497E-01  8.91850E-01 -3.81079E-04
     854.319     51.694   4.250  8.69850E-01  8.86502E-01 -1.81220E-02
     855.948     53.323   4.300  8.50729E-01  8.81154E-01 -3.33250E-02
     857.596     54.970   4.350  8.35634E-01  8.75806E-01 -4.42865E-02
     859.263     56.637   4.400  8.25297E-01  8.70459E-01 -5.01113E-02
     860.949     58.323   4.450  8.19647E-01  8.65466E-01 -5.11572E-02
     862.654     60.028   4.500  8.17805E-01  8.60474E-01 -4.79380E-02
     864.378     61.752   4.550  8.18115E-01  8.55482E-01 -4.22460E-02
     866.121     63.495   4.600  8.18662E-01  8.50489E-01 -3.62122E-02
     867.883     65.257   4.650  8.18404E-01  8.45800E-01 -3.13553E-02
     869.664     67.038   4.700  8.15675E-01  8.41111E-01 -2.92866E-02
     871.464     68.839   4.750  8.10212E-01  8.36422E-01 -3.03598E-02
     873.284     70.658   4.800  8.02734E-01  8.31733E-01 -3.37938E-02
     875.122     72.496   4.850  7.95086E-01  8.27181E-01 -3.76237E-02
     876.979     74.354   4.900  7.88740E-01  8.22629E-01 -3.99623E-02
     878.856     76.230   4.950  7.85501E-01  8.18077E-01 -3.86446E-02
     880.751     78.125   5.000  7.86564E-01  8.13525E-01 -3.21762E-02
     882.666     80.040   5.050  7.92295E-01  8.08984E-01 -2.00359E-02
     884.599     81.974   5.100  8.01711E-01  8.04442E-01 -3.29919E-03
     886.552     83.926   5.150  8.13109E-01  7.99901E-01  1.60502E-02
     888.524     85.898   5.200  8.24305E-01  7.95359E-01  3.53883E-02
     890.514     87.889   5.250  8.33217E-01  7.90853E-01  5.21167E-02
     892.524     89.898   5.300  8.38095E-01  7.86348E-01  6.40627E-02
     894.553     91.927   5.350  8.38140E-01  7.81842E-01  7.01392E-02
     896.601     93.975   5.400  8.33465E-01  7.77337E-01  7.03746E-02
     898.668     96.042   5.450  8.24545E-01  7.72614E-01  6.55461E-02
     900.754     98.128   5.500  8.12872E-01  7.67892E-01  5.71539E-02
     902.859    100.233   5.550  7.99661E-01  7.63169E-01  4.66824E-02
     904.983    102.357   5.600  7.85869E-01  7.58447E-01  3.53182E-02
     907.126    104.500   5.650  7.71615E-01  7.53479E-01  2.35232E-02
     909.288    106.662   5.700  7.57640E-01  7.48510E-01  1.19244E-02
     911.469    108.843   5.750  7.44091E-01  7.43542E-01  7.22428E-04
     913.669    111.044   5.800  7.31141E-01  7.38574E-01 -9.84601E-03
     915.889    113.263   5.850  7.19076E-01  7.33609E-01 -1.93965E-02
     918.127    115.501   5.900  7.08402E-01  7.28645E-01 -2.72169E-02
     920.385    117.759   5.950  6.99478E-01  7.23681E-01 -3.27852E-02
     922.661    120.035   6.000  6.92450E-01  7.18717E-01 -3.58499E-02
     924.957    122.331   6.050  6.87288E-01  7.13608E-01 -3.61915E-02
     927.271    124.645   6.100  6.83247E-01  7.08500E-01 -3.49872E-02
     929.605    126.979   6.150  6.79453E-01  7.03391E-01 -3.34188E-02
     931.957    129.332   6.200  6.75040E-01  6.98282E-01 -3.26964E-02
     934.329    131.703   6.250  6.69372E-01  6.93173E-01 -3.37424E-02
     936.720    134.094   6.300  6.62216E-01  6.88064E-01 -3.69308E-02
     939.130    136.504   6.350  6.53840E-01  6.82955E-01 -4.19262E-02
     941.559    138.933   6.400  6.45028E-01  6.77846E-01 -4.76351E-02
     944.006    141.381   6.450  6.37008E-01  6.72737E-01 -5.22752E-02
     946.473    143.848   6.500  6.31303E-01  6.67628E-01 -5.35757E-02
     948.959    146.334   6.550  6.29944E-01  6.62816E-01 -4.88455E-02
     951.464    148.839   6.600  6.33755E-01  6.58004E-01 -3.63042E-02
     953.989    151.363   6.650  6.43110E-01  6.53192E-01 -1.52092E-02
     956.532    153.906   6.700  6.57338E-01  6.48380E-01  1.36163E-02
     959.094    156.468   6.750  6.74586E-01  6.43568E-01  4.75113E-02
     961.675    159.050   6.800  6.91921E-01  6.38756E-01  8.20668E-02
     964.276    161.650   6.850  7.05740E-01  6.33944E-01  1.11695E-01
     966.895    164.269   6.900  7.12470E-01  6.29132E-01  1.30674E-01
     969.533    166.908   6.950  7.09413E-01  6.24319E-01  1.34487E-01
     972.191    169.565   7.000  6.95530E-01  6.19507E-01  1.21114E-01
     974.867    172.242   7.050  6.72191E-01  6.15157E-01  9.15267E-02
     977.563    174.937   7.100  6.42406E-01  6.10807E-01  5.10830E-02
     980.277    177.652   7.150  6.10783E-01  6.06457E-01  7.04530E-03
     983.011    180.385   7.200  5.82242E-01  6.02107E-01 -3.25945E-02
     985.764    183.138   7.250  5.60800E-01  5.97757E-01 -6.10978E-02
     988.536    185.910   7.300  5.48564E-01  5.93407E-01 -7.46977E-02
     991.326    188.701   7.350  5.45259E-01  5.89057E-01 -7.35162E-02
     994.136    191.511   7.400  5.48425E-01  5.84707E-01 -6.13699E-02
     996.965    194.340   7.450  5.54248E-01  5.80357E-01 -4.45062E-02
     999.813    197.188   7.500  5.58740E-01  5.76006E-01 -2.96629E-02
    1002.680    200.055   7.550  5.59231E-01  5.71897E-01 -2.19258E-02
    1005.566    202.941   7.600  5.54111E-01  5.67787E-01 -2.38555E-02
    1008.471    205.846   7.650  5.44171E-01  5.63677E-01 -3.42899E-02
    1011.396    208.770   7.700  5.31816E-01  5.59567E-01 -4.91643E-02
    1014.339    211.713   7.750  5.20218E-01  5.55457E-01 -6.29227E-02
    1017.301    214.675   7.800  5.12316E-01  5.51347E-01 -7.02471E-02
    1020.282    217.657   7.850  5.10008E-01  5.47237E-01 -6.75386E-02
    1023.283    220.657   7.900  5.13745E-01  5.43127E-01 -5.37337E-02
    1026.302    223.676   7.950  5.22578E-01  5.39017E-01 -3.03080E-02
    1029.341    226.715   8.000  5.34578E-01  5.34907E-01 -6.11493E-04
    1032.398    229.772   8.050  5.47454E-01  5.30858E-01  3.10987E-02
    1035.475    232.849   8.100  5.58894E-01  5.26809E-01  6.06152E-02
    1038.570    235.945   8.150  5.67128E-01  5.22760E-01  8.45150E-02
    1041.685    239.059   8.200  5.71020E-01  5.18711E-01  1.00471E-01
    1044.819    242.193   8.250  5.70047E-01  5.14662E-01  1.07274E-01
    1047.971    245.346   8.300  5.64218E-01  5.10613E-01  1.04707E-01
    1051.143    248.518   8.350  5.53985E-01  5.06564E-01  9.34200E-02
    1054.334    251.708   8.400  5.40190E-01  5.02515E-01  7.48598E-02
    1057.544    254.918   8.450  5.24008E-01  4.98466E-01  5.11930E-02
    1060.773    258.147   8.500  5.06845E-01  4.94417E-01  2.51283E-02
    1064.021    261.395   8.550  4.90334E-01  4.90505E-01 -3.47120E-04
    1067.288    264.662   8.600  4.75555E-01  4.86592E-01 -2.26941E-02
    1070.574    267.948   8.650  4.63258E-01  4.82680E-01 -4.02726E-02
    1073.879    271.254   8.700  4.53604E-01  4.78767E-01 -5.26280E-02
    1077.203    274.578   8.750  4.46207E-01  4.74855E-01 -6.04356E-02
    1080.547    277.921   8.800  4.40368E-01  4.70943E-01 -6.50644E-02
    1083.909    281.283   8.850  4.35405E-01  4.67030E-01 -6.78956E-02
    1087.290    284.665   8.900  4.30961E-01  4.63118E-01 -6.96507E-02
    1090.691    288.065   8.950  4.27172E-01  4.59205E-01 -7.00070E-02
    1094.110    291.485   9.000  4.24602E-01  4.55293E-01 -6.76813E-02
    1097.549    294.923   9.050  4.24220E-01  4.51684E-01 -6.10590E-02
    1101.006    298.381   9.100  4.26284E-01  4.48074E-01 -4.88450E-02
    1104.483    301.857   9.150  4.30799E-01  4.44464E-01 -3.08867E-02
    1107.979    305.353   9.200  4.37098E-01  4.40855E-01 -8.56303E-03
    1111.493    308.868   9.250  4.43931E-01  4.37245E-01  1.53665E-02
    1115.027    312.401   9.300  4.49780E-01  4.33636E-01  3.74218E-02
    1118.580    315.954   9.350  4.53272E-01  4.30026E-01  5.43460E-02
    1122.152    319.526   9.400  4.53556E-01  4.26417E-01  6.39997E-02
    1125.743    323.117   9.450  4.50507E-01  4.22807E-01  6.58932E-02
    1129.353    326.727   9.500  4.44695E-01  4.19198E-01  6.11879E-02
    1132.982    330.356   9.550  4.37477E-01  4.15896E-01  5.22049E-02
    1136.630    334.004   9.600  4.29673E-01  4.12594E-01  4.16476E-02
    1140.297    337.671   9.650  4.22217E-01  4.09292E-01  3.17727E-02
    1143.983    341.357   9.700  4.15618E-01  4.05989E-01  2.38624E-02
    1147.688    345.063   9.750  4.09925E-01  4.02687E-01  1.80844E-02
    1151.412    348.787   9.800  4.04832E-01  3.99385E-01  1.37227E-02
    1155.156    352.530   9.850  3.99873E-01  3.96083E-01  9.62948E-03
    1158.918    356.292   9.900  3.94615E-01  3.92781E-01  4.69939E-03
    1162.700    360.074   9.950  3.88786E-01  3.89479E-01 -1.79098E-03
    1166.500    363.874  10.000  3.82324E-01  3.86177E-01 -1.00412E-02
    1170.319    367.694  10.050  3.75613E-01  3.83157E-01 -1.98192E-02
    1174.158    371.532  10.100  3.68657E-01  3.80138E-01 -3.03994E-02
    1178.016    375.390  10.150  3.61859E-01  3.77118E-01 -4.07297E-02
    1181.892    379.267  10.200  3.55692E-01  3.74098E-01 -4.95298E-02
    1185.788    383.162  10.250  3.50659E-01  3.71079E-01 -5.53951E-02
    1189.703    387.077  10.300  3.47231E-01  3.68059E-01 -5.69714E-02
    1193.637    391.011  10.350  3.45740E-01  3.65039E-01 -5.32282E-02
    1197.589    394.964  10.400  3.46275E-01  3.62020E-01 -4.37889E-02
    1201.561    398.936  10.450  3.48585E-01  3.59000E-01 -2.92102E-02
    1205.552    402.927  10.500  3.52067E-01  3.55981E-01 -1.10711E-02
    1209.562    406.937  10.550  3.55844E-01  3.52961E-01  8.22441E-03
    1213.591    410.966  10.600  3.58951E-01  3.49941E-01  2.59286E-02
    1217.639    415.014  10.650  3.60561E-01  3.46922E-01  3.95925E-02
    1221.707    419.081  10.700  3.60177E-01  3.43902E-01  4.76621E-02
    1225.793    423.167  10.750  3.57742E-01  3.40882E-01  4.98132E-02
    1229.898    427.272  10.800  3.53595E-01  3.37863E-01  4.69002E-02
    1234.022    431.397  10.850  3.48318E-01  3.34843E-01  4.05346E-02
    1238.166    435.540  10.900  3.42516E-01  3.31824E-01  3.24617E-02
    1242.328    439.703  10.950  3.36632E-01  3.28804E-01  2.39838E-02
    1246.510    443.884  11.000  3.30848E-01  3.25784E-01  1.56598E-02
    1250.710    448.084  11.050  3.25481E-01  3.23086E-01  7.46793E-03
    1254.930    452.304  11.100  3.20037E-01  3.20388E-01 -1.10292E-03
    1259.168    456.543  11.150  3.14508E-01  3.17689E-01 -1.00900E-02
    1263.426    460.800  11.200  3.09097E-01  3.14991E-01 -1.88539E-02
    1267.703    465.077  11.250  3.04212E-01  3.12292E-01 -2.60724E-02
    1271.998    469.373  11.300  3.00338E-01  3.09594E-01 -3.01279E-02
    1276.313    473.688  11.350  2.97836E-01  3.06896E-01 -2.97469E-02
    1280.647    478.021  11.400  2.96764E-01  3.04197E-01 -2.46253E-02
    1285.000    482.374  11.450  2.96785E-01  3.01499E-01 -1.57567E-02
    1289.372    486.746  11.500  2.97233E-01  2.98801E-01 -5.28865E-03
    1293.763    491.137  11.550  2.97300E-01  2.96102E-01  4.07840E-03
    1298.173    495.547  11.600  2.96299E-01  2.93404E-01  9.94602E-03
    1302.602    499.976  11.650  2.93880E-01  2.90705E-01  1.10074E-02
    1307.050    504.425  11.700  2.90141E-01  2.88007E-01  7.46986E-03
    1311.518    508.892  11.750  2.85577E-01  2.85309E-01  9.48217E-04
    1316.004    513.378  11.800  2.80892E-01  2.82610E-01 -6.12748E-03
    1320.509    517.883  11.850  2.76758E-01  2.79912E-01 -1.13570E-02
    1325.033    522.408  11.900  2.73599E-01  2.77214E-01 -1.31452E-02
    1329.577    526.951  11.950  2.71485E-01  2.74515E-01 -1.11271E-02
    1334.139    531.514  12.000  2.70168E-01  2.71817E-01 -6.11670E-03
    1338.721    536.095  12.050  2.69606E-01  2.69525E-01  3.04318E-04
    1343.321    540.696  12.100  2.69003E-01  2.67232E-01  6.67927E-03
    1347.941    545.315  12.150  2.68049E-01  2.64940E-01  1.18284E-02
    1352.580    549.954  12.200  2.66605E-01  2.62648E-01  1.51874E-02
    1357.237    554.612  12.250  2.64670E-01  2.60356E-01  1.67049E-02
    1361.914    559.288  12.300  2.62298E-01  2.58063E-01  1.65426E-02
    1366.610    563.984  12.350  2.59522E-01  2.55771E-01  1.47849E-02
    1371.325    568.699  12.400  2.56331E-01  2.53479E-01  1.13405E-02
    1376.059    573.433  12.450  2.52707E-01  2.51186E-01  6.10100E-03
    1380.812    578.186  12.500  2.48714E-01  2.48894E-01 -7.30901E-04
    1385.584    582.958  12.550  2.44560E-01  2.46602E-01 -8.34470E-03
    1390.375    587.749  12.600  2.40609E-01  2.44310E-01 -1.52659E-02
    1395.185    592.559  12.650  2.37298E-01  2.42017E-01 -1.96528E-02
    1400.014    597.388  12.700  2.34994E-01  2.39725E-01 -1.98899E-02
    1404.862    602.236  12.750  2.33837E-01  2.37433E-01 -1.52606E-02
    1409.729    607.104  12.800  2.33645E-01  2.35141E-01 -6.40909E-03
    1414.616    611.990  12.850  2.33922E-01  2.32848E-01  4.64624E-03
    1419.521    616.895  12.900  2.33993E-01  2.30556E-01  1.50203E-02
    1424.445    621.820  12.950  2.33213E-01  2.28264E-01  2.18458E-02
    1429.389    626.763  13.000  2.31180E-01  2.25972E-01  2.32226E-02
    1434.351    631.726  13.050  2.28192E-01  2.24007E-01  1.88267E-02
    1439.333    636.707  13.100  2.24276E-01  2.22042E-01  1.01402E-02
    1444.334    641.708  13.150  2.20037E-01  2.20077E-01 -1.81934E-04
    1449.353    646.728  13.200  2.16111E-01  2.18112E-01 -9.24491E-03
    1454.392    651.766  13.250  2.12947E-01  2.16147E-01 -1.49190E-02
    1459.450    656.824  13.300  2.10673E-01  2.14182E-01 -1.65108E-02
    1464.526    661.901  13.350  2.09090E-01  2.12217E-01 -1.48497E-02
    1469.622    666.997  13.400  2.07795E-01  2.10252E-01 -1.17760E-02
    1474.737    672.112  13.450  2.06374E-01  2.08288E-01 -9.25934E-03
    1479.871    677.246  13.500  2.04578E-01  2.06323E-01 -8.52147E-03
    1485.024    682.399  13.550  2.02426E-01  2.04358E-01 -9.52640E-03
    1490.196    687.571  13.600  2.00175E-01  2.02393E-01 -1.10419E-02
    1495.387    692.762  13.650  1.98194E-01  2.00428E-01 -1.12332E-02
    1500.597    697.972  13.700  1.96783E-01  1.98463E-01 -8.52916E-03
    1505.827    703.201  13.750  1.96032E-01  1.96498E-01 -2.38881E-03
    1511.075    708.449  13.800  1.95760E-01  1.94533E-01  6.35371E-03
    1516.342    713.717  13.850  1.95571E-01  1.92568E-01  1.57118E-02
    1521.629    719.003  13.900  1.95000E-01  1.90603E-01  2.32428E-02
    1526.934    724.308  13.950  1.93680E-01  1.88639E-01  2.69331E-02
    1532.258    729.633  14.000  1.91474E-01  1.86674E-01  2.59147E-02
    1537.602    734.976  14.050  1.88838E-01  1.85029E-01  2.07448E-02
    1542.965    740.339  14.100  1.85758E-01  1.83383E-01  1.30457E-02
    1548.346    745.720  14.150  1.82647E-01  1.81738E-01  5.03819E-03
    1553.747    751.121  14.200  1.79852E-01  1.80093E-01 -1.34813E-03
    1559.166    756.541  14.250  1.77544E-01  1.78448E-01 -5.10396E-03
    1564.605    761.980  14.300  1.75689E-01  1.76803E-01 -6.34961E-03
    1570.063    767.437  14.350  1.74101E-01  1.75158E-01 -6.07826E-03
    1575.540    772.914  14.400  1.72551E-01  1.73513E-01 -5.58520E-03
    1581.036    778.410  14.450  1.70869E-01  1.71868E-01 -5.85644E-03
    1586.551    783.925  14.500  1.69009E-01  1.70223E-01 -7.18522E-03
    1592.085    789.459  14.550  1.67045E-01  1.68577E-01 -9.16128E-03
    1597.638    795.012  14.600  1.65111E-01  1.66932E-01 -1.09966E-02
    1603.210    800.584  14.650  1.63319E-01  1.65287E-01 -1.19966E-02
    1608.801    806.175  14.700  1.61705E-01  1.63642E-01 -1.19302E-02
    1614.411    811.786  14.750  1.60210E-01  1.61997E-01 -1.11122E-02
    1620.040    817.415  14.800  1.58734E-01  1.60352E-01 -1.01671E-02
    1625.689    823.063  14.850  1.57194E-01  1.58707E-01 -9.60287E-03
    1631.356    828.730  14.900  1.55592E-01  1.57062E-01 -9.42683E-03
    1637.043    834.417  14.950  1.54026E-01  1.55417E-01 -9.01812E-03
    1642.748    840.122  15.000  1.52650E-01  1.53771E-01 -7.35067E-03
    1648.473    845.847  15.050  1.51881E-01  1.52406E-01 -3.47010E-03
    1654.216    851.590  15.100  1.51467E-01  1.51041E-01  2.84190E-03
    1659.979    857.353  15.150  1.51307E-01  1.49676E-01  1.09764E-02
    1665.760    863.135  15.200  1.51173E-01  1.48311E-01  1.94413E-02
    1671.561    868.935  15.250  1.50777E-01  1.46946E-01  2.62697E-02
    1677.381    874.755  15.300  1.49868E-01  1.45581E-01  2.96720E-02
    1683.220    880.594  15.350  1.48321E-01  1.44216E-01  2.86789E-02
    1689.077    886.452  15.400  1.46184E-01  1.42851E-01  2.35106E-02
    1694.954    892.329  15.450  1.43664E-01  1.41486E-01  1.55118E-02
    1700.850    898.225  15.500  1.41048E-01  1.40120E-01  6.67065E-03
    1706.765    904.140  15.550  1.38605E-01  1.38755E-01 -1.09266E-03
    1712.699    910.074  15.600  1.36493E-01  1.37390E-01 -6.58172E-03
    1718.652    916.027  15.650  1.34721E-01  1.36025E-01 -9.66209E-03
    1724.625    921.999  15.700  1.33169E-01  1.34660E-01 -1.11521E-02
    1730.616    927.990  15.750  1.31665E-01  1.33295E-01 -1.23235E-02
    1736.626    934.000  15.800  1.30066E-01  1.31930E-01 -1.42323E-02
    1742.655    940.030  15.850  1.28340E-01  1.30565E-01 -1.71694E-02
    1748.704    946.078  15.900  1.26575E-01  1.29200E-01 -2.04700E-02
    1754.771    952.145  15.950  1.24946E-01  1.27835E-01 -2.27644E-02
    1760.858    958.232  16.000  1.23637E-01  1.26469E-01 -2.25674E-02
    1766.963    964.337  16.050  1.22969E-01  1.25335E-01 -1.90195E-02
    1773.088    970.462  16.100  1.22701E-01  1.24200E-01 -1.21592E-02
    1779.231    976.605  16.150  1.22675E-01  1.23065E-01 -3.19700E-03
    1785.394    982.768  16.200  1.22645E-01  1.21930E-01  5.90591E-03
    1791.576    988.950  16.250  1.22368E-01  1.20796E-01  1.31117E-02
    1797.776    995.151  16.300  1.21682E-01  1.19661E-01  1.70200E-02
    1803.996   1001.370  16.350  1.20566E-01  1.18526E-01  1.73396E-02
    1810.235   1007.609  16.400  1.19132E-01  1.17392E-01  1.49352E-02
    1816.493   1013.867  16.450  1.17577E-01  1.16257E-01  1.14380E-02
    1822.770   1020.144  16.500  1.16103E-01  1.15122E-01  8.58177E-03
    1829.066   1026.440  16.550  1.14840E-01  1.13987E-01  7.53235E-03
    1835.381   1032.755  16.600  1.13801E-01  1.12853E-01  8.46936E-03
    1841.715   1039.089  16.650  1.12890E-01  1.11718E-01  1.05747E-02
    1848.068   1045.442  16.700  1.11946E-01  1.10583E-01  1.24134E-02
    1854.440   1051.815  16.750  1.10811E-01  1.09449E-01  1.25408E-02
    1860.831   1058.206  16.800  1.09398E-01  1.08314E-01  1.00883E-02
    1867.242   1064.616  16.850  1.07722E-01  1.07179E-01  5.10089E-03
    1873.671   1071.045  16.900  1.05888E-01  1.06044E-01 -1.48987E-03
    1880.120   1077.494  16.950  1.04053E-01  1.04910E-01 -8.22629E-03
    1886.587   1083.961  17.000  1.02368E-01  1.03775E-01 -1.36575E-02
    1893.073   1090.448  17.050  1.01126E-01  1.02848E-01 -1.68693E-02
    1899.579   1096.953  17.100  1.00138E-01  1.01920E-01 -1.76234E-02
    1906.104   1103.478  17.150  9.93469E-02  1.00993E-01 -1.64232E-02
    1912.647   1110.022  17.200  9.86575E-02  1.00066E-01 -1.41800E-02
    1919.210   1116.584  17.250  9.79781E-02  9.91386E-02 -1.17935E-02
    1925.792   1123.166  17.300  9.72563E-02  9.82113E-02 -9.79747E-03
    1932.393   1129.767  17.350  9.64920E-02  9.72841E-02 -8.20270E-03
    1939.012   1136.387  17.400  9.57272E-02  9.63568E-02 -6.58342E-03
    1945.651   1143.026  17.450  9.50178E-02  9.54296E-02 -4.34699E-03
    1952.309   1149.684  17.500  9.44028E-02  9.45023E-02 -1.06091E-03
    1958.986   1156.361  17.550  9.38817E-02  9.35750E-02  3.30150E-03
    1965.682   1163.057  17.600  9.34102E-02  9.26478E-02  8.28989E-03
    1972.397   1169.772  17.650  9.29129E-02  9.17205E-02  1.30961E-02
    1979.132   1176.506  17.700  9.23078E-02  9.07933E-02  1.68043E-02
    1985.885   1183.259  17.750  9.15316E-02  8.98660E-02  1.86704E-02
    1992.657   1190.031  17.800  9.05570E-02  8.89388E-02  1.83287E-02
    1999.448   1196.823  17.850  8.93978E-02  8.80115E-02  1.58671E-02
    2006.259   1203.633  17.900  8.81013E-02  8.70842E-02  1.17651E-02
    2013.088   1210.462  17.950  8.67335E-02  8.61570E-02  6.74070E-03
    2019.936   1217.311  18.000  8.53624E-02  8.52297E-02  1.56841E-03
    2026.804   1224.178  18.050  8.42125E-02  8.44671E-02 -3.03702E-03
    2033.690   1231.065  18.100  8.31542E-02  8.37046E-02 -6.62377E-03
    2040.596   1237.970  18.150  8.22052E-02  8.29420E-02 -8.94872E-03
    2047.521   1244.895  18.200  8.13654E-02  8.21794E-02 -9.97770E-03
    2054.464   1251.839  18.250  8.06204E-02  8.14168E-02 -9.85370E-03
    2061.427   1258.801  18.300  7.99448E-02  8.06543E-02 -8.86077E-03
    2068.409   1265.783  18.350  7.93064E-02  7.98917E-02 -7.37937E-03
    2075.410   1272.784  18.400  7.86717E-02  7.91291E-02 -5.82277E-03
    2082.430   1279.804  18.450  7.80124E-02  7.83665E-02 -4.55221E-03
    2089.469   1286.843  18.500  7.73123E-02  7.76040E-02 -3.78578E-03
    2096.527   1293.901  18.550  7.65720E-02  7.68414E-02 -3.53161E-03
    2103.604   1300.978  18.600  7.58086E-02  7.60788E-02 -3.57828E-03
    2110.700   1308.074  18.650  7.50501E-02  7.53162E-02 -3.55951E-03
    2117.815   1315.189  18.700  7.43256E-02  7.45536E-02 -3.08120E-03
    2124.949   1322.323  18.750  7.36541E-02  7.37911E-02 -1.86977E-03
    2132.102   1329.477  18.800  7.30367E-02  7.30285E-02  1.13787E-04
    2139.275   1336.649  18.850  7.24553E-02  7.22659E-02  2.64082E-03
    2146.466   1343.840  18.900  7.18780E-02  7.15033E-02  5.27892E-03
    2153.676   1351.051  18.950  7.12694E-02  7.07408E-02  7.52934E-03
    2160.906   1358.280  19.000  7.06021E-02  6.99782E-02  8.98334E-03
    2168.154   1365.529  19.050  7.00054E-02  6.93570E-02  9.41964E-03
    2175.422   1372.796  19.100  6.93413E-02  6.87358E-02  8.87674E-03
    2182.708   1380.083  19.150  6.86264E-02  6.81146E-02  7.57174E-03
    2190.014   1387.388  19.200  6.78802E-02  6.74933E-02  5.77477E-03
    2197.339   1394.713  19.250  6.71175E-02  6.68721E-02  3.69699E-03
    2204.683   1402.057  19.300  6.63458E-02  6.62509E-02  1.44248E-03
    2212.045   1409.420  19.350  6.55675E-02  6.56297E-02 -9.55179E-04
    2219.427   1416.802  19.400  6.47868E-02  6.50085E-02 -3.43658E-03
    2226.828   1424.202  19.450  6.40155E-02  6.43873E-02 -5.81917E-03
    2234.248   1431.622  19.500  6.32749E-02  6.37661E-02 -7.76372E-03
    2241.687   1439.061  19.550  6.25910E-02  6.31449E-02 -8.84079E-03
    2249.145   1446.519  19.600  6.19850E-02  6.25237E-02 -8.68422E-03
    2256.622   1453.996  19.650  6.14621E-02  6.19025E-02 -7.16966E-03
    2264.118   1461.493  19.700  6.10056E-02  6.12813E-02 -4.53319E-03
    2271.634   1469.008  19.750  6.05781E-02  6.06600E-02 -1.36096E-03
    2279.168   1476.542  19.800  6.01322E-02  6.00388E-02  1.56817E-03
    2286.721   1484.095  19.850  5.96262E-02  5.94176E-02  3.53916E-03
    2294.293   1491.668  19.900  5.90389E-02  5.87964E-02  4.15849E-03
    2301.885   1499.259  19.950  5.83774E-02  5.81752E-02  3.50395E-03
    2309.495   1506.870  20.000  5.76736E-02  5.75540E-02  2.09482E-03
