# # Once                                                         FEFF 9.6.4  
# # POT  SCF 100  5.0000   0, core-hole, AFOLP (folp(0)= 1.150)
# # Abs   Z=27 Rmt= 1.329 Rnm= 1.380 K  shell
# # Pot 1 Z=62 Rmt= 1.709 Rnm= 1.730
# # Pot 2 Z=27 Rmt= 1.337 Rnm= 1.389
# # Gam_ch=1.436E+00 H-L exch Vi= 0.000E+00 Vr= 0.000E+00
# # Mu=-1.765E+01 kf=2.076E+00 Vint=-2.674E+01 Rs_int= 1.747
# # PATH  Rmax= 8.000,  Keep_limit= 0.00, Heap_limit 0.00  Pwcrit= 2.50%
#  S02=0.900  Temp= 290.00  Debye_temp= 275.00  Global_sig2= 0.00000
#  Energy zero shift, vr, vi    0.00000E+00   0.00000E+00
#  Curved wave amplitude ratio filter   4.000%
#     file         sig2 tot  cw amp ratio   deg  nlegs   reff  inp sig2
#           1       0.01077    100.00      1.00     2   2.3187
#           2       0.01110    189.70      2.00     2   2.3819
#           3       0.01128     92.09      1.00     2   2.4178
#           4       0.01169    172.40      2.00     2   2.4993
#           5       0.01205    161.90      2.00     2   2.5777
#           6       0.01231    154.90      2.00     2   2.6342
#           7       0.00988     84.99      1.00     2   2.9778
#           8       0.00997     82.58      1.00     2   3.0236
#           9       0.01256     17.08      4.00     3   3.5908
#          10       0.01500     39.07      1.00     2   3.5914
#          11       0.01276     16.34      4.00     3   3.6435
#          12       0.01283     13.84      4.00     3   3.6586
#          13       0.01292     16.23      4.00     3   3.6827
#          14       0.01318     15.38      4.00     3   3.7567
#          15       0.01329     12.51      4.00     3   3.7857
#          16       0.01332      9.31      2.00     3   3.7873
#          17       0.01333     10.99      4.00     3   3.7936
#          18       0.01349     11.01      4.00     3   3.8431
#          19       0.01358     11.48      4.00     3   3.8718
#          20       0.01535     63.68      2.00     2   3.9151
#          21       0.01543     59.21      2.00     2   4.0346
#          22       0.01543     58.97      2.00     2   4.0415
#          23       0.01546     57.49      2.00     2   4.0837
#          24       0.01547     56.86      2.00     2   4.1022
#          25       0.01547     56.78      2.00     2   4.1045
#          26       0.01551     54.32      2.00     2   4.1793
#          27       0.01507     12.74      4.00     3   4.3078
#          28       0.01507     17.75      4.00     3   4.3078
#          29       0.01182      8.02      4.00     3   4.3137
#          30       0.01507      9.06      4.00     3   4.3734
#          31       0.01521      6.31      2.00     3   4.4010
#          32       0.01517     14.44      4.00     3   4.4101
#          33       0.01522     16.45      4.00     3   4.4112
#          34       0.01526      6.97      2.00     3   4.4193
#          35       0.01526      9.24      2.00     3   4.4194
#          36       0.01526      9.35      2.00     3   4.4194
#          37       0.01527     17.69      4.00     3   4.4341
#          38       0.01526     16.74      4.00     3   4.4357
#          39       0.01527     10.79      4.00     3   4.4689
#          40       0.01527     14.83      4.00     3   4.4689
#          41       0.01528     10.42      4.00     3   4.4759
#          42       0.01528     14.55      4.00     3   4.4759
#          43       0.01529     14.34      4.00     3   4.4886
#          44       0.01530      9.31      4.00     3   4.4982
#          45       0.01536      9.75      4.00     3   4.5396
#          46       0.01536     13.57      4.00     3   4.5396
#          47       0.01563     44.11      2.00     2   4.5418
#          48       0.01538      9.79      4.00     3   4.5523
#          49       0.01539     14.35      4.00     3   4.5582
#          50       0.01542     12.57      4.00     3   4.5907
#          51       0.01542     12.55      4.00     3   4.5907
#          52       0.01564     42.46      2.00     2   4.6102
#          53       0.01546      8.49      4.00     3   4.6229
#          54       0.04308      5.90      1.00     4   4.6374
#          55       0.01550      9.86      4.00     3   4.6395
#          56       0.01116     63.56      2.00     2   4.6815
#          57       0.01553     11.37      4.00     3   4.6835
#          58       0.01556     19.94      8.00     3   4.6853
#          59       0.01552      6.09      2.00     3   4.6886
#          60       0.01557      8.07      4.00     3   4.7168
#          61       0.01567     19.81      1.00     2   4.7365
#          62       0.01558     17.35      4.00     3   4.7558
#          63       0.01558     19.42      4.00     3   4.7626
#          64       0.01568     39.03      2.00     2   4.7637
#          65       0.01568     97.29      4.00     3   4.7637
#          66       0.04440     10.49      2.00     4   4.7637
#          67       0.01568     80.04      2.00     4   4.7637
#          68       0.02811      5.75      4.00     4   4.7997
#          69       0.01562     19.28      4.00     3   4.8121
#          70       0.02745      5.59      4.00     4   4.8180
#          71       0.04514      4.91      1.00     4   4.8356
#          72       0.01570     37.54      4.00     3   4.8629
#          73       0.01591     28.59      4.00     4   4.8811
#          74       0.02874      5.20      4.00     4   4.8811
#          75       0.01566     17.36      4.00     3   4.8905
#          76       0.01800      4.61      4.00     4   4.9595
#          77       0.02950      4.73      4.00     4   4.9595
#          78       0.01162     10.94      4.00     3   4.9937
#          79       0.04674      8.53      2.00     4   4.9985
#          80       0.01574     13.88      4.00     3   5.0025
#          82       0.01122     53.48      2.00     2   5.0174
#          83       0.01576     68.17      4.00     2   5.0174
#          84       0.01412     10.03      4.00     3   5.0294
#          85       0.01576     33.69      2.00     2   5.0394
#          86       0.01427     11.77      4.00     3   5.0440
#          87       0.01576     51.34      4.00     3   5.0472
#          88       0.01576     50.83      4.00     3   5.0472
#          89       0.01417      9.83      4.00     3   5.0667
#          91       0.01613     21.61      2.00     4   5.0769
#          92       0.01613     21.34      2.00     4   5.0769
#          93       0.03041      4.09      4.00     4   5.0769
#          94       0.01578     32.83      2.00     2   5.0891
#          95       0.01181     14.97      4.00     3   5.1004
#          96       0.01170     15.19      4.00     3   5.1014
#          97       0.01176     14.93      4.00     3   5.1034
#          98       0.01175      9.43      4.00     3   5.1137
#          99       0.01578     23.95      4.00     3   5.1145
#         100       0.04821      7.48      2.00     4   5.1553
#         101       0.01581     31.68      2.00     2   5.1577
#         102       0.01580     22.52      4.00     3   5.1667
#         103       0.01581     27.68      4.00     3   5.1726
#         104       0.01619      7.92      4.00     3   5.1812
#         105       0.01673      4.55      2.00     4   5.1895
#         106       0.01619      7.81      4.00     3   5.1996
#         107       0.01631     15.78      4.00     4   5.2119
#         108       0.01584     30.42      2.00     2   5.2371
#         109       0.01680      4.01      2.00     4   5.2443
#         110       0.04922      6.82      2.00     4   5.2684
#         111       0.01175     10.05      4.00     3   5.2782
#         112       0.01161     15.71      4.00     3   5.2781
#         113       0.01178      9.39      4.00     3   5.3012
#         114       0.01130     22.87      1.00     2   5.3341
#         115       0.01131     20.84      2.00     3   5.3382
#         116       0.01131     45.14      2.00     3   5.3382
#         117       0.01136     13.88      2.00     4   5.3423
#         118       0.01136     29.50      1.00     4   5.3423
#         119       0.01460     10.95      4.00     3   5.3524
#         120       0.01132     22.31      1.00     2   5.3854
#         121       0.01133     19.95      2.00     3   5.3905
#         122       0.01133     42.62      2.00     3   5.3905
#         123       0.01140     13.01      2.00     4   5.3956
#         124       0.01140     26.90      1.00     4   5.3956
#         125       0.01465     10.58      4.00     3   5.4229
#         126       0.01186     12.11      4.00     3   5.4265
#         127       0.01600     26.12      2.00     2   5.5403
#         128       0.01524     21.19      4.00     3   5.5566
#         129       0.01601     25.84      2.00     2   5.5626
#         130       0.01603     25.39      2.00     2   5.5983
#         132       0.01605     25.13      2.00     2   5.6194
#         133       0.01529     19.77      4.00     3   5.6422
#         134       0.01573     31.03      4.00     3   5.8078
#         135       0.01574     29.95      4.00     3   5.8346
#         136       0.01559     21.77      4.00     3   5.8517
#         137       0.01558     19.71      4.00     3   5.8991
#         138       0.01624     10.93      1.00     2   5.9101
#         139       0.01621     35.79      2.00     3   5.9328
#         141       0.01635     28.09      1.00     4   5.9556
#         142       0.01778      4.54      2.00     4   5.9556
#         143       0.01631     20.96      2.00     2   5.9988
#         144       0.01632     20.88      2.00     2   6.0077
#         145       0.01632     31.29      3.00     2   6.0093
#         146       0.01051      8.46      4.00     3   6.0167
#         147       0.01707     11.51      2.00     4   6.0174
#         148       0.01629     35.59      2.00     3   6.0282
#         149       0.01634     20.57      2.00     2   6.0389
#         151       0.01641     29.08      1.00     4   6.0473
#         152       0.01636      7.62      4.00     3   6.0487
#         153       0.01712     10.82      2.00     4   6.0497
#         154       0.01635     40.90      4.00     2   6.0520
#         155       0.01636     20.33      2.00     2   6.0643
#         156       0.01636     20.28      2.00     2   6.0703
#         157       0.01640     11.68      4.00     3   6.1032
#         158       0.01643     13.38      4.00     3   6.1479
#         159       0.01643     12.80      4.00     3   6.1479
#         160       0.01644      8.35      4.00     3   6.1599
#         161       0.01759      5.25      2.00     4   6.1631
#         162       0.01644      9.00      4.00     3   6.1745
#         163       0.01644      8.95      4.00     3   6.1745
#         164       0.01645      7.19      4.00     3   6.1849
#         165       0.01645     19.21      2.00     2   6.1877
#         166       0.01645      8.30      4.00     3   6.2006
#         167       0.01645      6.89      4.00     3   6.2006
#         168       0.01747      4.45      4.00     4   6.2256
#         171       0.01649     18.79      2.00     2   6.2352
#         172       0.01774      4.39      2.00     4   6.2356
#         173       0.01648      7.79      4.00     3   6.2466
#         174       0.01651      7.90      4.00     3   6.2491
#         175       0.01651      6.52      4.00     3   6.2491
#         176       0.01651      7.56      4.00     3   6.2550
#         177       0.01654      7.24      4.00     3   6.2674
#         178       0.01651      7.58      4.00     3   6.2811
#         179       0.01651      6.46      4.00     3   6.2811
#         180       0.01655      6.79      4.00     3   6.2831
#         181       0.01653     10.48      4.00     3   6.2987
#         182       0.01653     36.48      4.00     2   6.3011
#         183       0.01654      8.81      4.00     3   6.3039
#         184       0.01657      5.73      4.00     3   6.3175
#         185       0.01657      6.56      4.00     3   6.3175
#         186       0.01655     18.09      2.00     2   6.3196
#         187       0.01658      9.09      4.00     3   6.3335
#         188       0.01656      9.39      4.00     3   6.3371
#         189       0.01656      7.70      4.00     3   6.3371
#         190       0.01661      5.01      4.00     3   6.3394
#         191       0.01661      5.37      4.00     3   6.3394
#         192       0.01662      5.06      4.00     3   6.3458
#         193       0.01662      5.41      4.00     3   6.3458
#         194       0.01662      4.86      4.00     3   6.3488
#         195       0.01663      5.86      4.00     3   6.3579
#         196       0.01662      5.27      4.00     3   6.3594
#         197       0.01662      5.58      4.00     3   6.3594
#         199       0.01665      4.60      4.00     3   6.3732
#         200       0.01665      4.88      4.00     3   6.3732
#         201       0.01660     13.58      4.00     3   6.3835
#         202       0.01661      6.83      4.00     3   6.3880
#         203       0.01661      7.13      4.00     3   6.3880
#         204       0.01663      4.92      4.00     3   6.3926
#         208       0.01664      8.79      4.00     3   6.4277
#         209       0.01670      4.30      4.00     3   6.4327
#         210       0.01663     17.19      2.00     2   6.4334
#         211       0.01668      4.45      4.00     3   6.4348
#         212       0.01666      8.30      4.00     3   6.4424
#         215       0.01667      6.45      4.00     3   6.4567
#         216       0.01667      6.66      4.00     3   6.4567
#         218       0.01666     17.93      4.00     3   6.4768
#         219       0.01667     16.82      2.00     2   6.4814
#         224       0.01721      5.64      2.00     4   6.5201
#         226       0.01671     11.61      4.00     3   6.5426
#         227       0.01671     13.17      4.00     3   6.5426
#         228       0.01676      5.73      4.00     3   6.5462
#         229       0.01676      5.03      4.00     3   6.5573
#         230       0.01676      5.62      4.00     3   6.5573
#   211/ 221 paths used
#  xsedge+50, used to normalize mu           2.9122E-04
#  -----------------------------------------------------------------------
#  omega    e    k    mu    mu0     chi     @#
    7719.206    -17.655   0.000  1.74669E-01  3.10743E-01 -2.47858E-01
    7719.216    -17.645   0.050  1.80321E-01  3.15818E-01 -2.46361E-01
    7719.244    -17.617   0.100  1.86092E-01  3.20894E-01 -2.44651E-01
    7719.292    -17.569   0.150  2.03271E-01  3.35899E-01 -2.39400E-01
    7719.359    -17.502   0.200  2.21390E-01  3.50903E-01 -2.32517E-01
    7719.444    -17.417   0.250  2.49509E-01  3.74124E-01 -2.21761E-01
    7719.549    -17.312   0.300  2.79605E-01  3.97346E-01 -2.07705E-01
    7719.673    -17.188   0.350  3.14903E-01  4.24028E-01 -1.90238E-01
    7719.816    -17.045   0.400  3.52901E-01  4.50711E-01 -1.68524E-01
    7719.978    -16.883   0.450  3.93321E-01  4.75881E-01 -1.40196E-01
    7720.159    -16.702   0.500  4.36325E-01  5.01051E-01 -1.08349E-01
    7720.359    -16.502   0.550  4.78952E-01  5.22959E-01 -7.24498E-02
    7720.578    -16.283   0.600  5.20857E-01  5.44867E-01 -3.88864E-02
    7720.816    -16.045   0.650  5.54823E-01  5.64096E-01 -1.47473E-02
    7721.073    -15.788   0.700  5.83657E-01  5.83326E-01  5.17433E-04
    7721.349    -15.512   0.750  6.00224E-01  6.00871E-01 -9.91493E-04
    7721.645    -15.216   0.800  6.09249E-01  6.18417E-01 -1.37834E-02
    7721.959    -14.902   0.850  6.06567E-01  6.34979E-01 -4.18801E-02
    7722.292    -14.569   0.900  5.97134E-01  6.51541E-01 -7.86553E-02
    7722.645    -14.216   0.950  5.80186E-01  6.67472E-01 -1.23712E-01
    7723.016    -13.845   1.000  5.60417E-01  6.83402E-01 -1.70957E-01
    7723.407    -13.454   1.050  5.39703E-01  6.98820E-01 -2.16931E-01
    7723.816    -13.045   1.100  5.21526E-01  7.14237E-01 -2.57778E-01
    7724.245    -12.616   1.150  5.08258E-01  7.29097E-01 -2.89963E-01
    7724.693    -12.168   1.200  5.01718E-01  7.43956E-01 -3.12308E-01
    7725.159    -11.702   1.250  5.02783E-01  7.58164E-01 -3.23544E-01
    7725.645    -11.216   1.300  5.12486E-01  7.72371E-01 -3.23641E-01
    7726.150    -10.711   1.350  5.29676E-01  7.85771E-01 -3.13820E-01
    7726.674    -10.187   1.400  5.54938E-01  7.99170E-01 -2.94574E-01
    7727.217     -9.644   1.450  5.86099E-01  8.11620E-01 -2.68075E-01
    7727.779     -9.082   1.500  6.23427E-01  8.24069E-01 -2.35104E-01
    7728.360     -8.501   1.550  6.64307E-01  8.35429E-01 -1.97950E-01
    7728.960     -7.901   1.600  7.09135E-01  8.46790E-01 -1.57225E-01
    7729.579     -7.282   1.650  7.55601E-01  8.56947E-01 -1.14470E-01
    7730.217     -6.644   1.700  8.04251E-01  8.67104E-01 -7.02127E-02
    7730.874     -5.987   1.750  8.53399E-01  8.75997E-01 -2.50089E-02
    7731.551     -5.310   1.800  9.02934E-01  8.84891E-01  1.97829E-02
    7732.246     -4.615   1.850  9.50849E-01  8.92459E-01  6.35322E-02
    7732.960     -3.901   1.900  9.95589E-01  9.00027E-01  1.03191E-01
    7733.694     -3.167   1.950  1.03431E+00  9.06223E-01  1.37484E-01
    7734.446     -2.415   2.000  1.06474E+00  9.12419E-01  1.62526E-01
    7735.218     -1.643   2.050  1.08516E+00  9.16728E-01  1.79039E-01
    7736.008     -0.853   2.100  1.09214E+00  9.21038E-01  1.81204E-01
    7736.818     -0.043   2.150  1.08521E+00  9.25347E-01  1.68673E-01
    7737.647      0.786   2.200  1.06585E+00  9.29656E-01  1.43175E-01
    7738.494      1.633   2.250  1.03209E+00  9.30954E-01  1.06324E-01
    7739.361      2.500   2.300  9.92139E-01  9.32252E-01  6.29654E-02
    7740.247      3.386   2.350  9.52651E-01  9.33551E-01  2.00841E-02
    7741.152      4.291   2.400  9.19393E-01  9.34849E-01 -1.62525E-02
    7742.076      5.215   2.450  8.99950E-01  9.39459E-01 -4.14765E-02
    7743.019      6.158   2.500  8.90839E-01  9.44069E-01 -5.57886E-02
    7743.981      7.120   2.550  8.91836E-01  9.48679E-01 -5.94762E-02
    7744.962      8.101   2.600  9.00638E-01  9.53290E-01 -5.49982E-02
    7745.962      9.101   2.650  9.09806E-01  9.57392E-01 -4.95446E-02
    7746.981     10.120   2.700  9.22207E-01  9.61493E-01 -4.07715E-02
    7748.019     11.158   2.750  9.35698E-01  9.65595E-01 -3.09274E-02
    7749.077     12.215   2.800  9.48671E-01  9.69697E-01 -2.16804E-02
    7750.153     13.292   2.850  9.57861E-01  9.72009E-01 -1.45519E-02
    7751.248     14.387   2.900  9.65697E-01  9.74321E-01 -8.84805E-03
    7752.363     15.502   2.950  9.72308E-01  9.76633E-01 -4.42634E-03
    7753.496     16.635   3.000  9.78241E-01  9.78945E-01 -7.18482E-04
    7754.649     17.788   3.050  9.82554E-01  9.80648E-01  1.94172E-03
    7755.820     18.959   3.100  9.87448E-01  9.82351E-01  5.18233E-03
    7757.011     20.150   3.150  9.93405E-01  9.84053E-01  9.48699E-03
    7758.221     21.359   3.200  1.00057E+00  9.85756E-01  1.49970E-02
    7759.449     22.588   3.250  1.00681E+00  9.86456E-01  2.05650E-02
    7760.697     23.836   3.300  1.01379E+00  9.87156E-01  2.68708E-02
    7761.964     25.103   3.350  1.02090E+00  9.87855E-01  3.32789E-02
    7763.250     26.389   3.400  1.02736E+00  9.88555E-01  3.90058E-02
    7764.555     27.694   3.450  1.03260E+00  9.89301E-01  4.34737E-02
    7765.879     29.017   3.500  1.03582E+00  9.90047E-01  4.59025E-02
    7767.222     30.361   3.550  1.03647E+00  9.90793E-01  4.57542E-02
    7768.584     31.723   3.600  1.03424E+00  9.91539E-01  4.27273E-02
    7769.965     33.104   3.650  1.02835E+00  9.91757E-01  3.65643E-02
    7771.365     34.504   3.700  1.01975E+00  9.91974E-01  2.77240E-02
    7772.784     35.923   3.750  1.00892E+00  9.92191E-01  1.66748E-02
    7774.223     37.361   3.800  9.96491E-01  9.92408E-01  4.06531E-03
    7775.680     38.819   3.850  9.83487E-01  9.93022E-01 -9.48387E-03
    7777.156     40.295   3.900  9.70842E-01  9.93636E-01 -2.26477E-02
    7778.652     41.790   3.950  9.59523E-01  9.94251E-01 -3.44675E-02
    7780.166     43.305   4.000  9.50418E-01  9.94865E-01 -4.40683E-02
    7781.700     44.838   4.050  9.44517E-01  9.95301E-01 -5.02969E-02
    7783.252     46.391   4.100  9.42181E-01  9.95737E-01 -5.29854E-02
    7784.824     47.963   4.150  9.43487E-01  9.96173E-01 -5.20679E-02
    7786.414     49.553   4.200  9.48175E-01  9.96609E-01 -4.78148E-02
    7788.024     51.163   4.250  9.56184E-01  9.97199E-01 -4.04527E-02
    7789.653     52.792   4.300  9.66095E-01  9.97790E-01 -3.12302E-02
    7791.301     54.440   4.350  9.76897E-01  9.98380E-01 -2.11475E-02
    7792.968     56.106   4.400  9.87581E-01  9.98970E-01 -1.12015E-02
    7794.654     57.792   4.450  9.97329E-01  9.99609E-01 -2.24074E-03
    7796.359     59.497   4.500  1.00529E+00  1.00025E+00  4.94626E-03
    7798.083     61.221   4.550  1.01111E+00  1.00089E+00  1.00255E-02
    7799.826     62.964   4.600  1.01477E+00  1.00153E+00  1.29800E-02
    7801.588     64.727   4.650  1.01618E+00  1.00192E+00  1.39699E-02
    7803.369     66.508   4.700  1.01617E+00  1.00232E+00  1.35609E-02
    7805.169     68.308   4.750  1.01534E+00  1.00272E+00  1.23580E-02
    7806.988     70.127   4.800  1.01431E+00  1.00312E+00  1.09520E-02
    7808.827     71.966   4.850  1.01339E+00  1.00340E+00  9.77022E-03
    7810.684     73.823   4.900  1.01313E+00  1.00369E+00  9.22525E-03
    7812.561     75.699   4.950  1.01366E+00  1.00398E+00  9.46157E-03
    7814.456     77.595   5.000  1.01496E+00  1.00427E+00  1.04535E-02
    7816.370     79.509   5.050  1.01653E+00  1.00430E+00  1.19618E-02
    7818.304     81.443   5.100  1.01847E+00  1.00432E+00  1.38243E-02
    7820.257     83.395   5.150  1.02049E+00  1.00435E+00  1.57773E-02
    7822.228     85.367   5.200  1.02234E+00  1.00438E+00  1.75569E-02
    7824.219     87.358   5.250  1.02337E+00  1.00414E+00  1.88121E-02
    7826.229     89.368   5.300  1.02375E+00  1.00390E+00  1.94172E-02
    7828.258     91.396   5.350  1.02321E+00  1.00366E+00  1.91346E-02
    7830.306     93.444   5.400  1.02152E+00  1.00342E+00  1.77234E-02
    7832.372     95.511   5.450  1.01819E+00  1.00292E+00  1.49613E-02
    7834.458     97.597   5.500  1.01340E+00  1.00243E+00  1.07595E-02
    7836.563     99.702   5.550  1.00715E+00  1.00193E+00  5.11757E-03
    7838.687    101.826   5.600  9.99639E-01  1.00143E+00 -1.76298E-03
    7840.831    103.969   5.650  9.91133E-01  1.00069E+00 -9.39050E-03
    7842.993    106.132   5.700  9.82564E-01  9.99944E-01 -1.70922E-02
    7845.174    108.313   5.750  9.74799E-01  9.99199E-01 -2.40163E-02
    7847.374    110.513   5.800  9.68750E-01  9.98453E-01 -2.92613E-02
    7849.594    112.732   5.850  9.65160E-01  9.97590E-01 -3.19812E-02
    7851.832    114.971   5.900  9.64593E-01  9.96726E-01 -3.17227E-02
    7854.089    117.228   5.950  9.67121E-01  9.95863E-01 -2.84058E-02
    7856.366    119.505   6.000  9.72339E-01  9.94999E-01 -2.24198E-02
    7858.661    121.800   6.050  9.79354E-01  9.94012E-01 -1.45185E-02
    7860.976    124.115   6.100  9.87033E-01  9.93024E-01 -5.94136E-03
    7863.309    126.448   6.150  9.94137E-01  9.92036E-01  2.08599E-03
    7865.662    128.801   6.200  9.99593E-01  9.91049E-01  8.49366E-03
    7868.034    131.173   6.250  1.00269E+00  9.90061E-01  1.25665E-02
    7870.425    133.563   6.300  1.00319E+00  9.89073E-01  1.40635E-02
    7872.834    135.973   6.350  1.00135E+00  9.88086E-01  1.32337E-02
    7875.263    138.402   6.400  9.97838E-01  9.87098E-01  1.07261E-02
    7877.711    140.850   6.450  9.93532E-01  9.86110E-01  7.42134E-03
    7880.178    143.317   6.500  9.89344E-01  9.85123E-01  4.22613E-03
    7882.664    145.803   6.550  9.86138E-01  9.84201E-01  1.94213E-03
    7885.169    148.308   6.600  9.84266E-01  9.83279E-01  9.91228E-04
    7887.693    150.832   6.650  9.83762E-01  9.82356E-01  1.41174E-03
    7890.237    153.375   6.700  9.84318E-01  9.81434E-01  2.90010E-03
    7892.799    155.938   6.750  9.85403E-01  9.80512E-01  4.92548E-03
    7895.380    158.519   6.800  9.86416E-01  9.79590E-01  6.88163E-03
    7897.980    161.119   6.850  9.86826E-01  9.78668E-01  8.23497E-03
    7900.600    163.739   6.900  9.86290E-01  9.77746E-01  8.63458E-03
    7903.238    166.377   6.950  9.84695E-01  9.76824E-01  7.96374E-03
    7905.896    169.034   7.000  9.82151E-01  9.75901E-01  6.33026E-03
    7908.572    171.711   7.050  9.79047E-01  9.75090E-01  4.01329E-03
    7911.268    174.406   7.100  9.75531E-01  9.74278E-01  1.27244E-03
    7913.982    177.121   7.150  9.71958E-01  9.73466E-01 -1.53246E-03
    7916.716    179.855   7.200  9.68643E-01  9.72654E-01 -4.08166E-03
    7919.469    182.607   7.250  9.65820E-01  9.71842E-01 -6.13602E-03
    7922.240    185.379   7.300  9.63626E-01  9.71030E-01 -7.55224E-03
    7925.031    188.170   7.350  9.62113E-01  9.70218E-01 -8.27724E-03
    7927.841    190.980   7.400  9.61259E-01  9.69406E-01 -8.33005E-03
    7930.670    193.809   7.450  9.60994E-01  9.68594E-01 -7.78003E-03
    7933.518    196.657   7.500  9.61218E-01  9.67782E-01 -6.72831E-03
    7936.385    199.524   7.550  9.61737E-01  9.66900E-01 -5.29901E-03
    7939.271    202.410   7.600  9.62551E-01  9.66019E-01 -3.56431E-03
    7942.176    205.315   7.650  9.63493E-01  9.65137E-01 -1.69156E-03
    7945.100    208.239   7.700  9.64390E-01  9.64256E-01  1.38542E-04
    7948.044    211.182   7.750  9.65071E-01  9.63374E-01  1.75075E-03
    7951.006    214.145   7.800  9.65392E-01  9.62492E-01  2.99620E-03
    7953.987    217.126   7.850  9.65256E-01  9.61611E-01  3.77166E-03
    7956.987    220.126   7.900  9.64622E-01  9.60729E-01  4.03314E-03
    7960.007    223.146   7.950  9.63511E-01  9.59847E-01  3.80092E-03
    7963.045    226.184   8.000  9.62003E-01  9.58966E-01  3.15509E-03
    7966.103    229.242   8.050  9.60081E-01  9.57948E-01  2.21969E-03
    7969.179    232.318   8.100  9.58030E-01  9.56929E-01  1.14716E-03
    7972.275    235.414   8.150  9.56011E-01  9.55911E-01  1.04596E-04
    7975.390    238.529   8.200  9.54162E-01  9.54893E-01 -7.63281E-04
    7978.523    241.662   8.250  9.52580E-01  9.53874E-01 -1.35491E-03
    7981.676    244.815   8.300  9.51308E-01  9.52856E-01 -1.62233E-03
    7984.848    247.987   8.350  9.50341E-01  9.51838E-01 -1.57059E-03
    7988.039    251.178   8.400  9.49632E-01  9.50820E-01 -1.24815E-03
    7991.249    254.388   8.450  9.49106E-01  9.49801E-01 -7.32177E-04
    7994.478    257.617   8.500  9.48676E-01  9.48783E-01 -1.12570E-04
    7997.726    260.865   8.550  9.48185E-01  9.47692E-01  5.20553E-04
    8000.993    264.132   8.600  9.47630E-01  9.46601E-01  1.08792E-03
    8004.279    267.418   8.650  9.46960E-01  9.45509E-01  1.53536E-03
    8007.584    270.723   8.700  9.46149E-01  9.44418E-01  1.83380E-03
    8010.908    274.047   8.750  9.45190E-01  9.43327E-01  1.97595E-03
    8014.252    277.390   8.800  9.44090E-01  9.42236E-01  1.96994E-03
    8017.614    280.753   8.850  9.42867E-01  9.41144E-01  1.83219E-03
    8020.995    284.134   8.900  9.41539E-01  9.40053E-01  1.58177E-03
    8024.396    287.534   8.950  9.40123E-01  9.38962E-01  1.23749E-03
    8027.815    290.954   9.000  9.38637E-01  9.37871E-01  8.17862E-04
    8031.254    294.392   9.050  9.37130E-01  9.36801E-01  3.50760E-04
    8034.711    297.850   9.100  9.35588E-01  9.35732E-01 -1.54291E-04
    8038.188    301.327   9.150  9.34033E-01  9.34663E-01 -6.74832E-04
    8041.683    304.822   9.200  9.32491E-01  9.33594E-01 -1.18265E-03
    8045.198    308.337   9.250  9.30992E-01  9.32525E-01 -1.64531E-03
    8048.732    311.871   9.300  9.29566E-01  9.31456E-01 -2.02966E-03
    8052.285    315.424   9.350  9.28242E-01  9.30387E-01 -2.30603E-03
    8055.857    318.995   9.400  9.27040E-01  9.29318E-01 -2.45181E-03
    8059.447    322.586   9.450  9.25971E-01  9.28248E-01 -2.45344E-03
    8063.057    326.196   9.500  9.25041E-01  9.27179E-01 -2.30671E-03
    8066.686    329.825   9.550  9.24341E-01  9.26214E-01 -2.02251E-03
    8070.335    333.473   9.600  9.23766E-01  9.25249E-01 -1.60187E-03
    8074.002    337.140   9.650  9.23296E-01  9.24284E-01 -1.06800E-03
    8077.688    340.827   9.700  9.22900E-01  9.23318E-01 -4.53460E-04
    8081.393    344.532   9.750  9.22538E-01  9.22353E-01  2.00316E-04
    8085.117    348.256   9.800  9.22166E-01  9.21388E-01  8.44063E-04
    8088.861    351.999   9.850  9.21734E-01  9.20423E-01  1.42356E-03
    8092.623    355.762   9.900  9.21193E-01  9.19458E-01  1.88496E-03
    8096.404    359.543   9.950  9.20500E-01  9.18492E-01  2.18254E-03
    8100.205    363.344  10.000  9.19629E-01  9.17527E-01  2.28747E-03
    8104.024    367.163  10.050  9.18500E-01  9.16467E-01  2.21541E-03
    8107.863    371.002  10.100  9.17213E-01  9.15406E-01  1.97129E-03
    8111.720    374.859  10.150  9.15810E-01  9.14346E-01  1.59915E-03
    8115.597    378.736  10.200  9.14345E-01  9.13285E-01  1.15919E-03
    8119.493    382.632  10.250  9.12878E-01  9.12224E-01  7.15739E-04
    8123.408    386.546  10.300  9.11459E-01  9.11164E-01  3.23382E-04
    8127.341    390.480  10.350  9.10117E-01  9.10103E-01  1.51358E-05
    8131.294    394.433  10.400  9.08857E-01  9.09043E-01 -2.03975E-04
    8135.266    398.405  10.450  9.07659E-01  9.07982E-01 -3.55592E-04
    8139.257    402.396  10.500  9.06486E-01  9.06922E-01 -4.78870E-04
    8143.267    406.406  10.550  9.05302E-01  9.05861E-01 -6.15781E-04
    8147.296    410.435  10.600  9.04080E-01  9.04801E-01 -7.95074E-04
    8151.344    414.483  10.650  9.02816E-01  9.03740E-01 -1.01985E-03
    8155.411    418.550  10.700  9.01537E-01  9.02679E-01 -1.26291E-03
    8159.498    422.636  10.750  9.00289E-01  9.01619E-01 -1.47184E-03
    8163.603    426.742  10.800  8.99129E-01  9.00558E-01 -1.58300E-03
    8167.727    430.866  10.850  8.98109E-01  8.99498E-01 -1.54053E-03
    8171.871    435.009  10.900  8.97253E-01  8.98437E-01 -1.31485E-03
    8176.033    439.172  10.950  8.96553E-01  8.97377E-01 -9.15079E-04
    8180.214    443.353  11.000  8.95965E-01  8.96316E-01 -3.91142E-04
    8184.415    447.554  11.050  8.95222E-01  8.95077E-01  1.61927E-04
    8188.635    451.773  11.100  8.94454E-01  8.93837E-01  6.87978E-04
    8192.873    456.012  11.150  8.93584E-01  8.92598E-01  1.10169E-03
    8197.131    460.270  11.200  8.92554E-01  8.91358E-01  1.33839E-03
    8201.407    464.546  11.250  8.91340E-01  8.90118E-01  1.36874E-03
    8205.703    468.842  11.300  8.89953E-01  8.88879E-01  1.20481E-03
    8210.018    473.157  11.350  8.88437E-01  8.87639E-01  8.96174E-04
    8214.352    477.491  11.400  8.86860E-01  8.86400E-01  5.17086E-04
    8218.705    481.844  11.450  8.85292E-01  8.85160E-01  1.48251E-04
    8223.077    486.216  11.500  8.83795E-01  8.83921E-01 -1.41924E-04
    8227.468    490.607  11.550  8.82405E-01  8.82681E-01 -3.11769E-04
    8231.878    495.017  11.600  8.81130E-01  8.81442E-01 -3.53041E-04
    8236.307    499.446  11.650  8.79947E-01  8.80202E-01 -2.88687E-04
    8240.755    503.894  11.700  8.78819E-01  8.78963E-01 -1.62985E-04
    8245.222    508.361  11.750  8.77699E-01  8.77723E-01 -2.73586E-05
    8249.709    512.847  11.800  8.76549E-01  8.76484E-01  7.39467E-05
    8254.214    517.353  11.850  8.75345E-01  8.75244E-01  1.14469E-04
    8258.738    521.877  11.900  8.74083E-01  8.74005E-01  8.99772E-05
    8263.282    526.420  11.950  8.72779E-01  8.72765E-01  1.62989E-05
    8267.844    530.983  12.000  8.71457E-01  8.71526E-01 -7.80251E-05
    8272.426    535.564  12.050  8.70137E-01  8.70282E-01 -1.66242E-04
    8277.026    540.165  12.100  8.68843E-01  8.69039E-01 -2.24489E-04
    8281.646    544.785  12.150  8.67589E-01  8.67795E-01 -2.37255E-04
    8286.284    549.423  12.200  8.66376E-01  8.66552E-01 -2.02630E-04
    8290.942    554.081  12.250  8.65195E-01  8.65309E-01 -1.31569E-04
    8295.619    558.758  12.300  8.64027E-01  8.64065E-01 -4.37953E-05
    8300.315    563.453  12.350  8.62855E-01  8.62822E-01  3.81701E-05
    8305.030    568.168  12.400  8.61661E-01  8.61579E-01  9.50610E-05
    8309.763    572.902  12.450  8.60435E-01  8.60335E-01  1.15407E-04
    8314.516    577.655  12.500  8.59176E-01  8.59092E-01  9.75796E-05
    8319.288    582.427  12.550  8.57891E-01  8.57849E-01  4.91498E-05
    8324.079    587.218  12.600  8.56592E-01  8.56605E-01 -1.59006E-05
    8328.890    592.028  12.650  8.55292E-01  8.55362E-01 -8.11229E-05
    8333.719    596.858  12.700  8.54006E-01  8.54118E-01 -1.31572E-04
    8338.567    601.706  12.750  8.52741E-01  8.52875E-01 -1.56867E-04
    8343.434    606.573  12.800  8.51501E-01  8.51632E-01 -1.52802E-04
    8348.320    611.459  12.850  8.50285E-01  8.50388E-01 -1.21395E-04
    8353.226    616.365  12.900  8.49086E-01  8.49145E-01 -6.96646E-05
    8358.150    621.289  12.950  8.47895E-01  8.47902E-01 -7.59790E-06
    8363.094    626.233  13.000  8.46704E-01  8.46658E-01  5.41234E-05
    8368.056    631.195  13.050  8.45436E-01  8.45343E-01  1.09986E-04
    8373.038    636.177  13.100  8.44155E-01  8.44027E-01  1.50287E-04
    8378.038    641.177  13.150  8.42857E-01  8.42712E-01  1.71588E-04
    8383.058    646.197  13.200  8.41544E-01  8.41397E-01  1.73984E-04
    8388.097    651.236  13.250  8.40217E-01  8.40081E-01  1.60501E-04
    8393.154    656.293  13.300  8.38880E-01  8.38766E-01  1.36034E-04
    8398.231    661.370  13.350  8.37540E-01  8.37450E-01  1.06077E-04
    8403.327    666.466  13.400  8.36198E-01  8.36135E-01  7.54997E-05
    8408.442    671.581  13.450  8.34859E-01  8.34820E-01  4.76104E-05
    8413.576    676.715  13.500  8.33524E-01  8.33504E-01  2.36931E-05
    8418.729    681.868  13.550  8.32191E-01  8.32189E-01  3.09174E-06
    8423.901    687.040  13.600  8.30860E-01  8.30873E-01 -1.61819E-05
    8429.092    692.231  13.650  8.29528E-01  8.29558E-01 -3.64772E-05
    8434.302    697.441  13.700  8.28193E-01  8.28242E-01 -5.94290E-05
    8439.531    702.670  13.750  8.26856E-01  8.26927E-01 -8.50821E-05
    8444.780    707.919  13.800  8.25519E-01  8.25612E-01 -1.11487E-04
    8450.047    713.186  13.850  8.24185E-01  8.24296E-01 -1.34922E-04
    8455.333    718.472  13.900  8.22856E-01  8.22981E-01 -1.50729E-04
    8460.639    723.778  13.950  8.21538E-01  8.21665E-01 -1.54549E-04
    8465.963    729.102  14.000  8.20232E-01  8.20350E-01 -1.43628E-04
    8471.307    734.446  14.050  8.18874E-01  8.18973E-01 -1.19948E-04
    8476.669    739.808  14.100  8.17527E-01  8.17595E-01 -8.26792E-05
    8482.051    745.190  14.150  8.16188E-01  8.16218E-01 -3.63050E-05
    8487.452    750.590  14.200  8.14851E-01  8.14840E-01  1.29805E-05
    8492.871    756.010  14.250  8.13511E-01  8.13463E-01  5.85110E-05
    8498.310    761.449  14.300  8.12163E-01  8.12086E-01  9.45065E-05
    8503.768    766.907  14.350  8.10804E-01  8.10708E-01  1.17208E-04
    8509.245    772.384  14.400  8.09433E-01  8.09331E-01  1.25502E-04
    8514.741    777.879  14.450  8.08051E-01  8.07953E-01  1.20890E-04
    8520.256    783.394  14.500  8.06663E-01  8.06576E-01  1.06837E-04
    8525.790    788.928  14.550  8.05270E-01  8.05199E-01  8.76978E-05
    8531.343    794.481  14.600  8.03876E-01  8.03821E-01  6.75420E-05
    8536.915    800.054  14.650  8.02484E-01  8.02444E-01  4.92002E-05
    8542.506    805.645  14.700  8.01094E-01  8.01067E-01  3.37848E-05
    8548.116    811.255  14.750  7.99706E-01  7.99689E-01  2.07840E-05
    8553.745    816.884  14.800  7.98319E-01  7.98312E-01  8.65412E-06
    8559.394    822.532  14.850  7.96931E-01  7.96934E-01 -4.31074E-06
    8565.061    828.200  14.900  7.95542E-01  7.95557E-01 -1.91262E-05
    8570.747    833.886  14.950  7.94151E-01  7.94180E-01 -3.55573E-05
    8576.453    839.592  15.000  7.92761E-01  7.92802E-01 -5.20220E-05
    8582.177    845.316  15.050  7.91371E-01  7.91425E-01 -6.82179E-05
    8587.921    851.060  15.100  7.89985E-01  7.90048E-01 -7.98605E-05
    8593.683    856.822  15.150  7.88605E-01  7.88671E-01 -8.41620E-05
    8599.465    862.604  15.200  7.87231E-01  7.87294E-01 -7.93834E-05
    8605.266    868.405  15.250  7.85866E-01  7.85917E-01 -6.53894E-05
    8611.086    874.224  15.300  7.84506E-01  7.84540E-01 -4.38123E-05
    8616.924    880.063  15.350  7.83149E-01  7.83163E-01 -1.77771E-05
    8622.782    885.921  15.400  7.81793E-01  7.81786E-01  8.74342E-06
    8628.659    891.798  15.450  7.80434E-01  7.80409E-01  3.17730E-05
    8634.555    897.694  15.500  7.79070E-01  7.79032E-01  4.81623E-05
    8640.470    903.609  15.550  7.77699E-01  7.77655E-01  5.61989E-05
    8646.404    909.543  15.600  7.76322E-01  7.76278E-01  5.58574E-05
    8652.357    915.496  15.650  7.74939E-01  7.74901E-01  4.86489E-05
    8658.329    921.468  15.700  7.73553E-01  7.73524E-01  3.71336E-05
    8664.321    927.459  15.750  7.72166E-01  7.72147E-01  2.42387E-05
    8670.331    933.470  15.800  7.70780E-01  7.70770E-01  1.25673E-05
    8676.360    939.499  15.850  7.69396E-01  7.69393E-01  3.86716E-06
    8682.408    945.547  15.900  7.68015E-01  7.68016E-01 -1.22515E-06
    8688.476    951.615  15.950  7.66637E-01  7.66639E-01 -3.12856E-06
    8694.562    957.701  16.000  7.65260E-01  7.65262E-01 -3.00131E-06
    8700.668    963.807  16.050  7.63831E-01  7.63833E-01 -2.28073E-06
    8706.792    969.931  16.100  7.62401E-01  7.62403E-01 -2.14595E-06
    8712.936    976.075  16.150  7.60971E-01  7.60974E-01 -3.49051E-06
    8719.099    982.237  16.200  7.59539E-01  7.59544E-01 -6.58115E-06
    8725.280    988.419  16.250  7.58106E-01  7.58115E-01 -1.09999E-05
    8731.481    994.620  16.300  7.56673E-01  7.56685E-01 -1.57765E-05
    8737.701   1000.840  16.350  7.55241E-01  7.55256E-01 -1.96667E-05
    8743.940   1007.079  16.400  7.53810E-01  7.53826E-01 -2.14978E-05
    8750.198   1013.336  16.450  7.52382E-01  7.52397E-01 -2.04891E-05
    8756.475   1019.613  16.500  7.50955E-01  7.50968E-01 -1.64665E-05
    8762.771   1025.909  16.550  7.49531E-01  7.49538E-01 -9.92135E-06
    8769.086   1032.224  16.600  7.48107E-01  7.48109E-01 -1.90321E-06
    8775.420   1038.559  16.650  7.46684E-01  7.46679E-01  6.21945E-06
    8781.773   1044.912  16.700  7.45260E-01  7.45250E-01  1.30674E-05
    8788.145   1051.284  16.750  7.43833E-01  7.43820E-01  1.75497E-05
    8794.536   1057.675  16.800  7.42405E-01  7.42391E-01  1.90825E-05
    8800.947   1064.085  16.850  7.40975E-01  7.40962E-01  1.76804E-05
    8807.376   1070.515  16.900  7.39542E-01  7.39532E-01  1.39068E-05
    8813.824   1076.963  16.950  7.38109E-01  7.38103E-01  8.70606E-06
    8820.292   1083.431  17.000  7.36676E-01  7.36673E-01  3.16626E-06
    8826.778   1089.917  17.050  7.35254E-01  7.35255E-01 -1.79078E-06
    8833.284   1096.423  17.100  7.33832E-01  7.33837E-01 -5.70579E-06
    8839.808   1102.947  17.150  7.32412E-01  7.32418E-01 -8.10954E-06
    8846.352   1109.491  17.200  7.30994E-01  7.31000E-01 -8.88265E-06
    8852.915   1116.054  17.250  7.29576E-01  7.29582E-01 -8.23041E-06
    8859.497   1122.635  17.300  7.28159E-01  7.28163E-01 -6.59027E-06
    8866.097   1129.236  17.350  7.26742E-01  7.26745E-01 -4.50051E-06
    8872.717   1135.856  17.400  7.25325E-01  7.25327E-01 -2.46538E-06
    8879.356   1142.495  17.450  7.23908E-01  7.23909E-01 -8.48508E-07
    8886.014   1149.153  17.500  7.22490E-01  7.22490E-01  1.83225E-07
    8892.691   1155.830  17.550  7.21073E-01  7.21072E-01  6.58814E-07
    8899.387   1162.526  17.600  7.19654E-01  7.19654E-01  7.53091E-07
    8906.102   1169.241  17.650  7.18236E-01  7.18235E-01  7.07122E-07
    8912.836   1175.975  17.700  7.16818E-01  7.16817E-01  7.43717E-07
    8919.589   1182.728  17.750  7.15400E-01  7.15399E-01  1.00102E-06
    8926.362   1189.501  17.800  7.13982E-01  7.13981E-01  1.49961E-06
    8933.153   1196.292  17.850  7.12564E-01  7.12562E-01  2.14793E-06
    8939.963   1203.102  17.900  7.11146E-01  7.11144E-01  2.77978E-06
    8946.793   1209.932  17.950  7.09728E-01  7.09726E-01  3.21011E-06
    8953.641   1216.780  18.000  7.08310E-01  7.08308E-01  3.29158E-06
    8960.509   1223.648  18.050  7.06873E-01  7.06871E-01  3.07055E-06
    8967.395   1230.534  18.100  7.05436E-01  7.05435E-01  2.42264E-06
    8974.301   1237.440  18.150  7.03999E-01  7.03998E-01  1.41048E-06
    8981.226   1244.364  18.200  7.02562E-01  7.02562E-01  1.68421E-07
    8988.169   1251.308  18.250  7.01125E-01  7.01126E-01 -1.12652E-06
    8995.132   1258.271  18.300  6.99688E-01  6.99689E-01 -2.29081E-06
    9002.114   1265.253  18.350  6.98251E-01  6.98253E-01 -3.16904E-06
    9009.115   1272.253  18.400  6.96814E-01  6.96816E-01 -3.65945E-06
    9016.134   1279.273  18.450  6.95377E-01  6.95380E-01 -3.72621E-06
    9023.173   1286.312  18.500  6.93941E-01  6.93944E-01 -3.39765E-06
    9030.231   1293.370  18.550  6.92505E-01  6.92507E-01 -2.75305E-06
    9037.308   1300.447  18.600  6.91070E-01  6.91071E-01 -1.90266E-06
    9044.405   1307.543  18.650  6.89634E-01  6.89634E-01 -9.66153E-07
    9051.520   1314.659  18.700  6.88198E-01  6.88198E-01 -5.40415E-08
    9058.654   1321.793  18.750  6.86762E-01  6.86762E-01  7.45135E-07
    9065.807   1328.946  18.800  6.85326E-01  6.85325E-01  1.37107E-06
    9072.979   1336.118  18.850  6.83890E-01  6.83889E-01  1.79224E-06
    9080.171   1343.310  18.900  6.82454E-01  6.82453E-01  2.00257E-06
    9087.381   1350.520  18.950  6.81018E-01  6.81016E-01  2.01636E-06
    9094.611   1357.749  19.000  6.79581E-01  6.79580E-01  1.86284E-06
    9101.859   1364.998  19.050  6.78154E-01  6.78153E-01  1.65144E-06
    9109.127   1372.266  19.100  6.76727E-01  6.76726E-01  1.33206E-06
    9116.413   1379.552  19.150  6.75300E-01  6.75299E-01  9.40434E-07
    9123.719   1386.858  19.200  6.73872E-01  6.73872E-01  5.15753E-07
    9131.044   1394.182  19.250  6.72445E-01  6.72445E-01  9.72947E-08
    9138.387   1401.526  19.300  6.71018E-01  6.71018E-01 -2.79408E-07
    9145.750   1408.889  19.350  6.69591E-01  6.69591E-01 -5.86409E-07
    9153.132   1416.271  19.400  6.68164E-01  6.68164E-01 -8.06372E-07
    9160.533   1423.672  19.450  6.66737E-01  6.66738E-01 -9.34025E-07
    9167.953   1431.092  19.500  6.65310E-01  6.65311E-01 -9.75530E-07
    9175.392   1438.531  19.550  6.63883E-01  6.63884E-01 -9.45818E-07
    9182.850   1445.989  19.600  6.62456E-01  6.62457E-01 -8.64450E-07
    9190.327   1453.466  19.650  6.61029E-01  6.61030E-01 -7.51027E-07
    9197.823   1460.962  19.700  6.59603E-01  6.59603E-01 -6.21314E-07
    9205.338   1468.477  19.750  6.58176E-01  6.58176E-01 -4.85066E-07
    9212.873   1476.011  19.800  6.56749E-01  6.56749E-01 -3.46056E-07
    9220.426   1483.565  19.850  6.55322E-01  6.55322E-01 -2.04119E-07
    9227.998   1491.137  19.900  6.53895E-01  6.53895E-01 -5.84480E-08
    9235.590   1498.728  19.950  6.52468E-01  6.52468E-01  8.90545E-08
    9243.200   1506.339  20.000  6.51042E-01  6.51042E-01  2.31596E-07
