# # Once                                                         FEFF 9.6.4  
# # POT  SCF 100  5.0000   0, core-hole, AFOLP (folp(0)= 1.150)
# # Abs   Z=25 Rmt= 1.265 Rnm= 1.346 K  shell
# # Pot 1 Z= 6 Rmt= 1.006 Rnm= 1.098
# # Pot 2 Z=31 Rmt= 1.481 Rnm= 1.501
# # Pot 3 Z=25 Rmt= 1.271 Rnm= 1.355
# # Gam_ch=1.193E+00 H-L exch Vi= 0.000E+00 Vr= 0.000E+00
# # Mu=-1.412E+01 kf=2.284E+00 Vint=-2.515E+01 Rs_int= 1.588
# # PATH  Rmax= 6.000,  Keep_limit= 0.00, Heap_limit 0.00  Pwcrit= 2.50%
#  S02=0.900  Temp=  20.00  Debye_temp= 600.00  Global_sig2= 0.00500
#  Energy zero shift, vr, vi    0.00000E+00   0.00000E+00
#  Curved wave amplitude ratio filter   4.000%
#     file         sig2 tot  cw amp ratio   deg  nlegs   reff  inp sig2
#           1       0.00969    100.00      1.00     2   1.9523
#           2       0.00969     24.15      1.00     2   1.9523
#           3       0.00969     55.00      1.00     2   1.9523
#           4       0.00701     73.08      1.00     2   2.6145
#           5       0.00701      5.83      1.00     2   2.6145
#           6       0.00701      5.80      1.00     2   2.6145
#           8       0.00684     33.53      1.00     2   2.7120
#           9       0.00684     12.75      1.00     2   2.7120
#          10       0.00712    124.30      2.00     2   2.9000
#          11       0.00712      7.40      2.00     2   2.9000
#          12       0.00712     62.88      2.00     2   2.9000
#          13       0.00871      4.50      2.00     3   3.2595
#          15       0.00871     23.20      2.00     3   3.2595
#          16       0.00871      7.82      2.00     3   3.2595
#          17       0.00871      5.02      2.00     3   3.2595
#          18       0.00871     14.32      2.00     3   3.2595
#          19       0.01339     24.07      2.00     3   3.4023
#          20       0.01339     24.43      2.00     3   3.4023
#          21       0.01339     13.20      2.00     3   3.4023
#          22       0.00848      7.01      2.00     3   3.4023
#          23       0.00848     29.80      2.00     3   3.4023
#          24       0.00848      6.34      2.00     3   3.4023
#          25       0.00848     23.54      2.00     3   3.4023
#          26       0.00848     15.70      2.00     3   3.4023
#          27       0.00848     11.30      2.00     3   3.4023
#          28       0.01116     41.88      1.00     2   3.4959
#          30       0.01116     11.67      1.00     2   3.4959
#          31       0.00718     21.28      1.00     2   3.9045
#          32       0.00718      5.20      1.00     2   3.9045
#          33       0.00718     11.77      1.00     2   3.9045
#          34       0.00718     65.66      2.00     3   3.9045
#          35       0.00718     19.27      2.00     3   3.9045
#          36       0.00718     38.19      2.00     3   3.9045
#          37       0.02375     13.15      1.00     4   3.9045
#          39       0.02375      7.56      1.00     4   3.9045
#          40       0.01363      9.33      1.00     4   3.9045
#          41       0.01363      6.27      1.00     4   3.9045
#          42       0.00718     50.72      1.00     4   3.9045
#          44       0.01363      6.80      1.00     4   3.9045
#          46       0.01363      5.09      1.00     4   3.9045
#          47       0.00718     14.96      1.00     4   3.9045
#          48       0.00718     29.56      1.00     4   3.9045
#          49       0.00695     24.62      1.00     2   3.9705
#          52       0.01041      4.44      2.00     3   4.0313
#          53       0.01041      6.13      2.00     3   4.0313
#          55       0.01041     21.61      2.00     3   4.0313
#          59       0.01262     17.57      2.00     3   4.1741
#          62       0.01021     16.33      2.00     3   4.1741
#          63       0.01262      5.73      2.00     3   4.1741
#          65       0.01262     14.49      2.00     3   4.1741
#          66       0.01021     12.70      2.00     3   4.1741
#          68       0.01021      9.58      2.00     3   4.1741
#          72       0.00739      4.53      4.00     3   4.3500
#          73       0.00739     12.93      4.00     3   4.3500
#          74       0.00739      4.65      4.00     3   4.3500
#          75       0.01098     18.46      1.00     2   4.5422
#          77       0.01098     15.32      1.00     2   4.5422
#          78       0.01098     10.06      1.00     2   4.5422
#          79       0.01098      7.89      1.00     2   4.5422
#          80       0.01098      5.11      1.00     2   4.5422
#          83       0.01304      4.52      2.00     4   4.5667
#          89       0.01072      8.29      2.00     3   4.6266
#          92       0.01081      6.44      2.00     4   4.6643
#          93       0.01079      4.84      2.00     3   4.6972
#          95       0.01079     10.79      2.00     3   4.6972
#          96       0.01079      5.56      2.00     3   4.6972
#          97       0.01079      8.21      2.00     3   4.6972
#          98       0.01079     14.62      2.00     3   4.6972
#          99       0.01138     13.95      2.00     3   4.6972
#         101       0.01138     25.92      2.00     3   4.6972
#         102       0.01138     18.39      2.00     3   4.6972
#         103       0.01138     14.57      2.00     3   4.6972
#         104       0.01138      9.35      2.00     3   4.6972
#         106       0.01079     13.88      2.00     3   4.6972
#         107       0.01079     16.73      2.00     3   4.6972
#         108       0.01079      5.10      2.00     3   4.6972
#         109       0.01079      7.25      2.00     3   4.6972
#         110       0.01079      9.19      2.00     3   4.6972
#         114       0.00735      8.02      2.00     4   4.7095
#         115       0.00735      7.30      2.00     4   4.7095
#         116       0.00735      5.14      2.00     4   4.7095
#         117       0.00735      4.78      2.00     4   4.7095
#         118       0.00735      4.17      2.00     4   4.7095
#         119       0.00735      5.05      2.00     4   4.7095
#         121       0.00735      4.09      2.00     4   4.7095
#         124       0.01081      6.55      2.00     4   4.8523
#         126       0.01119      4.65      2.00     4   4.8523
#         128       0.01081      6.86      2.00     4   4.8523
#         132       0.01081      5.96      2.00     4   4.8523
#         133       0.01119      6.05      2.00     4   4.8523
#         134       0.01081     10.26      2.00     4   4.8523
#         137       0.02663      6.78      1.00     4   4.8523
#         138       0.02663      5.36      1.00     4   4.8523
#         144       0.01315     10.55      1.00     4   4.8523
#         146       0.01315     11.49      1.00     4   4.8523
#         147       0.01315      4.20      1.00     4   4.8523
#         148       0.01081     13.90      2.00     4   4.8523
#         149       0.01315      6.27      1.00     4   4.8523
#         151       0.01315      6.08      1.00     4   4.8523
#         155       0.01081      7.64      2.00     4   4.8523
#         156       0.01081      9.87      2.00     4   4.8523
#         157       0.01081      7.90      2.00     4   4.8523
#         158       0.01081      5.11      2.00     4   4.8523
#         165       0.00711     21.48      1.00     2   4.8637
#         166       0.00711     15.67      1.00     2   4.8637
#         170       0.00711      7.61      1.00     2   4.8637
#         171       0.00688     12.70      1.00     2   4.9168
#         173       0.00688      6.73      1.00     2   4.9168
#         174       0.00688      6.00      1.00     2   4.9168
#         175       0.00688      4.14      1.00     2   4.9168
#         176       0.00688      4.16      1.00     2   4.9168
#         177       0.00710     31.61      2.00     2   5.0229
#         179       0.00710     16.63      2.00     2   5.0230
#         181       0.00688      9.50      1.00     2   5.0559
#         184       0.00688      6.56      1.00     2   5.0559
#         186       0.00799     15.69      2.00     3   5.1559
#         189       0.00799     13.32      2.00     3   5.1559
#         190       0.00799      7.57      2.00     3   5.1559
#         192       0.00799      5.60      2.00     3   5.1559
#         193       0.00799     12.16      2.00     3   5.1559
#         197       0.00799      5.34      2.00     3   5.1559
#         199       0.00711     12.18      1.00     2   5.1592
#         202       0.00711      8.40      1.00     2   5.1592
#         206       0.00721      4.66      2.00     3   5.1891
#         207       0.00721      6.39      2.00     3   5.1891
#         210       0.00721      9.74      2.00     3   5.1891
#         211       0.00721     10.19      2.00     3   5.1891
#         213       0.00721      5.09      2.00     3   5.1891
#         215       0.00721      7.71      2.00     3   5.1891
#         219       0.00721      6.83      2.00     3   5.1891
#         227       0.00693      5.35      2.00     3   5.1912
#         231       0.00693      4.57      2.00     3   5.1912
#         232       0.00693      6.30      2.00     3   5.1912
#         237       0.01432     11.68      2.00     3   5.2356
#         239       0.01432      8.59      2.00     3   5.2356
#         240       0.00776      8.77      2.00     3   5.2356
#         241       0.00776     10.63      2.00     3   5.2356
#         243       0.00776     12.71      2.00     3   5.2356
#         245       0.00776      6.33      2.00     3   5.2356
#         247       0.00758      5.44      2.00     3   5.2822
#         264       0.01129      5.76      2.00     4   5.3545
#         265       0.01129      5.41      2.00     4   5.3545
#         266       0.01129      4.56      2.00     4   5.3545
#         269       0.01129      4.48      2.00     4   5.3545
#         270       0.01129      6.32      2.00     5   5.3545
#         271       0.01129      8.32      2.00     5   5.3545
#         272       0.01129      7.67      2.00     5   5.3545
#         273       0.01129      8.69      2.00     5   5.3545
#         274       0.01129      4.60      2.00     5   5.3545
#         276       0.01129     12.49      2.00     5   5.3545
#         277       0.01129     14.20      2.00     5   5.3545
#         278       0.01129      4.75      2.00     5   5.3545
#         280       0.01129      6.88      2.00     5   5.3545
#         281       0.01129      7.22      2.00     5   5.3545
#         284       0.00723      7.57      4.00     3   5.4115
#         286       0.00723     12.87      4.00     3   5.4115
#         287       0.00723      8.44      4.00     3   5.4115
#         289       0.00723      4.78      4.00     3   5.4115
#         290       0.00723     10.87      4.00     3   5.4115
#         297       0.00996      4.23      1.00     4   5.4482
#         314       0.01099      5.37      1.00     2   5.5305
#         315       0.01496      4.42      2.00     4   5.6241
#         317       0.01496      4.29      2.00     4   5.6241
#         321       0.00715     21.45      2.00     2   5.8000
#         323       0.00715     11.34      2.00     2   5.8000
#         324       0.00715      6.15      2.00     3   5.8000
#         326       0.00715     11.45      2.00     3   5.8000
#         327       0.00715     51.34      4.00     3   5.8000
#         329       0.00715     27.60      4.00     3   5.8000
#         330       0.00715      5.95      2.00     4   5.8000
#         332       0.00715     10.90      2.00     4   5.8000
#         333       0.01350      5.18      2.00     4   5.8000
#         335       0.00715     36.24      2.00     4   5.8000
#         338       0.00715     19.59      2.00     4   5.8000
#         339       0.01406      5.00      2.00     4   5.8568
#         345       0.01406      7.26      2.00     5   5.8568
#         346       0.01406      8.06      2.00     5   5.8568
#         348       0.01406      4.11      2.00     5   5.8568
#         350       0.01406      4.58      2.00     5   5.8568
#         351       0.01406      8.77      2.00     5   5.8568
#         353       0.01406      4.96      2.00     5   5.8568
#         355       0.01406     12.22      2.00     6   5.8568
#         359       0.01406      7.03      2.00     6   5.8568
#         360       0.01406      7.49      1.00     6   5.8568
#         362       0.01406      4.32      1.00     6   5.8568
#   185/ 238 paths used
#  xsedge+50, used to normalize mu           3.5307E-04
#  -----------------------------------------------------------------------
#  omega    e    k    mu    mu0     chi     @#
    6545.567    -14.113   0.050  5.09872E-01  3.28065E-01  3.05500E-01
    6545.595    -14.084   0.100  5.29360E-01  3.34452E-01  3.27077E-01
    6545.643    -14.036   0.150  5.83853E-01  3.53120E-01  3.85675E-01
    6545.709    -13.970   0.200  6.34702E-01  3.71788E-01  4.37745E-01
    6545.795    -13.884   0.250  7.06595E-01  3.99507E-01  5.08011E-01
    6545.900    -13.779   0.300  7.69323E-01  4.27225E-01  5.62318E-01
    6546.024    -13.655   0.350  8.32371E-01  4.56534E-01  6.12404E-01
    6546.167    -13.513   0.400  8.80618E-01  4.85842E-01  6.37715E-01
    6546.329    -13.351   0.450  9.13032E-01  5.11012E-01  6.42465E-01
    6546.510    -13.170   0.500  9.27615E-01  5.36182E-01  6.18920E-01
    6546.710    -12.970   0.550  9.21828E-01  5.56576E-01  5.70346E-01
    6546.929    -12.751   0.600  8.99396E-01  5.76970E-01  4.97293E-01
    6547.167    -12.512   0.650  8.59869E-01  5.94099E-01  4.04259E-01
    6547.424    -12.255   0.700  8.08866E-01  6.11228E-01  2.96536E-01
    6547.700    -11.979   0.750  7.47422E-01  6.26473E-01  1.78783E-01
    6547.995    -11.684   0.800  6.82076E-01  6.41718E-01  5.87856E-02
    6548.310    -11.369   0.850  6.13632E-01  6.55937E-01 -6.06669E-02
    6548.643    -11.036   0.900  5.49352E-01  6.70157E-01 -1.70598E-01
    6548.996    -10.684   0.950  4.88647E-01  6.83800E-01 -2.71232E-01
    6549.367    -10.312   1.000  4.38902E-01  6.97444E-01 -3.53734E-01
    6549.758     -9.922   1.050  3.98030E-01  7.10712E-01 -4.21037E-01
    6550.167     -9.512   1.100  3.72269E-01  7.23980E-01 -4.66212E-01
    6550.596     -9.083   1.150  3.58474E-01  7.36909E-01 -4.93813E-01
    6551.043     -8.636   1.200  3.60459E-01  7.49839E-01 -5.00292E-01
    6551.510     -8.169   1.250  3.74832E-01  7.62394E-01 -4.90441E-01
    6551.996     -7.683   1.300  4.02247E-01  7.74949E-01 -4.64626E-01
    6552.501     -7.178   1.350  4.39805E-01  7.87035E-01 -4.26658E-01
    6553.025     -6.655   1.400  4.85473E-01  7.99121E-01 -3.79941E-01
    6553.568     -6.112   1.450  5.37511E-01  8.10625E-01 -3.26381E-01
    6554.130     -5.550   1.500  5.92477E-01  8.22128E-01 -2.70794E-01
    6554.711     -4.969   1.550  6.50083E-01  8.32927E-01 -2.12924E-01
    6555.311     -4.369   1.600  7.07067E-01  8.43727E-01 -1.57189E-01
    6555.930     -3.749   1.650  7.64291E-01  8.53727E-01 -1.01715E-01
    6556.568     -3.111   1.700  8.19585E-01  8.63727E-01 -4.96444E-02
    6557.225     -2.454   1.750  8.73674E-01  8.72808E-01  9.64416E-04
    6557.901     -1.778   1.800  9.25476E-01  8.81890E-01  4.80508E-02
    6558.597     -1.082   1.850  9.74404E-01  8.89964E-01  9.22816E-02
    6559.311     -0.368   1.900  1.01960E+00  8.98038E-01  1.31706E-01
    6560.045      0.365   1.950  1.05841E+00  9.05026E-01  1.64971E-01
    6560.797      1.118   2.000  1.08987E+00  9.12014E-01  1.89903E-01
    6561.569      1.889   2.050  1.10936E+00  9.17384E-01  2.03890E-01
    6562.359      2.680   2.100  1.11742E+00  9.22754E-01  2.05657E-01
    6563.169      3.490   2.150  1.11327E+00  9.28124E-01  1.94574E-01
    6563.997      4.318   2.200  1.09743E+00  9.33494E-01  1.71389E-01
    6564.845      5.166   2.250  1.07084E+00  9.36477E-01  1.40109E-01
    6565.712      6.033   2.300  1.03807E+00  9.39460E-01  1.02564E-01
    6566.598      6.918   2.350  1.00360E+00  9.42443E-01  6.34514E-02
    6567.503      7.823   2.400  9.72421E-01  9.45427E-01  2.79344E-02
    6568.427      8.747   2.450  9.45914E-01  9.45469E-01  4.60426E-04
    6569.369      9.690   2.500  9.32334E-01  9.45512E-01 -1.36632E-02
    6570.332     10.652   2.550  9.32109E-01  9.45555E-01 -1.39540E-02
    6571.313     11.633   2.600  9.43172E-01  9.45598E-01 -2.52013E-03
    6572.313     12.633   2.650  9.66915E-01  9.48851E-01  1.87258E-02
    6573.332     13.653   2.700  9.91745E-01  9.52105E-01  4.10093E-02
    6574.370     14.691   2.750  1.01338E+00  9.55358E-01  5.98986E-02
    6575.427     15.748   2.800  1.02939E+00  9.58612E-01  7.29245E-02
    6576.504     16.824   2.850  1.04157E+00  9.62355E-01  8.13183E-02
    6577.599     17.920   2.900  1.04831E+00  9.66099E-01  8.40873E-02
    6578.713     19.034   2.950  1.04994E+00  9.69843E-01  8.16291E-02
    6579.847     20.168   3.000  1.04739E+00  9.73586E-01  7.49483E-02
    6580.999     21.320   3.050  1.04080E+00  9.75482E-01  6.61930E-02
    6582.171     22.492   3.100  1.03207E+00  9.77378E-01  5.53117E-02
    6583.362     23.682   3.150  1.02211E+00  9.79274E-01  4.32404E-02
    6584.571     24.892   3.200  1.01156E+00  9.81169E-01  3.06120E-02
    6585.800     26.121   3.250  1.00011E+00  9.82122E-01  1.80972E-02
    6587.048     27.369   3.300  9.87895E-01  9.83076E-01  4.84344E-03
    6588.315     28.635   3.350  9.74819E-01  9.84029E-01 -9.24524E-03
    6589.601     29.921   3.400  9.60857E-01  9.84982E-01 -2.41895E-02
    6590.905     31.226   3.450  9.44958E-01  9.85162E-01 -4.02850E-02
    6592.229     32.550   3.500  9.28777E-01  9.85342E-01 -5.66414E-02
    6593.572     33.893   3.550  9.13194E-01  9.85522E-01 -7.23787E-02
    6594.934     35.255   3.600  8.99456E-01  9.85702E-01 -8.62490E-02
    6596.316     36.636   3.650  8.87899E-01  9.85514E-01 -9.76091E-02
    6597.716     38.037   3.700  8.80669E-01  9.85326E-01 -1.04642E-01
    6599.135     39.456   3.750  8.78634E-01  9.85137E-01 -1.06479E-01
    6600.573     40.894   3.800  8.82212E-01  9.84949E-01 -1.02704E-01
    6602.031     42.351   3.850  8.91286E-01  9.84591E-01 -9.32765E-02
    6603.507     43.828   3.900  9.05209E-01  9.84232E-01 -7.90018E-02
    6605.002     45.323   3.950  9.22884E-01  9.83874E-01 -6.09754E-02
    6606.517     46.838   4.000  9.42995E-01  9.83515E-01 -4.05116E-02
    6608.050     48.371   4.050  9.64228E-01  9.83172E-01 -1.89401E-02
    6609.603     49.924   4.100  9.85068E-01  9.82829E-01  2.23835E-03
    6611.175     51.495   4.150  1.00440E+00  9.82487E-01  2.19106E-02
    6612.765     53.086   4.200  1.02130E+00  9.82144E-01  3.91440E-02
    6614.375     54.696   4.250  1.03501E+00  9.81962E-01  5.30325E-02
    6616.004     56.324   4.300  1.04478E+00  9.81780E-01  6.29903E-02
    6617.652     57.972   4.350  1.05014E+00  9.81598E-01  6.85209E-02
    6619.318     59.639   4.400  1.05074E+00  9.81417E-01  6.93075E-02
    6621.004     61.325   4.450  1.04629E+00  9.81290E-01  6.49730E-02
    6622.709     63.030   4.500  1.03731E+00  9.81164E-01  5.61196E-02
    6624.433     64.754   4.550  1.02463E+00  9.81037E-01  4.35644E-02
    6626.176     66.497   4.600  1.00950E+00  9.80911E-01  2.85627E-02
    6627.938     68.259   4.650  9.93603E-01  9.80885E-01  1.27065E-02
    6629.720     70.040   4.700  9.78759E-01  9.80860E-01 -2.09885E-03
    6631.520     71.841   4.750  9.66627E-01  9.80834E-01 -1.41937E-02
    6633.339     73.660   4.800  9.58446E-01  9.80809E-01 -2.23408E-02
    6635.177     75.498   4.850  9.55143E-01  9.80840E-01 -2.56709E-02
    6637.035     77.356   4.900  9.56260E-01  9.80872E-01 -2.45866E-02
    6638.911     79.232   4.950  9.60844E-01  9.80903E-01 -2.00378E-02
    6640.807     81.127   5.000  9.67465E-01  9.80934E-01 -1.34547E-02
    6642.721     83.042   5.050  9.74626E-01  9.80963E-01 -6.33208E-03
    6644.655     84.976   5.100  9.80741E-01  9.80993E-01 -2.51137E-04
    6646.607     86.928   5.150  9.85024E-01  9.81022E-01  4.00028E-03
    6648.579     88.900   5.200  9.87417E-01  9.81051E-01  6.36398E-03
    6650.570     90.891   5.250  9.88208E-01  9.80901E-01  7.30740E-03
    6652.580     92.900   5.300  9.88786E-01  9.80751E-01  8.03919E-03
    6654.608     94.929   5.350  9.90298E-01  9.80600E-01  9.70486E-03
    6656.656     96.977   5.400  9.93494E-01  9.80450E-01  1.30595E-02
    6658.723     99.044   5.450  9.98219E-01  9.80162E-01  1.80899E-02
    6660.809    101.130   5.500  1.00390E+00  9.79873E-01  2.40870E-02
    6662.914    103.235   5.550  1.00898E+00  9.79585E-01  2.94843E-02
    6665.038    105.359   5.600  1.01153E+00  9.79297E-01  3.23510E-02
    6667.181    107.502   5.650  1.00946E+00  9.78769E-01  3.08312E-02
    6669.343    109.664   5.700  1.00203E+00  9.78242E-01  2.39224E-02
    6671.525    111.845   5.750  9.89333E-01  9.77715E-01  1.16926E-02
    6673.725    114.046   5.800  9.72708E-01  9.77188E-01 -4.51287E-03
    6675.944    116.265   5.850  9.54191E-01  9.76340E-01 -2.23392E-02
    6678.183    118.503   5.900  9.37344E-01  9.75491E-01 -3.85213E-02
    6680.440    120.761   5.950  9.25181E-01  9.74643E-01 -5.00075E-02
    6682.717    123.037   6.000  9.19939E-01  9.73794E-01 -5.45154E-02
    6685.012    125.333   6.050  9.22354E-01  9.72686E-01 -5.10283E-02
    6687.327    127.647   6.100  9.31994E-01  9.71577E-01 -4.01944E-02
    6689.660    129.981   6.150  9.46671E-01  9.70469E-01 -2.42037E-02
    6692.013    132.334   6.200  9.63233E-01  9.69361E-01 -6.24198E-03
    6694.385    134.705   6.250  9.78272E-01  9.68252E-01  1.02223E-02
    6696.775    137.096   6.300  9.88874E-01  9.67144E-01  2.22052E-02
    6699.185    139.506   6.350  9.93241E-01  9.66036E-01  2.78441E-02
    6701.614    141.935   6.400  9.91028E-01  9.64927E-01  2.67559E-02
    6704.062    144.383   6.450  9.83335E-01  9.63819E-01  2.00375E-02
    6706.529    146.850   6.500  9.72361E-01  9.62711E-01  9.92384E-03
    6709.015    149.336   6.550  9.60729E-01  9.61380E-01 -6.70289E-04
    6711.520    151.841   6.600  9.51224E-01  9.60049E-01 -9.10747E-03
    6714.044    154.365   6.650  9.45604E-01  9.58718E-01 -1.35585E-02
    6716.587    156.908   6.700  9.44505E-01  9.57388E-01 -1.33430E-02
    6719.149    159.470   6.750  9.47411E-01  9.56057E-01 -8.97093E-03
    6721.731    162.052   6.800  9.52909E-01  9.54726E-01 -1.88891E-03
    6724.331    164.652   6.850  9.59139E-01  9.53395E-01  5.98087E-03
    6726.950    167.271   6.900  9.64305E-01  9.52065E-01  1.27695E-02
    6729.589    169.910   6.950  9.67110E-01  9.50734E-01  1.71152E-02
    6732.246    172.567   7.000  9.67005E-01  9.49403E-01  1.84293E-02
    6734.923    175.244   7.050  9.64445E-01  9.48230E-01  1.70051E-02
    6737.618    177.939   7.100  9.59994E-01  9.47056E-01  1.35898E-02
    6740.333    180.654   7.150  9.54679E-01  9.45882E-01  9.25496E-03
    6743.067    183.387   7.200  9.49423E-01  9.44709E-01  4.96755E-03
    6745.819    186.140   7.250  9.44788E-01  9.43535E-01  1.32244E-03
    6748.591    188.912   7.300  9.40884E-01  9.42361E-01 -1.56164E-03
    6751.382    191.703   7.350  9.37442E-01  9.41188E-01 -3.96628E-03
    6754.192    194.513   7.400  9.34020E-01  9.40014E-01 -6.35737E-03
    6757.021    197.341   7.450  9.30264E-01  9.38840E-01 -9.11127E-03
    6759.869    200.189   7.500  9.26125E-01  9.37667E-01 -1.22814E-02
    6762.736    203.056   7.550  9.22057E-01  9.36745E-01 -1.56483E-02
    6765.622    205.943   7.600  9.18699E-01  9.35823E-01 -1.82649E-02
    6768.527    208.848   7.650  9.16955E-01  9.34901E-01 -1.91657E-02
    6771.451    211.772   7.700  9.17579E-01  9.33979E-01 -1.75350E-02
    6774.394    214.715   7.750  9.20907E-01  9.33057E-01 -1.30073E-02
    6777.357    217.677   7.800  9.26666E-01  9.32135E-01 -5.86223E-03
    6780.338    220.659   7.850  9.33965E-01  9.31214E-01  2.95254E-03
    6783.338    223.659   7.900  9.41448E-01  9.30292E-01  1.19862E-02
    6786.358    226.678   7.950  9.47591E-01  9.29370E-01  1.96008E-02
    6789.396    229.717   8.000  9.51061E-01  9.28448E-01  2.43543E-02
    6792.454    232.774   8.050  9.51195E-01  9.27545E-01  2.54945E-02
    6795.530    235.851   8.100  9.47652E-01  9.26642E-01  2.26688E-02
    6798.626    238.947   8.150  9.41009E-01  9.25740E-01  1.64904E-02
    6801.740    242.061   8.200  9.32444E-01  9.24837E-01  8.22260E-03
    6804.874    245.195   8.250  9.23441E-01  9.23934E-01 -5.33497E-04
    6808.027    248.348   8.300  9.15440E-01  9.23031E-01 -8.22022E-03
    6811.199    251.519   8.350  9.09514E-01  9.22129E-01 -1.36727E-02
    6814.390    254.710   8.400  9.06159E-01  9.21226E-01 -1.63458E-02
    6817.599    257.920   8.450  9.05251E-01  9.20323E-01 -1.63664E-02
    6820.828    261.149   8.500  9.06163E-01  9.19420E-01 -1.44084E-02
    6824.076    264.397   8.550  9.07788E-01  9.18403E-01 -1.15496E-02
    6827.344    267.664   8.600  9.09504E-01  9.17386E-01 -8.58566E-03
    6830.630    270.950   8.650  9.10702E-01  9.16370E-01 -6.18002E-03
    6833.935    274.256   8.700  9.11164E-01  9.15353E-01 -4.57263E-03
    6837.259    277.580   8.750  9.11069E-01  9.14336E-01 -3.57039E-03
    6840.602    280.923   8.800  9.10870E-01  9.13319E-01 -2.67899E-03
    6843.965    284.285   8.850  9.11090E-01  9.12302E-01 -1.32704E-03
    6847.346    287.667   8.900  9.12099E-01  9.11285E-01  8.92713E-04
    6850.746    291.067   8.950  9.13951E-01  9.10268E-01  4.04280E-03
    6854.166    294.487   9.000  9.16329E-01  9.09251E-01  7.77764E-03
    6857.604    297.925   9.050  9.18496E-01  9.08030E-01  1.15153E-02
    6861.062    301.383   9.100  9.19827E-01  9.06809E-01  1.43405E-02
    6864.538    304.859   9.150  9.19621E-01  9.05588E-01  1.54780E-02
    6868.034    308.355   9.200  9.17464E-01  9.04367E-01  1.44643E-02
    6871.549    311.870   9.250  9.13366E-01  9.03146E-01  1.13016E-02
    6875.083    315.403   9.300  9.07785E-01  9.01925E-01  6.48776E-03
    6878.635    318.956   9.350  9.01525E-01  9.00704E-01  9.10178E-04
    6882.207    322.528   9.400  8.95549E-01  8.99482E-01 -4.36584E-03
    6885.798    326.119   9.450  8.90742E-01  8.98261E-01 -8.35673E-03
    6889.408    329.729   9.500  8.87696E-01  8.97040E-01 -1.03970E-02
    6893.037    333.358   9.550  8.86491E-01  8.95775E-01 -1.03434E-02
    6896.685    337.006   9.600  8.86955E-01  8.94509E-01 -8.42746E-03
    6900.352    340.673   9.650  8.88476E-01  8.93243E-01 -5.32569E-03
    6904.038    344.359   9.700  8.90255E-01  8.91978E-01 -1.92762E-03
    6907.744    348.064   9.750  8.91516E-01  8.90712E-01  8.99824E-04
    6911.468    351.789   9.800  8.91701E-01  8.89447E-01  2.52810E-03
    6915.211    355.532   9.850  8.90591E-01  8.88181E-01  2.70662E-03
    6918.974    359.294   9.900  8.88333E-01  8.86916E-01  1.59347E-03
    6922.755    363.076   9.950  8.85362E-01  8.85650E-01 -3.23879E-04
    6926.556    366.876  10.000  8.82266E-01  8.84385E-01 -2.38876E-03
    6930.375    370.696  10.050  8.79617E-01  8.83176E-01 -4.01923E-03
    6934.214    374.534  10.100  8.77796E-01  8.81968E-01 -4.71626E-03
    6938.071    378.392  10.150  8.76964E-01  8.80760E-01 -4.29675E-03
    6941.948    382.269  10.200  8.77006E-01  8.79552E-01 -2.88647E-03
    6945.844    386.164  10.250  8.77589E-01  8.78344E-01 -8.57063E-04
    6949.758    390.079  10.300  8.78279E-01  8.77136E-01  1.29881E-03
    6953.692    394.013  10.350  8.78664E-01  8.75928E-01  3.11371E-03
    6957.645    397.966  10.400  8.78467E-01  8.74720E-01  4.26906E-03
    6961.617    401.938  10.450  8.77599E-01  8.73512E-01  4.66253E-03
    6965.608    405.929  10.500  8.76159E-01  8.72304E-01  4.40430E-03
    6969.618    409.939  10.550  8.74374E-01  8.71096E-01  3.75023E-03
    6973.647    413.968  10.600  8.72505E-01  8.69888E-01  2.99786E-03
    6977.695    418.016  10.650  8.70756E-01  8.68680E-01  2.38118E-03
    6981.762    422.083  10.700  8.69211E-01  8.67471E-01  1.99773E-03
    6985.848    426.169  10.750  8.67820E-01  8.66263E-01  1.78938E-03
    6989.954    430.274  10.800  8.66428E-01  8.65055E-01  1.57999E-03
    6994.078    434.399  10.850  8.64849E-01  8.63847E-01  1.15455E-03
    6998.221    438.542  10.900  8.62944E-01  8.62639E-01  3.51774E-04
    7002.384    442.704  10.950  8.60686E-01  8.61431E-01 -8.61285E-04
    7006.565    446.886  11.000  8.58186E-01  8.60223E-01 -2.35758E-03
    7010.766    451.086  11.050  8.55493E-01  8.58903E-01 -3.95398E-03
    7014.985    455.306  11.100  8.53040E-01  8.57583E-01 -5.27515E-03
    7019.224    459.545  11.150  8.51122E-01  8.56264E-01 -5.97980E-03
    7023.481    463.802  11.200  8.49938E-01  8.54944E-01 -5.83055E-03
    7027.758    468.079  11.250  8.49537E-01  8.53624E-01 -4.76737E-03
    7032.054    472.375  11.300  8.49793E-01  8.52304E-01 -2.93439E-03
    7036.369    476.690  11.350  8.50427E-01  8.50984E-01 -6.51795E-04
    7040.703    481.023  11.400  8.51080E-01  8.49664E-01  1.65962E-03
    7045.056    485.376  11.450  8.51394E-01  8.48344E-01  3.58000E-03
    7049.427    489.748  11.500  8.51098E-01  8.47025E-01  4.78990E-03
    7053.818    494.139  11.550  8.50070E-01  8.45705E-01  5.14086E-03
    7058.229    498.549  11.600  8.48351E-01  8.44385E-01  4.67883E-03
    7062.658    502.978  11.650  8.46126E-01  8.43065E-01  3.61655E-03
    7067.106    507.427  11.700  8.43659E-01  8.41745E-01  2.26514E-03
    7071.573    511.894  11.750  8.41224E-01  8.40425E-01  9.46134E-04
    7076.059    516.380  11.800  8.39029E-01  8.39106E-01 -9.04374E-05
    7080.565    520.885  11.850  8.37180E-01  8.37786E-01 -7.19724E-04
    7085.089    525.410  11.900  8.35664E-01  8.36466E-01 -9.54847E-04
    7089.632    529.953  11.950  8.34376E-01  8.35146E-01 -9.18868E-04
    7094.195    534.516  12.000  8.33167E-01  8.33826E-01 -7.87895E-04
    7098.776    539.097  12.050  8.31744E-01  8.32366E-01 -7.44120E-04
    7103.377    543.698  12.100  8.30180E-01  8.30906E-01 -8.69983E-04
    7107.996    548.317  12.150  8.28471E-01  8.29445E-01 -1.17007E-03
    7112.635    552.956  12.200  8.26691E-01  8.27985E-01 -1.55667E-03
    7117.293    557.614  12.250  8.24963E-01  8.26525E-01 -1.88219E-03
    7121.970    562.290  12.300  8.23415E-01  8.25064E-01 -1.99136E-03
    7126.665    566.986  12.350  8.22136E-01  8.23604E-01 -1.77615E-03
    7131.380    571.701  12.400  8.21140E-01  8.22143E-01 -1.21601E-03
    7136.114    576.435  12.450  8.20361E-01  8.20683E-01 -3.90971E-04
    7140.867    581.188  12.500  8.19664E-01  8.19223E-01  5.36453E-04
    7145.639    585.960  12.550  8.18883E-01  8.17762E-01  1.36486E-03
    7150.430    590.751  12.600  8.17867E-01  8.16302E-01  1.90980E-03
    7155.240    595.561  12.650  8.16523E-01  8.14842E-01  2.05527E-03
    7160.069    600.390  12.700  8.14839E-01  8.13381E-01  1.78560E-03
    7164.918    605.238  12.750  8.12890E-01  8.11921E-01  1.18896E-03
    7169.785    610.106  12.800  8.10812E-01  8.10461E-01  4.31686E-04
    7174.671    614.992  12.850  8.08766E-01  8.09000E-01 -2.88194E-04
    7179.577    619.897  12.900  8.06896E-01  8.07540E-01 -7.94802E-04
    7184.501    624.822  12.950  8.05287E-01  8.06080E-01 -9.79960E-04
    7189.444    629.765  13.000  8.03951E-01  8.04619E-01 -8.28134E-04
    7194.407    634.728  13.050  8.02869E-01  8.03207E-01 -4.19790E-04
    7199.388    639.709  13.100  8.01899E-01  8.01795E-01  1.28926E-04
    7204.389    644.710  13.150  8.00908E-01  8.00383E-01  6.54108E-04
    7209.409    649.729  13.200  7.99777E-01  7.98971E-01  1.00564E-03
    7214.447    654.768  13.250  7.98428E-01  7.97558E-01  1.08678E-03
    7219.505    659.826  13.300  7.96847E-01  7.96146E-01  8.77069E-04
    7224.582    664.903  13.350  7.95080E-01  7.94734E-01  4.33404E-04
    7229.678    669.999  13.400  7.93218E-01  7.93322E-01 -1.29909E-04
    7234.793    675.114  13.450  7.91373E-01  7.91909E-01 -6.75083E-04
    7239.927    680.247  13.500  7.89642E-01  7.90497E-01 -1.07850E-03
    7245.080    685.400  13.550  7.88086E-01  7.89085E-01 -1.26144E-03
    7250.252    690.573  13.600  7.86720E-01  7.87673E-01 -1.20596E-03
    7255.443    695.764  13.650  7.85509E-01  7.86261E-01 -9.52910E-04
    7260.653    700.974  13.700  7.84388E-01  7.84848E-01 -5.84224E-04
    7265.882    706.203  13.750  7.83282E-01  7.83436E-01 -1.96181E-04
    7271.130    711.451  13.800  7.82124E-01  7.82024E-01  1.27967E-04
    7276.398    716.719  13.850  7.80876E-01  7.80612E-01  3.38028E-04
    7281.684    722.005  13.900  7.79531E-01  7.79200E-01  4.24662E-04
    7286.990    727.310  13.950  7.78110E-01  7.77787E-01  4.14124E-04
    7292.314    732.635  14.000  7.76650E-01  7.76375E-01  3.53193E-04
    7297.657    737.978  14.050  7.75116E-01  7.74882E-01  3.01038E-04
    7303.020    743.341  14.100  7.73607E-01  7.73390E-01  2.79799E-04
    7308.402    748.722  14.150  7.72129E-01  7.71897E-01  2.99454E-04
    7313.802    754.123  14.200  7.70672E-01  7.70405E-01  3.45848E-04
    7319.222    759.543  14.250  7.69211E-01  7.68912E-01  3.87865E-04
    7324.661    764.982  14.300  7.67720E-01  7.67419E-01  3.90204E-04
    7330.119    770.439  14.350  7.66178E-01  7.65927E-01  3.27185E-04
    7335.595    775.916  14.400  7.64582E-01  7.64434E-01  1.92951E-04
    7341.091    781.412  14.450  7.62945E-01  7.62941E-01  4.79414E-06
    7346.606    786.927  14.500  7.61295E-01  7.61449E-01 -2.01233E-04
    7352.140    792.461  14.550  7.59666E-01  7.59956E-01 -3.80812E-04
    7357.693    798.014  14.600  7.58088E-01  7.58464E-01 -4.94417E-04
    7363.265    803.586  14.650  7.56577E-01  7.56971E-01 -5.18738E-04
    7368.857    809.177  14.700  7.55135E-01  7.55478E-01 -4.52982E-04
    7374.467    814.788  14.750  7.53745E-01  7.53986E-01 -3.18286E-04
    7380.096    820.417  14.800  7.52379E-01  7.52493E-01 -1.50753E-04
    7385.744    826.065  14.850  7.51008E-01  7.51001E-01  9.46040E-06
    7391.412    831.732  14.900  7.49605E-01  7.49508E-01  1.29441E-04
    7397.098    837.419  14.950  7.48159E-01  7.48015E-01  1.91748E-04
    7402.804    843.124  15.000  7.46670E-01  7.46523E-01  1.97291E-04
