# # Once                                                         FEFF 9.6.4  
# # POT  SCF 100  5.0000   0, core-hole, AFOLP (folp(0)= 1.150)
# # Abs   Z=26 Rmt= 1.408 Rnm= 1.475 K  shell
# # Pot 1 Z=26 Rmt= 1.390 Rnm= 1.453
# # Pot 2 Z=14 Rmt= 1.374 Rnm= 1.434
# # Pot 3 Z=57 Rmt= 1.934 Rnm= 1.945
# # Gam_ch=1.309E+00 H-L exch Vi= 0.000E+00 Vr= 0.000E+00
# # Mu=-1.628E+01 kf=2.009E+00 Vint=-2.394E+01 Rs_int= 1.805
# # PATH  Rmax= 5.500,  Keep_limit= 0.00, Heap_limit 0.00  Pwcrit= 2.50%
#  S02=1.000  Temp=   0.00  Debye_temp=   0.00  Global_sig2= 0.00000
#  Energy zero shift, vr, vi    0.00000E+00   0.00000E+00
#  Curved wave amplitude ratio filter   4.000%
#     file         sig2 tot  cw amp ratio   deg  nlegs   reff  inp sig2
#           1       0.00000    100.00      7.00     2   2.4817
#           2       0.00000     15.06      1.00     2   2.4817
#           3       0.00000      9.84     16.00     3   3.7636
#           4       0.00000     31.12      6.00     2   3.9599
#           5       0.00000      7.99      2.00     2   3.9599
#           6       0.00000      8.76     16.00     3   4.5130
#           7       0.00000      6.08     12.00     3   4.6066
#           8       0.00000     15.91      5.00     2   4.8049
#           9       0.00000     19.08      8.00     3   4.8375
#          10       0.00000      7.90      2.00     3   4.8375
#          11       0.00000      8.31      4.00     4   4.8701
#          12       0.00000      4.66      1.00     4   4.8701
#          13       0.00000      6.97      4.00     3   4.9633
#          14       0.00000      6.43      4.00     4   4.9633
#          15       0.00000      5.22      7.00     4   4.9633
#          16       0.00000     18.41      4.00     2   4.9796
#          17       0.00000     10.82     20.00     3   5.3978
#    17/  17 paths used
#  xsedge+50, used to normalize mu           3.2106E-04
#  -----------------------------------------------------------------------
#  omega    e    k    mu    mu0     chi     @#
    7119.138    -16.279   0.000  2.48835E-01  2.60136E-01 -2.59164E-02
    7119.147    -16.269   0.050  2.52089E-01  2.64674E-01 -2.87912E-02
    7119.176    -16.240   0.100  2.55347E-01  2.69212E-01 -3.16412E-02
    7119.224    -16.193   0.150  2.65331E-01  2.82748E-01 -3.94540E-02
    7119.290    -16.126   0.200  2.75392E-01  2.96284E-01 -4.69785E-02
    7119.376    -16.040   0.250  2.91176E-01  3.17054E-01 -5.74955E-02
    7119.481    -15.936   0.300  3.07295E-01  3.37825E-01 -6.70278E-02
    7119.605    -15.812   0.350  3.25461E-01  3.61353E-01 -7.75262E-02
    7119.748    -15.669   0.400  3.44411E-01  3.84880E-01 -8.60250E-02
    7119.909    -15.507   0.450  3.61763E-01  4.07077E-01 -9.44215E-02
    7120.090    -15.326   0.500  3.80400E-01  4.29274E-01 -9.98689E-02
    7120.290    -15.126   0.550  3.96452E-01  4.49195E-01 -1.05336E-01
    7120.510    -14.907   0.600  4.14132E-01  4.69116E-01 -1.07380E-01
    7120.748    -14.669   0.650  4.29607E-01  4.87543E-01 -1.10327E-01
    7121.005    -14.412   0.700  4.46740E-01  5.05971E-01 -1.10052E-01
    7121.281    -14.135   0.750  4.62277E-01  5.23788E-01 -1.11263E-01
    7121.576    -13.840   0.800  4.80200E-01  5.41604E-01 -1.08208E-01
    7121.891    -13.526   0.850  5.03297E-01  5.59334E-01 -9.60485E-02
    7122.224    -13.192   0.900  5.29991E-01  5.77064E-01 -7.85353E-02
    7122.576    -12.840   0.950  5.53528E-01  5.94930E-01 -6.71646E-02
    7122.948    -12.469   1.000  5.69884E-01  6.12796E-01 -6.77427E-02
    7123.338    -12.078   1.050  5.74597E-01  6.30808E-01 -8.63117E-02
    7123.748    -11.669   1.100  5.70729E-01  6.48820E-01 -1.16718E-01
    7124.177    -11.240   1.150  5.58934E-01  6.66856E-01 -1.57021E-01
    7124.624    -10.792   1.200  5.42321E-01  6.84892E-01 -2.02067E-01
    7125.091    -10.325   1.250  5.23078E-01  7.02724E-01 -2.48161E-01
    7125.577     -9.840   1.300  5.06885E-01  7.20555E-01 -2.87865E-01
    7126.082     -9.335   1.350  4.96647E-01  7.37923E-01 -3.17334E-01
    7126.606     -8.811   1.400  4.97181E-01  7.55290E-01 -3.31596E-01
    7127.148     -8.268   1.450  5.08648E-01  7.71906E-01 -3.30824E-01
    7127.710     -7.706   1.500  5.32955E-01  7.88522E-01 -3.14295E-01
    7128.291     -7.125   1.550  5.66285E-01  8.04112E-01 -2.86722E-01
    7128.892     -6.525   1.600  6.08655E-01  8.19701E-01 -2.49526E-01
    7129.511     -5.906   1.650  6.54409E-01  8.33976E-01 -2.08628E-01
    7130.149     -5.268   1.700  7.03365E-01  8.48252E-01 -1.65467E-01
    7130.806     -4.611   1.750  7.50184E-01  8.60982E-01 -1.24663E-01
    7131.482     -3.934   1.800  7.96220E-01  8.73712E-01 -8.59167E-02
    7132.178     -3.239   1.850  8.39158E-01  8.84690E-01 -4.98643E-02
    7132.892     -2.525   1.900  8.79978E-01  8.95667E-01 -1.69739E-02
    7133.625     -1.791   1.950  9.19477E-01  9.04668E-01  1.58691E-02
    7134.378     -1.039   2.000  9.55967E-01  9.13669E-01  4.48938E-02
    7135.149     -0.267   2.050  9.91245E-01  9.18927E-01  7.63685E-02
    7135.940      0.523   2.100  1.02144E+00  9.24185E-01  1.02183E-01
    7136.750      1.333   2.150  1.04531E+00  9.29442E-01  1.21130E-01
    7137.578      2.162   2.200  1.06176E+00  9.34700E-01  1.32174E-01
    7138.426      3.009   2.250  1.06591E+00  9.37524E-01  1.33300E-01
    7139.293      3.876   2.300  1.05882E+00  9.40347E-01  1.22784E-01
    7140.179      4.762   2.350  1.04296E+00  9.43171E-01  1.03225E-01
    7141.083      5.667   2.400  1.02167E+00  9.45994E-01  7.81315E-02
    7142.007      6.591   2.450  1.00635E+00  9.54213E-01  5.35167E-02
    7142.950      7.534   2.500  9.90628E-01  9.62433E-01  2.87741E-02
    7143.912      8.496   2.550  9.77989E-01  9.70652E-01  7.44447E-03
    7144.893      9.477   2.600  9.70619E-01  9.78871E-01 -8.32477E-03
    7145.894     10.477   2.650  9.58951E-01  9.82626E-01 -2.38042E-02
    7146.913     11.496   2.700  9.52855E-01  9.86381E-01 -3.35993E-02
    7147.951     12.534   2.750  9.53036E-01  9.90136E-01 -3.70595E-02
    7149.008     13.592   2.800  9.58932E-01  9.93892E-01 -3.48071E-02
    7150.085     14.668   2.850  9.64286E-01  9.95377E-01 -3.09222E-02
    7151.180     15.763   2.900  9.72402E-01  9.96863E-01 -2.43026E-02
    7152.294     16.878   2.950  9.82012E-01  9.98348E-01 -1.62136E-02
    7153.428     18.011   3.000  9.91929E-01  9.99834E-01 -7.83723E-03
    7154.580     19.164   3.050  9.97464E-01  9.99339E-01 -1.85829E-03
    7155.752     20.335   3.100  1.00162E+00  9.98844E-01  2.75534E-03
    7156.943     21.526   3.150  1.00463E+00  9.98348E-01  6.22827E-03
    7158.152     22.736   3.200  1.00709E+00  9.97853E-01  9.15789E-03
    7159.381     23.964   3.250  1.00838E+00  9.96843E-01  1.14493E-02
    7160.629     25.212   3.300  1.01036E+00  9.95832E-01  1.44339E-02
    7161.895     26.479   3.350  1.01367E+00  9.94822E-01  1.87480E-02
    7163.181     27.765   3.400  1.01864E+00  9.93812E-01  2.47156E-02
    7164.486     29.070   3.450  1.02368E+00  9.92391E-01  3.11851E-02
    7165.810     30.394   3.500  1.02988E+00  9.90969E-01  3.88160E-02
    7167.153     31.737   3.550  1.03657E+00  9.89548E-01  4.69576E-02
    7168.515     33.099   3.600  1.04275E+00  9.88127E-01  5.45975E-02
    7169.896     34.480   3.650  1.04722E+00  9.87008E-01  6.02473E-02
    7171.297     35.880   3.700  1.04886E+00  9.85890E-01  6.30621E-02
    7172.716     37.299   3.750  1.04638E+00  9.84771E-01  6.17588E-02
    7174.154     38.738   3.800  1.03881E+00  9.83652E-01  5.53493E-02
    7175.611     40.195   3.850  1.02553E+00  9.82805E-01  4.28937E-02
    7177.088     41.671   3.900  1.00701E+00  9.81957E-01  2.51609E-02
    7178.583     43.167   3.950  9.84277E-01  9.81110E-01  3.18171E-03
    7180.098     44.681   4.000  9.59035E-01  9.80263E-01 -2.13359E-02
    7181.631     46.215   4.050  9.33911E-01  9.79967E-01 -4.62920E-02
    7183.184     47.767   4.100  9.11230E-01  9.79672E-01 -6.87910E-02
    7184.755     49.339   4.150  8.93227E-01  9.79376E-01 -8.65896E-02
    7186.346     50.930   4.200  8.81560E-01  9.79081E-01 -9.80185E-02
    7187.956     52.539   4.250  8.78150E-01  9.79294E-01 -1.01616E-01
    7189.585     54.168   4.300  8.82000E-01  9.79508E-01 -9.79187E-02
    7191.232     55.816   4.350  8.92043E-01  9.79722E-01 -8.80087E-02
    7192.899     57.483   4.400  9.06570E-01  9.79935E-01 -7.36087E-02
    7194.585     59.169   4.450  9.24467E-01  9.80585E-01 -5.62609E-02
    7196.290     60.874   4.500  9.42674E-01  9.81235E-01 -3.86291E-02
    7198.014     62.598   4.550  9.59535E-01  9.81885E-01 -2.23722E-02
    7199.757     64.341   4.600  9.74042E-01  9.82535E-01 -8.49519E-03
    7201.519     66.103   4.650  9.86067E-01  9.83239E-01  2.82670E-03
    7203.300     67.884   4.700  9.95724E-01  9.83942E-01  1.17613E-02
    7205.101     69.684   4.750  1.00391E+00  9.84646E-01  1.92131E-02
    7206.920     71.503   4.800  1.01176E+00  9.85349E-01  2.63065E-02
    7208.758     73.342   4.850  1.02024E+00  9.86135E-01  3.39471E-02
    7210.616     75.199   4.900  1.02998E+00  9.86920E-01  4.28110E-02
    7212.492     77.076   4.950  1.04108E+00  9.87706E-01  5.30195E-02
    7214.388     78.971   5.000  1.05302E+00  9.88491E-01  6.40406E-02
    7216.302     80.886   5.050  1.06437E+00  9.89160E-01  7.45932E-02
    7218.236     82.819   5.100  1.07391E+00  9.89830E-01  8.33376E-02
    7220.188     84.772   5.150  1.08001E+00  9.90499E-01  8.86559E-02
    7222.160     86.743   5.200  1.08121E+00  9.91168E-01  8.91201E-02
    7224.151     88.734   5.250  1.07571E+00  9.91365E-01  8.34598E-02
    7226.160     90.744   5.300  1.06414E+00  9.91562E-01  7.17829E-02
    7228.189     92.773   5.350  1.04706E+00  9.91759E-01  5.46788E-02
    7230.237     94.821   5.400  1.02580E+00  9.91956E-01  3.34508E-02
    7232.304     96.887   5.450  1.00180E+00  9.91854E-01  9.82780E-03
    7234.390     98.973   5.500  9.77713E-01  9.91752E-01 -1.38816E-02
    7236.495    101.078   5.550  9.55524E-01  9.91650E-01 -3.57269E-02
    7238.619    103.203   5.600  9.36790E-01  9.91549E-01 -5.41641E-02
    7240.762    105.346   5.650  9.22237E-01  9.91000E-01 -6.80657E-02
    7242.924    107.508   5.700  9.12435E-01  9.90451E-01 -7.72817E-02
    7245.106    109.689   5.750  9.06993E-01  9.89901E-01 -8.21898E-02
    7247.306    111.889   5.800  9.05109E-01  9.89352E-01 -8.35752E-02
    7249.525    114.109   5.850  9.05610E-01  9.88336E-01 -8.21689E-02
    7251.763    116.347   5.900  9.07735E-01  9.87319E-01 -7.91445E-02
    7254.021    118.604   5.950  9.11010E-01  9.86303E-01 -7.49678E-02
    7256.297    120.881   6.000  9.15440E-01  9.85286E-01 -6.96295E-02
    7258.593    123.176   6.050  9.21346E-01  9.83931E-01 -6.25042E-02
    7260.907    125.491   6.100  9.29458E-01  9.82577E-01 -5.31454E-02
    7263.241    127.825   6.150  9.40507E-01  9.81222E-01 -4.08096E-02
    7265.594    130.177   6.200  9.54967E-01  9.79867E-01 -2.50028E-02
    7267.965    132.549   6.250  9.72818E-01  9.78513E-01 -5.72889E-03
    7270.356    134.940   6.300  9.93389E-01  9.77158E-01  1.63572E-02
    7272.766    137.349   6.350  1.01535E+00  9.75803E-01  3.99270E-02
    7275.195    139.778   6.400  1.03683E+00  9.74448E-01  6.30990E-02
    7277.643    142.226   6.450  1.05567E+00  9.73094E-01  8.36817E-02
    7280.110    144.693   6.500  1.06975E+00  9.71739E-01  9.94966E-02
    7282.596    147.179   6.550  1.07715E+00  9.70383E-01  1.08599E-01
    7285.101    149.684   6.600  1.07683E+00  9.69026E-01  1.09859E-01
    7287.625    152.208   6.650  1.06852E+00  9.67670E-01  1.02971E-01
    7290.168    154.752   6.700  1.05291E+00  9.66314E-01  8.85925E-02
    7292.730    157.314   6.750  1.03155E+00  9.64958E-01  6.82590E-02
    7295.312    159.895   6.800  1.00660E+00  9.63602E-01  4.41573E-02
    7297.912    162.495   6.850  9.80512E-01  9.62246E-01  1.87952E-02
    7300.531    165.115   6.900  9.55680E-01  9.60890E-01 -5.37110E-03
    7303.170    167.753   6.950  9.34088E-01  9.59533E-01 -2.62839E-02
    7305.827    170.411   7.000  9.17070E-01  9.58177E-01 -4.25451E-02
    7308.504    173.087   7.050  9.05423E-01  9.57178E-01 -5.36428E-02
    7311.199    175.783   7.100  8.98746E-01  9.56178E-01 -5.96146E-02
    7313.914    178.497   7.150  8.96241E-01  9.55179E-01 -6.12664E-02
    7316.648    181.231   7.200  8.96724E-01  9.54179E-01 -5.98130E-02
    7319.400    183.984   7.250  8.98903E-01  9.53180E-01 -5.65869E-02
    7322.172    186.755   7.300  9.01652E-01  9.52180E-01 -5.27557E-02
    7324.963    189.546   7.350  9.04220E-01  9.51181E-01 -4.91034E-02
    7327.773    192.356   7.400  9.06335E-01  9.50181E-01 -4.59141E-02
    7330.602    195.185   7.450  9.08203E-01  9.49182E-01 -4.29752E-02
    7333.450    198.033   7.500  9.10391E-01  9.48183E-01 -3.96910E-02
    7336.317    200.900   7.550  9.14013E-01  9.47526E-01 -3.52391E-02
    7339.203    203.786   7.600  9.19431E-01  9.46870E-01 -2.88863E-02
    7342.108    206.691   7.650  9.27095E-01  9.46213E-01 -2.01512E-02
    7345.032    209.615   7.700  9.37065E-01  9.45557E-01 -8.96076E-03
    7347.975    212.559   7.750  9.48957E-01  9.44901E-01  4.28600E-03
    7350.937    215.521   7.800  9.61971E-01  9.44244E-01  1.87518E-02
    7353.919    218.502   7.850  9.75014E-01  9.43588E-01  3.32823E-02
    7356.919    221.503   7.900  9.86868E-01  9.42931E-01  4.65869E-02
    7359.938    224.522   7.950  9.96382E-01  9.42275E-01  5.74394E-02
    7362.977    227.560   8.000  1.00264E+00  9.41619E-01  6.48595E-02
    7366.034    230.618   8.050  1.00475E+00  9.40674E-01  6.81737E-02
    7369.111    233.694   8.100  1.00284E+00  9.39730E-01  6.72143E-02
    7372.207    236.790   8.150  9.97165E-01  9.38786E-01  6.22361E-02
    7375.321    239.905   8.200  9.88285E-01  9.37842E-01  5.38294E-02
    7378.455    243.038   8.250  9.76960E-01  9.36898E-01  4.27945E-02
    7381.608    246.191   8.300  9.64016E-01  9.35954E-01  3.00064E-02
    7384.780    249.363   8.350  9.50240E-01  9.35010E-01  1.63010E-02
    7387.970    252.554   8.400  9.36310E-01  9.34066E-01  2.40418E-03
    7391.180    255.764   8.450  9.22783E-01  9.33122E-01 -1.10892E-02
    7394.409    258.993   8.500  9.10110E-01  9.32178E-01 -2.36921E-02
    7397.657    262.241   8.550  8.98511E-01  9.31092E-01 -3.50149E-02
    7400.924    265.508   8.600  8.88559E-01  9.30006E-01 -4.45899E-02
    7404.210    268.794   8.650  8.80662E-01  9.28920E-01 -5.19710E-02
    7407.516    272.099   8.700  8.75231E-01  9.27834E-01 -5.67090E-02
    7410.840    275.423   8.750  8.72633E-01  9.26748E-01 -5.83984E-02
    7414.183    278.767   8.800  8.73125E-01  9.25662E-01 -5.67547E-02
    7417.545    282.129   8.850  8.76764E-01  9.24576E-01 -5.17040E-02
    7420.927    285.510   8.900  8.83342E-01  9.23490E-01 -4.34607E-02
    7424.327    288.911   8.950  8.92350E-01  9.22404E-01 -3.25683E-02
    7427.747    292.330   9.000  9.02988E-01  9.21318E-01 -1.98842E-02
    7431.185    295.769   9.050  9.14116E-01  9.20143E-01 -6.54564E-03
    7434.643    299.226   9.100  9.24778E-01  9.18968E-01  6.31757E-03
    7438.119    302.703   9.150  9.33952E-01  9.17793E-01  1.75913E-02
    7441.615    306.198   9.200  9.40834E-01  9.16618E-01  2.63929E-02
    7445.130    309.713   9.250  9.44952E-01  9.15443E-01  3.22005E-02
    7448.663    313.247   9.300  9.46234E-01  9.14268E-01  3.49221E-02
    7452.216    316.800   9.350  9.44991E-01  9.13093E-01  3.48891E-02
    7455.788    320.372   9.400  9.41846E-01  9.11918E-01  3.27732E-02
    7459.379    323.963   9.450  9.37596E-01  9.10743E-01  2.94413E-02
    7462.989    327.572   9.500  9.33051E-01  9.09568E-01  2.57766E-02
    7466.618    331.201   9.550  9.29008E-01  9.08432E-01  2.26135E-02
    7470.266    334.850   9.600  9.25678E-01  9.07297E-01  2.02258E-02
    7473.933    338.517   9.650  9.23088E-01  9.06161E-01  1.86485E-02
    7477.619    342.203   9.700  9.20952E-01  9.05025E-01  1.75676E-02
    7481.325    345.908   9.750  9.18750E-01  9.03889E-01  1.64114E-02
    7485.049    349.632   9.800  9.15866E-01  9.02754E-01  1.44986E-02
    7488.792    353.376   9.850  9.11746E-01  9.01618E-01  1.12123E-02
    7492.554    357.138   9.900  9.06044E-01  9.00482E-01  6.16416E-03
    7496.336    360.919   9.950  8.98727E-01  8.99347E-01 -6.87369E-04
    7500.136    364.720  10.000  8.90122E-01  8.98211E-01 -8.98816E-03
    7503.956    368.539  10.050  8.80873E-01  8.97109E-01 -1.80606E-02
    7507.794    372.378  10.100  8.71849E-01  8.96007E-01 -2.69047E-02
    7511.652    376.236  10.150  8.63990E-01  8.94905E-01 -3.44701E-02
    7515.529    380.112  10.200  8.58158E-01  8.93803E-01 -3.97898E-02
    7519.424    384.008  10.250  8.54994E-01  8.92701E-01 -4.21415E-02
    7523.339    387.923  10.300  8.54808E-01  8.91599E-01 -4.11660E-02
    7527.273    391.856  10.350  8.57538E-01  8.90497E-01 -3.69212E-02
    7531.226    395.809  10.400  8.62767E-01  8.89396E-01 -2.98650E-02
    7535.198    399.781  10.450  8.69794E-01  8.88294E-01 -2.07726E-02
    7539.189    403.772  10.500  8.77757E-01  8.87192E-01 -1.06065E-02
    7543.199    407.782  10.550  8.85764E-01  8.86090E-01 -3.66225E-04
    7547.228    411.811  10.600  8.93023E-01  8.84988E-01  9.05408E-03
    7551.276    415.859  10.650  8.98933E-01  8.83886E-01  1.69749E-02
    7555.343    419.926  10.700  9.03139E-01  8.82784E-01  2.29909E-02
    7559.429    424.013  10.750  9.05536E-01  8.81682E-01  2.69748E-02
    7563.534    428.118  10.800  9.06224E-01  8.80580E-01  2.90328E-02
    7567.659    432.242  10.850  9.05438E-01  8.79478E-01  2.94260E-02
    7571.802    436.386  10.900  9.03472E-01  8.78376E-01  2.84804E-02
    7575.965    440.548  10.950  9.00602E-01  8.77274E-01  2.65052E-02
    7580.146    444.729  11.000  8.97040E-01  8.76172E-01  2.37381E-02
    7584.347    448.930  11.050  8.92753E-01  8.74878E-01  2.03633E-02
    7588.566    453.150  11.100  8.87889E-01  8.73584E-01  1.63199E-02
    7592.805    457.388  11.150  8.82506E-01  8.72290E-01  1.16725E-02
    7597.062    461.646  11.200  8.76696E-01  8.70996E-01  6.52257E-03
    7601.339    465.923  11.250  8.70614E-01  8.69702E-01  1.04484E-03
    7605.635    470.218  11.300  8.64488E-01  8.68408E-01 -4.49786E-03
    7609.950    474.533  11.350  8.58614E-01  8.67113E-01 -9.76738E-03
    7614.283    478.867  11.400  8.53316E-01  8.65819E-01 -1.43896E-02
    7618.636    483.220  11.450  8.48898E-01  8.64525E-01 -1.80121E-02
    7623.008    487.592  11.500  8.45587E-01  8.63231E-01 -2.03663E-02
    7627.399    491.983  11.550  8.43494E-01  8.61937E-01 -2.13197E-02
    7631.809    496.393  11.600  8.42586E-01  8.60643E-01 -2.09045E-02
    7636.239    500.822  11.650  8.42691E-01  8.59349E-01 -1.93139E-02
    7640.687    505.270  11.700  8.43528E-01  8.58055E-01 -1.68671E-02
    7645.154    509.737  11.750  8.44767E-01  8.56761E-01 -1.39472E-02
    7649.640    514.224  11.800  8.46084E-01  8.55466E-01 -1.09265E-02
    7654.145    518.729  11.850  8.47231E-01  8.54172E-01 -8.09532E-03
    7658.670    523.253  11.900  8.48075E-01  8.52878E-01 -5.61007E-03
    7663.213    527.797  11.950  8.48616E-01  8.51584E-01 -3.47214E-03
    7667.776    532.359  12.000  8.48972E-01  8.50290E-01 -1.54412E-03
    7672.357    536.941  12.050  8.49333E-01  8.48963E-01  4.33680E-04
    7676.958    541.541  12.100  8.49929E-01  8.47637E-01  2.69352E-03
    7681.577    546.161  12.150  8.50907E-01  8.46310E-01  5.41092E-03
    7686.216    550.799  12.200  8.52304E-01  8.44983E-01  8.63060E-03
    7690.874    555.457  12.250  8.54009E-01  8.43657E-01  1.22244E-02
    7695.550    560.134  12.300  8.55762E-01  8.42330E-01  1.58864E-02
    7700.246    564.830  12.350  8.57184E-01  8.41003E-01  1.91686E-02
    7704.961    569.545  12.400  8.57841E-01  8.39677E-01  2.15527E-02
    7709.695    574.278  12.450  8.57320E-01  8.38350E-01  2.25447E-02
    7714.448    579.031  12.500  8.55316E-01  8.37023E-01  2.17741E-02
    7719.220    583.803  12.550  8.51699E-01  8.35697E-01  1.90785E-02
    7724.011    588.594  12.600  8.46558E-01  8.34370E-01  1.45546E-02
    7728.821    593.405  12.650  8.40204E-01  8.33043E-01  8.56487E-03
    7733.650    598.234  12.700  8.33132E-01  8.31717E-01  1.69630E-03
    7738.498    603.082  12.750  8.25954E-01  8.30390E-01 -5.32276E-03
    7743.366    607.949  12.800  8.19301E-01  8.29063E-01 -1.17328E-02
    7748.252    612.836  12.850  8.13731E-01  8.27737E-01 -1.68605E-02
    7753.157    617.741  12.900  8.09640E-01  8.26410E-01 -2.02207E-02
    7758.082    622.665  12.950  8.07211E-01  8.25083E-01 -2.15857E-02
    7763.025    627.609  13.000  8.06391E-01  8.23756E-01 -2.10076E-02
    7767.988    632.571  13.050  8.06811E-01  8.22392E-01 -1.88793E-02
    7772.969    637.553  13.100  8.08191E-01  8.21027E-01 -1.55795E-02
    7777.970    642.553  13.150  8.10072E-01  8.19662E-01 -1.16599E-02
    7782.990    647.573  13.200  8.12006E-01  8.18297E-01 -7.66165E-03
    7788.028    652.612  13.250  8.13633E-01  8.16932E-01 -4.02467E-03
    7793.086    657.670  13.300  8.14728E-01  8.15567E-01 -1.02532E-03
    7798.163    662.746  13.350  8.15222E-01  8.14202E-01  1.24786E-03
    7803.259    667.842  13.400  8.15184E-01  8.12837E-01  2.87775E-03
    7808.374    672.957  13.450  8.14784E-01  8.11472E-01  4.06759E-03
    7813.508    678.091  13.500  8.14227E-01  8.10107E-01  5.06870E-03
    7818.661    683.244  13.550  8.13695E-01  8.08742E-01  6.10406E-03
    7823.833    688.416  13.600  8.13295E-01  8.07378E-01  7.30519E-03
    7829.024    693.607  13.650  8.13028E-01  8.06013E-01  8.67600E-03
    7834.234    698.817  13.700  8.12793E-01  8.04648E-01  1.00907E-02
    7839.463    704.047  13.750  8.12409E-01  8.03283E-01  1.13247E-02
    7844.711    709.295  13.800  8.11661E-01  8.01918E-01  1.21104E-02
    7849.979    714.562  13.850  8.10354E-01  8.00553E-01  1.22038E-02
    7855.265    719.848  13.900  8.08364E-01  7.99188E-01  1.14455E-02
    7860.570    725.154  13.950  8.05668E-01  7.97823E-01  9.80240E-03
    7865.895    730.478  14.000  8.02356E-01  7.96458E-01  7.38131E-03
    7871.238    735.822  14.050  7.98513E-01  7.95016E-01  4.38459E-03
    7876.601    741.184  14.100  7.94507E-01  7.93574E-01  1.17246E-03
    7881.982    746.566  14.150  7.90598E-01  7.92132E-01 -1.93008E-03
    7887.383    751.967  14.200  7.86994E-01  7.90689E-01 -4.65968E-03
    7892.803    757.386  14.250  7.83820E-01  7.89247E-01 -6.85587E-03
    7898.242    762.825  14.300  7.81110E-01  7.87805E-01 -8.47345E-03
    7903.699    768.283  14.350  7.78819E-01  7.86363E-01 -9.56500E-03
    7909.176    773.760  14.400  7.76860E-01  7.84921E-01 -1.02401E-02
    7914.672    779.256  14.450  7.75139E-01  7.83478E-01 -1.06135E-02
    7920.187    784.771  14.500  7.73599E-01  7.82036E-01 -1.07580E-02
    7925.721    790.305  14.550  7.72239E-01  7.80594E-01 -1.06732E-02
    7931.274    795.858  14.600  7.71119E-01  7.79152E-01 -1.02815E-02
    7936.846    801.430  14.650  7.70339E-01  7.77709E-01 -9.45084E-03
    7942.437    807.021  14.700  7.70010E-01  7.76267E-01 -8.03889E-03
    7948.048    812.631  14.750  7.70204E-01  7.74825E-01 -5.94778E-03
    7953.677    818.260  14.800  7.70922E-01  7.73383E-01 -3.17397E-03
    7959.325    823.909  14.850  7.72064E-01  7.71941E-01  1.60007E-04
    7964.993    829.576  14.900  7.73435E-01  7.70498E-01  3.80182E-03
    7970.679    835.262  14.950  7.74759E-01  7.69056E-01  7.39651E-03
    7976.384    840.968  15.000  7.75725E-01  7.67614E-01  1.05402E-02
    7982.109    846.692  15.050  7.76125E-01  7.66179E-01  1.29488E-02
    7987.852    852.436  15.100  7.75663E-01  7.64745E-01  1.42413E-02
    7993.615    858.198  15.150  7.74180E-01  7.63311E-01  1.42054E-02
    7999.397    863.980  15.200  7.71667E-01  7.61876E-01  1.28208E-02
    8005.197    869.781  15.250  7.68276E-01  7.60442E-01  1.02775E-02
    8011.017    875.601  15.300  7.64294E-01  7.59007E-01  6.94919E-03
    8016.856    881.439  15.350  7.60098E-01  7.57573E-01  3.32617E-03
    8022.714    887.297  15.400  7.56079E-01  7.56138E-01 -7.87376E-05
    8028.591    893.174  15.450  7.52563E-01  7.54704E-01 -2.83064E-03
    8034.487    899.070  15.500  7.49755E-01  7.53270E-01 -4.65607E-03
    8040.402    904.985  15.550  7.47699E-01  7.51835E-01 -5.49013E-03
    8046.336    910.919  15.600  7.46283E-01  7.50401E-01 -5.47609E-03
    8052.289    916.872  15.650  7.45276E-01  7.48966E-01 -4.91761E-03
    8058.261    922.844  15.700  7.44389E-01  7.47532E-01 -4.19534E-03
    8064.252    928.836  15.750  7.43355E-01  7.46097E-01 -3.66812E-03
    8070.262    934.846  15.800  7.41990E-01  7.44663E-01 -3.58297E-03
    8076.292    940.875  15.850  7.40238E-01  7.43229E-01 -4.01556E-03
    8082.340    946.924  15.900  7.38186E-01  7.41794E-01 -4.85559E-03
    8088.407    952.991  15.950  7.36028E-01  7.40360E-01 -5.83975E-03
    8094.494    959.077  16.000  7.34022E-01  7.38925E-01 -6.62344E-03
    8100.599    965.183  16.050  7.32360E-01  7.37445E-01 -6.88380E-03
    8106.724    971.307  16.100  7.31231E-01  7.35965E-01 -6.42079E-03
    8112.868    977.451  16.150  7.30708E-01  7.34484E-01 -5.13225E-03
    8119.030    983.614  16.200  7.30740E-01  7.33004E-01 -3.08339E-03
    8125.212    989.795  16.250  7.31158E-01  7.31523E-01 -4.99149E-04
    8131.413    995.996  16.300  7.31710E-01  7.30043E-01  2.28042E-03
    8137.632   1002.216  16.350  7.32117E-01  7.28563E-01  4.87090E-03
    8143.871   1008.455  16.400  7.32123E-01  7.27082E-01  6.92324E-03
    8150.129   1014.713  16.450  7.31556E-01  7.25602E-01  8.19374E-03
    8156.406   1020.990  16.500  7.30349E-01  7.24122E-01  8.58816E-03
    8162.702   1027.286  16.550  7.28553E-01  7.22641E-01  8.17046E-03
    8169.017   1033.601  16.600  7.26313E-01  7.21161E-01  7.13554E-03
    8175.351   1039.935  16.650  7.23827E-01  7.19680E-01  5.75387E-03
    8181.704   1046.288  16.700  7.21294E-01  7.18200E-01  4.30237E-03
    8188.077   1052.660  16.750  7.18872E-01  7.16720E-01  2.99892E-03
    8194.468   1059.051  16.800  7.16640E-01  7.15239E-01  1.95611E-03
    8200.878   1065.462  16.850  7.14592E-01  7.13759E-01  1.16522E-03
    8207.308   1071.891  16.900  7.12645E-01  7.12279E-01  5.13253E-04
    8213.756   1078.339  16.950  7.10676E-01  7.10798E-01 -1.71843E-04
    8220.223   1084.807  17.000  7.08565E-01  7.09318E-01 -1.05973E-03
    8226.710   1091.293  17.050  7.06223E-01  7.07851E-01 -2.29770E-03
    8233.215   1097.799  17.100  7.03668E-01  7.06384E-01 -3.84103E-03
    8239.740   1104.323  17.150  7.01004E-01  7.04917E-01 -5.54610E-03
    8246.284   1110.867  17.200  6.98411E-01  7.03450E-01 -7.15737E-03
    8252.846   1117.430  17.250  6.96112E-01  7.01983E-01 -8.35726E-03
    8259.428   1124.012  17.300  6.94321E-01  7.00515E-01 -8.83717E-03
    8266.029   1130.612  17.350  6.93191E-01  6.99048E-01 -8.37362E-03
    8272.649   1137.232  17.400  6.92771E-01  6.97581E-01 -6.89120E-03
    8279.288   1143.871  17.450  6.92982E-01  6.96114E-01 -4.49683E-03
    8285.946   1150.529  17.500  6.93622E-01  6.94647E-01 -1.47569E-03
    8292.623   1157.206  17.550  6.94395E-01  6.93180E-01  1.75221E-03
    8299.319   1163.902  17.600  6.94970E-01  6.91713E-01  4.70697E-03
    8306.034   1170.617  17.650  6.95038E-01  6.90246E-01  6.94005E-03
    8312.768   1177.351  17.700  6.94375E-01  6.88779E-01  8.12258E-03
    8319.521   1184.105  17.750  6.92889E-01  6.87312E-01  8.11171E-03
    8326.293   1190.877  17.800  6.90633E-01  6.85845E-01  6.98046E-03
    8333.085   1197.668  17.850  6.87803E-01  6.84378E-01  5.00387E-03
    8339.895   1204.478  17.900  6.84689E-01  6.82911E-01  2.60414E-03
    8346.724   1211.308  17.950  6.81625E-01  6.81444E-01  2.65490E-04
    8353.573   1218.156  18.000  6.78914E-01  6.79977E-01 -1.56336E-03
    8360.440   1225.024  18.050  6.76773E-01  6.78502E-01 -2.54910E-03
    8367.327   1231.910  18.100  6.75284E-01  6.77028E-01 -2.57608E-03
    8374.232   1238.816  18.150  6.74389E-01  6.75554E-01 -1.72486E-03
    8381.157   1245.741  18.200  6.73899E-01  6.74080E-01 -2.67979E-04
    8388.101   1252.684  18.250  6.73540E-01  6.72605E-01  1.39029E-03
    8395.064   1259.647  18.300  6.73011E-01  6.71131E-01  2.80091E-03
    8402.045   1266.629  18.350  6.72044E-01  6.69657E-01  3.56578E-03
    8409.046   1273.630  18.400  6.70469E-01  6.68183E-01  3.42236E-03
    8416.066   1280.650  18.450  6.68242E-01  6.66709E-01  2.30008E-03
    8423.105   1287.688  18.500  6.65459E-01  6.65234E-01  3.37296E-04
    8430.163   1294.746  18.550  6.62337E-01  6.63760E-01 -2.14411E-03
    8437.240   1301.824  18.600  6.59174E-01  6.62286E-01 -4.70101E-03
    8444.336   1308.920  18.650  6.56284E-01  6.60812E-01 -6.85519E-03
    8451.451   1316.035  18.700  6.53943E-01  6.59337E-01 -8.18606E-03
    8458.585   1323.169  18.750  6.52332E-01  6.57863E-01 -8.41156E-03
    8465.739   1330.322  18.800  6.51507E-01  6.56389E-01 -7.44174E-03
    8472.911   1337.495  18.850  6.51383E-01  6.54915E-01 -5.39516E-03
    8480.102   1344.686  18.900  6.51758E-01  6.53441E-01 -2.57583E-03
    8487.313   1351.896  18.950  6.52347E-01  6.51966E-01  5.83972E-04
    8494.542   1359.126  19.000  6.52834E-01  6.50492E-01  3.60306E-03
    8501.791   1366.374  19.050  6.52961E-01  6.49033E-01  6.05633E-03
    8509.058   1373.642  19.100  6.52487E-01  6.47574E-01  7.59181E-03
    8516.345   1380.928  19.150  6.51308E-01  6.46115E-01  8.04371E-03
    8523.650   1388.234  19.200  6.49445E-01  6.44656E-01  7.43383E-03
    8530.975   1395.559  19.250  6.47025E-01  6.43197E-01  5.95597E-03
    8538.319   1402.902  19.300  6.44258E-01  6.41738E-01  3.92979E-03
    8545.682   1410.265  19.350  6.41389E-01  6.40279E-01  1.73437E-03
    8553.064   1417.647  19.400  6.38651E-01  6.38820E-01 -2.64859E-04
    8560.464   1425.048  19.450  6.36227E-01  6.37361E-01 -1.78158E-03
    8567.884   1432.468  19.500  6.34216E-01  6.35902E-01 -2.65455E-03
    8575.323   1439.907  19.550  6.32627E-01  6.34443E-01 -2.86615E-03
    8582.781   1447.365  19.600  6.31384E-01  6.32984E-01 -2.53182E-03
    8590.259   1454.842  19.650  6.30350E-01  6.31525E-01 -1.86386E-03
    8597.755   1462.338  19.700  6.29363E-01  6.30066E-01 -1.11836E-03
    8605.270   1469.853  19.750  6.28271E-01  6.28607E-01 -5.36551E-04
    8612.804   1477.388  19.800  6.26965E-01  6.27148E-01 -2.92823E-04
    8620.357   1484.941  19.850  6.25402E-01  6.25689E-01 -4.59476E-04
    8627.930   1492.513  19.900  6.23610E-01  6.24231E-01 -9.94881E-04
    8635.521   1500.105  19.950  6.21679E-01  6.22772E-01 -1.75659E-03
    8643.132   1507.715  20.000  6.19739E-01  6.21313E-01 -2.53594E-03
