# # Once                                                         FEFF 9.6.4  
# # POT  SCF 100  5.0000   0, core-hole, AFOLP (folp(0)= 1.150)
# # Abs   Z=25 Rmt= 1.265 Rnm= 1.346 K  shell
# # Pot 1 Z= 6 Rmt= 1.006 Rnm= 1.098
# # Pot 2 Z=31 Rmt= 1.481 Rnm= 1.501
# # Pot 3 Z=25 Rmt= 1.271 Rnm= 1.355
# # Gam_ch=1.193E+00 H-L exch Vi= 0.000E+00 Vr= 0.000E+00
# # Mu=-1.412E+01 kf=2.284E+00 Vint=-2.515E+01 Rs_int= 1.588
# # PATH  Rmax= 6.000,  Keep_limit= 0.00, Heap_limit 0.00  Pwcrit= 2.50%
#  S02=0.900  Temp=  20.00  Debye_temp= 600.00  Global_sig2= 0.00500
#  Energy zero shift, vr, vi    0.00000E+00   0.00000E+00
#  Curved wave amplitude ratio filter   4.000%
#     file         sig2 tot  cw amp ratio   deg  nlegs   reff  inp sig2
#           1       0.00969    100.00      1.00     2   1.9523
#           2       0.00969     27.18      1.00     2   1.9523
#           3       0.00969     40.74      1.00     2   1.9523
#           4       0.00701     75.86      1.00     2   2.6145
#           5       0.00701      6.14      1.00     2   2.6145
#           6       0.00701      5.51      1.00     2   2.6145
#           8       0.00684     36.02      1.00     2   2.7120
#           9       0.00684     15.30      1.00     2   2.7120
#          10       0.00712    110.30      2.00     2   2.9000
#          11       0.00712      7.01      2.00     2   2.9000
#          12       0.00712     55.54      2.00     2   2.9000
#          13       0.00871      4.88      2.00     3   3.2595
#          14       0.00871     23.60      2.00     3   3.2595
#          16       0.00871      8.86      2.00     3   3.2595
#          18       0.00871     15.07      2.00     3   3.2595
#          19       0.01339     25.09      2.00     3   3.4023
#          20       0.01339     21.21      2.00     3   3.4023
#          21       0.01339     12.16      2.00     3   3.4023
#          22       0.00848      6.92      2.00     3   3.4023
#          23       0.00848     27.86      2.00     3   3.4023
#          24       0.00848      5.91      2.00     3   3.4023
#          25       0.00848     19.66      2.00     3   3.4023
#          26       0.00848     12.84      2.00     3   3.4023
#          27       0.00848     10.89      2.00     3   3.4023
#          28       0.01116     39.23      1.00     2   3.4959
#          30       0.01116      9.35      1.00     2   3.4959
#          31       0.00718     21.27      1.00     2   3.9045
#          32       0.00718      5.86      1.00     2   3.9045
#          33       0.00718      8.75      1.00     2   3.9045
#          34       0.00718     65.46      2.00     3   3.9045
#          35       0.00718     20.94      2.00     3   3.9045
#          36       0.00718     29.27      2.00     3   3.9045
#          37       0.02375     13.12      1.00     4   3.9045
#          38       0.02375      4.05      1.00     4   3.9045
#          39       0.02375      5.75      1.00     4   3.9045
#          40       0.01363      8.93      1.00     4   3.9045
#          41       0.01363      6.27      1.00     4   3.9045
#          42       0.00718     50.55      1.00     4   3.9045
#          44       0.01363      5.60      1.00     4   3.9045
#          46       0.01363      4.07      1.00     4   3.9045
#          47       0.00718     16.25      1.00     4   3.9045
#          48       0.00718     22.68      1.00     4   3.9045
#          49       0.00695     24.09      1.00     2   3.9705
#          52       0.01041      4.41      2.00     3   4.0313
#          53       0.01041      5.09      2.00     3   4.0313
#          55       0.01041     21.06      2.00     3   4.0313
#          58       0.00693      4.41      1.00     2   4.1415
#          59       0.01262     16.66      2.00     3   4.1741
#          62       0.01262      4.54      2.00     3   4.1741
#          63       0.01262     13.83      2.00     3   4.1741
#          65       0.01021     14.94      2.00     3   4.1741
#          66       0.01021     11.71      2.00     3   4.1741
#          68       0.01021      8.25      2.00     3   4.1741
#          71       0.00715      5.26      1.00     2   4.2670
#          72       0.00739      4.07      4.00     3   4.3500
#          73       0.00739     11.48      4.00     3   4.3500
#          74       0.00739      4.10      4.00     3   4.3500
#          75       0.01098     17.14      1.00     2   4.5422
#          77       0.01098     13.02      1.00     2   4.5422
#          78       0.01098      8.44      1.00     2   4.5422
#          79       0.01098      7.49      1.00     2   4.5422
#          80       0.01098      4.92      1.00     2   4.5422
#          82       0.01304      4.54      2.00     4   4.5667
#          89       0.01072      8.56      2.00     3   4.6266
#          92       0.01081      6.66      2.00     4   4.6643
#          93       0.01079      4.66      2.00     3   4.6972
#          95       0.01079      8.81      2.00     3   4.6972
#          96       0.01079      5.56      2.00     3   4.6972
#          97       0.01079      6.73      2.00     3   4.6972
#          98       0.01079     13.86      2.00     3   4.6972
#          99       0.01138     13.68      2.00     3   4.6972
#         101       0.01138     24.89      2.00     3   4.6972
#         102       0.01138     14.98      2.00     3   4.6972
#         103       0.01138      9.41      2.00     3   4.6972
#         104       0.01138     11.71      2.00     3   4.6972
#         106       0.01079     11.81      2.00     3   4.6972
#         107       0.01079     15.56      2.00     3   4.6972
#         108       0.01079      4.94      2.00     3   4.6972
#         109       0.01079      6.87      2.00     3   4.6972
#         110       0.01079      7.72      2.00     3   4.6972
#         113       0.00735      8.09      2.00     4   4.7095
#         115       0.00735      7.07      2.00     4   4.7095
#         116       0.00735      5.10      2.00     4   4.7095
#         117       0.00735      4.90      2.00     4   4.7095
#         119       0.00735      4.12      2.00     4   4.7095
#         122       0.00735      4.32      2.00     4   4.7095
#         124       0.01081      6.45      2.00     4   4.8523
#         128       0.01081      5.48      2.00     4   4.8523
#         132       0.01081      4.75      2.00     4   4.8523
#         133       0.01119      5.67      2.00     4   4.8523
#         134       0.01081     10.12      2.00     4   4.8523
#         137       0.02663      6.80      1.00     4   4.8523
#         138       0.02663      5.43      1.00     4   4.8523
#         144       0.01315     10.51      1.00     4   4.8523
#         146       0.01315     11.51      1.00     4   4.8523
#         147       0.01081     13.35      2.00     4   4.8523
#         148       0.01315      4.52      1.00     4   4.8523
#         149       0.01315      4.87      1.00     4   4.8523
#         151       0.01315      4.64      1.00     4   4.8523
#         154       0.01081      7.50      2.00     4   4.8523
#         156       0.01081      8.04      2.00     4   4.8523
#         157       0.01081      6.38      2.00     4   4.8523
#         158       0.01081      5.15      2.00     4   4.8523
#         165       0.00711     20.52      1.00     2   4.8637
#         166       0.00711     15.14      1.00     2   4.8637
#         170       0.00711      5.95      1.00     2   4.8637
#         171       0.00688     12.26      1.00     2   4.9168
#         173       0.00688      6.00      1.00     2   4.9168
#         174       0.00688      5.34      1.00     2   4.9168
#         175       0.00688      4.26      1.00     2   4.9168
#         177       0.00710     28.13      2.00     2   5.0229
#         179       0.00710     14.78      2.00     2   5.0230
#         180       0.00688      9.97      1.00     2   5.0559
#         183       0.00688      7.11      1.00     2   5.0559
#         187       0.00799     14.93      2.00     3   5.1559
#         189       0.00799     12.90      2.00     3   5.1559
#         190       0.00799      7.51      2.00     3   5.1559
#         192       0.00799      4.36      2.00     3   5.1559
#         193       0.00799     11.69      2.00     3   5.1559
#         197       0.00799      4.21      2.00     3   5.1559
#         199       0.00711     12.84      1.00     2   5.1592
#         201       0.00711      9.15      1.00     2   5.1592
#         203       0.00711      4.20      1.00     2   5.1592
#         206       0.00721      4.48      2.00     3   5.1891
#         207       0.00721      6.11      2.00     3   5.1891
#         210       0.00721      9.49      2.00     3   5.1891
#         212       0.00721      7.60      2.00     3   5.1891
#         214       0.00721      4.18      2.00     3   5.1891
#         215       0.00721      9.49      2.00     3   5.1891
#         219       0.00721      6.47      2.00     3   5.1891
#         227       0.00693      5.63      2.00     3   5.1912
#         228       0.00693      4.91      2.00     3   5.1912
#         230       0.00693      6.60      2.00     3   5.1912
#         237       0.01432      9.81      2.00     3   5.2356
#         239       0.01432      7.74      2.00     3   5.2356
#         240       0.00776      8.20      2.00     3   5.2356
#         241       0.00776      9.06      2.00     3   5.2356
#         243       0.00776     11.35      2.00     3   5.2356
#         245       0.00776      5.55      2.00     3   5.2356
#         247       0.00758      5.59      2.00     3   5.2822
#         264       0.01129      5.97      2.00     4   5.3545
#         265       0.01129      5.64      2.00     4   5.3545
#         270       0.01129      6.66      2.00     5   5.3545
#         271       0.01129      8.57      2.00     5   5.3545
#         272       0.01129      6.43      2.00     5   5.3545
#         273       0.01129      7.76      2.00     5   5.3545
#         274       0.01129      4.04      2.00     5   5.3545
#         276       0.01129     12.56      2.00     5   5.3545
#         277       0.01129     14.20      2.00     5   5.3545
#         278       0.01129      5.15      2.00     5   5.3545
#         280       0.01129      5.17      2.00     5   5.3545
#         281       0.01129      5.43      2.00     5   5.3545
#         284       0.00723      6.74      4.00     3   5.4115
#         286       0.00723     11.45      4.00     3   5.4115
#         287       0.00723      7.50      4.00     3   5.4115
#         289       0.00723      4.24      4.00     3   5.4115
#         290       0.00723      9.66      4.00     3   5.4115
#         296       0.00996      4.24      1.00     4   5.4482
#         313       0.01099      6.11      1.00     2   5.5305
#         321       0.00715     19.09      2.00     2   5.8000
#         323       0.00715     10.08      2.00     2   5.8000
#         324       0.00715      5.49      2.00     3   5.8000
#         326       0.00715     10.21      2.00     3   5.8000
#         327       0.00715     45.77      4.00     3   5.8000
#         329       0.00715     24.61      4.00     3   5.8000
#         330       0.00715      5.32      2.00     4   5.8000
#         332       0.00715      9.73      2.00     4   5.8000
#         333       0.01350      4.63      2.00     4   5.8000
#         336       0.00715     32.32      2.00     4   5.8000
#         338       0.00715     17.48      2.00     4   5.8000
#         339       0.01406      4.99      2.00     4   5.8568
#         345       0.01406      7.25      2.00     5   5.8568
#         346       0.01406      8.05      2.00     5   5.8568
#         351       0.01406      8.75      2.00     5   5.8568
#         355       0.01406     12.19      2.00     6   5.8568
#         359       0.01406      5.36      2.00     6   5.8568
#         360       0.01406      7.47      1.00     6   5.8568
#   177/ 222 paths used
#  xsedge+50, used to normalize mu           3.5307E-04
#  -----------------------------------------------------------------------
#  omega    e    k    mu    mu0     chi     @#
    6545.567    -14.113   0.050  4.52663E-01  3.28059E-01  2.09380E-01
    6545.595    -14.084   0.100  4.71615E-01  3.34451E-01  2.30178E-01
    6545.643    -14.036   0.150  5.24726E-01  3.53117E-01  2.86847E-01
    6545.709    -13.970   0.200  5.74591E-01  3.71785E-01  3.37668E-01
    6545.795    -13.884   0.250  6.45427E-01  3.99496E-01  4.06840E-01
    6545.900    -13.779   0.300  7.07995E-01  4.27207E-01  4.61540E-01
    6546.024    -13.655   0.350  7.71551E-01  4.56522E-01  5.13321E-01
    6546.167    -13.513   0.400  8.21553E-01  4.85836E-01  5.42312E-01
    6546.329    -13.351   0.450  8.56640E-01  5.10998E-01  5.52366E-01
    6546.510    -13.170   0.500  8.75147E-01  5.36161E-01  5.35993E-01
    6546.710    -12.970   0.550  8.74140E-01  5.56562E-01  4.95903E-01
    6546.929    -12.751   0.600  8.57411E-01  5.76962E-01  4.32549E-01
    6547.167    -12.512   0.650  8.24129E-01  5.94084E-01  3.49919E-01
    6547.424    -12.255   0.700  7.79767E-01  6.11205E-01  2.52911E-01
    6547.700    -11.979   0.750  7.25269E-01  6.26450E-01  1.46071E-01
    6547.995    -11.684   0.800  6.66653E-01  6.41694E-01  3.63546E-02
    6548.310    -11.369   0.850  6.04936E-01  6.55913E-01 -7.31034E-02
    6548.643    -11.036   0.900  5.46535E-01  6.70132E-01 -1.74542E-01
    6548.996    -10.684   0.950  4.91314E-01  6.83775E-01 -2.67490E-01
    6549.367    -10.312   1.000  4.45636E-01  6.97419E-01 -3.44486E-01
    6549.758     -9.922   1.050  4.07982E-01  7.10688E-01 -4.07603E-01
    6550.167     -9.512   1.100  3.83682E-01  7.23956E-01 -4.51051E-01
    6550.596     -9.083   1.150  3.70219E-01  7.36893E-01 -4.78466E-01
    6551.043     -8.636   1.200  3.70884E-01  7.49830E-01 -4.86886E-01
    6551.510     -8.169   1.250  3.82933E-01  7.62377E-01 -4.80170E-01
    6551.996     -7.683   1.300  4.07036E-01  7.74924E-01 -4.58625E-01
    6552.501     -7.178   1.350  4.40976E-01  7.87010E-01 -4.25188E-01
    6553.025     -6.655   1.400  4.83122E-01  7.99096E-01 -3.82758E-01
    6553.568     -6.112   1.450  5.32273E-01  8.10600E-01 -3.32611E-01
    6554.130     -5.550   1.500  5.85491E-01  8.22103E-01 -2.79002E-01
    6554.711     -4.969   1.550  6.42733E-01  8.32911E-01 -2.21464E-01
    6555.311     -4.369   1.600  7.00943E-01  8.43718E-01 -1.64225E-01
    6555.930     -3.749   1.650  7.60755E-01  8.53711E-01 -1.05718E-01
    6556.568     -3.111   1.700  8.19740E-01  8.63703E-01 -4.94432E-02
    6557.225     -2.454   1.750  8.78048E-01  8.72784E-01  5.86122E-03
    6557.901     -1.778   1.800  9.33942E-01  8.81865E-01  5.74117E-02
    6558.597     -1.082   1.850  9.86204E-01  8.89947E-01  1.05196E-01
    6559.311     -0.368   1.900  1.03337E+00  8.98029E-01  1.46634E-01
    6560.045      0.365   1.950  1.07246E+00  9.05008E-01  1.80096E-01
    6560.797      1.118   2.000  1.10243E+00  9.11987E-01  2.03338E-01
    6561.569      1.889   2.050  1.11887E+00  9.17356E-01  2.14017E-01
    6562.359      2.680   2.100  1.12289E+00  9.22726E-01  2.11470E-01
    6563.169      3.490   2.150  1.11446E+00  9.28096E-01  1.95857E-01
    6563.997      4.318   2.200  1.09484E+00  9.33465E-01  1.68709E-01
    6564.845      5.166   2.250  1.06543E+00  9.36450E-01  1.34498E-01
    6565.712      6.033   2.300  1.03134E+00  9.39434E-01  9.55874E-02
    6566.598      6.918   2.350  9.97093E-01  9.42418E-01  5.67229E-02
    6567.503      7.823   2.400  9.67416E-01  9.45403E-01  2.27800E-02
    6568.427      8.747   2.450  9.43436E-01  9.45451E-01 -2.08652E-03
    6569.369      9.690   2.500  9.32478E-01  9.45498E-01 -1.34999E-02
    6570.332     10.652   2.550  9.34210E-01  9.45546E-01 -1.17650E-02
    6571.313     11.633   2.600  9.46092E-01  9.45594E-01  5.17783E-04
    6572.313     12.633   2.650  9.69051E-01  9.48842E-01  2.09498E-02
    6573.332     13.653   2.700  9.92126E-01  9.52090E-01  4.14193E-02
    6574.370     14.691   2.750  1.01159E+00  9.55338E-01  5.80767E-02
    6575.427     15.748   2.800  1.02559E+00  9.58586E-01  6.90398E-02
    6576.504     16.824   2.850  1.03653E+00  9.62329E-01  7.61730E-02
    6577.599     17.920   2.900  1.04251E+00  9.66072E-01  7.81812E-02
    6578.713     19.034   2.950  1.04395E+00  9.69815E-01  7.55567E-02
    6579.847     20.168   3.000  1.04179E+00  9.73559E-01  6.92919E-02
    6580.999     21.320   3.050  1.03594E+00  9.75454E-01  6.12942E-02
    6582.171     22.492   3.100  1.02835E+00  9.77350E-01  5.15767E-02
    6583.362     23.682   3.150  1.01981E+00  9.79246E-01  4.09392E-02
    6584.571     24.892   3.200  1.01079E+00  9.81141E-01  2.98650E-02
    6585.800     26.121   3.250  1.00100E+00  9.82094E-01  1.90182E-02
    6587.048     27.369   3.300  9.90358E-01  9.83048E-01  7.34681E-03
    6588.315     28.635   3.350  9.78645E-01  9.84001E-01 -5.37592E-03
    6589.601     29.921   3.400  9.65738E-01  9.84954E-01 -1.92670E-02
    6590.905     31.226   3.450  9.51184E-01  9.85133E-01 -3.40183E-02
    6592.229     32.550   3.500  9.35592E-01  9.85313E-01 -4.97887E-02
    6593.572     33.893   3.550  9.19752E-01  9.85493E-01 -6.57870E-02
    6594.934     35.255   3.600  9.05086E-01  9.85672E-01 -8.05895E-02
    6596.316     36.636   3.650  8.92579E-01  9.85485E-01 -9.29004E-02
    6597.716     38.037   3.700  8.83947E-01  9.85297E-01 -1.01335E-01
    6599.135     39.456   3.750  8.80192E-01  9.85109E-01 -1.04893E-01
    6600.573     40.894   3.800  8.81905E-01  9.84921E-01 -1.02983E-01
    6602.031     42.351   3.850  8.89180E-01  9.84563E-01 -9.53546E-02
    6603.507     43.828   3.900  9.01536E-01  9.84205E-01 -8.26468E-02
    6605.002     45.323   3.950  9.18030E-01  9.83847E-01 -6.58010E-02
    6606.517     46.838   4.000  9.37450E-01  9.83489E-01 -4.60288E-02
    6608.050     48.371   4.050  9.58548E-01  9.83146E-01 -2.45922E-02
    6609.603     49.924   4.100  9.79723E-01  9.82803E-01 -3.07887E-03
    6611.175     51.495   4.150  9.99754E-01  9.82459E-01  1.72907E-02
    6612.765     53.086   4.200  1.01757E+00  9.82116E-01  3.54472E-02
    6614.375     54.696   4.250  1.03230E+00  9.81941E-01  5.03523E-02
    6616.004     56.324   4.300  1.04305E+00  9.81765E-01  6.12730E-02
    6617.652     57.972   4.350  1.04925E+00  9.81590E-01  6.76487E-02
    6619.318     59.639   4.400  1.05058E+00  9.81414E-01  6.91520E-02
    6621.004     61.325   4.450  1.04673E+00  9.81288E-01  6.54215E-02
    6622.709     63.030   4.500  1.03832E+00  9.81161E-01  5.71284E-02
    6624.433     64.754   4.550  1.02622E+00  9.81035E-01  4.51519E-02
    6626.176     66.497   4.600  1.01171E+00  9.80908E-01  3.07792E-02
    6627.938     68.259   4.650  9.96468E-01  9.80877E-01  1.55779E-02
    6629.720     70.040   4.700  9.82251E-01  9.80845E-01  1.40385E-03
    6631.520     71.841   4.750  9.70626E-01  9.80814E-01 -1.01781E-02
    6633.339     73.660   4.800  9.62730E-01  9.80783E-01 -1.80345E-02
    6635.177     75.498   4.850  9.59390E-01  9.80814E-01 -2.14023E-02
    6637.035     77.356   4.900  9.60119E-01  9.80846E-01 -2.07051E-02
    6638.911     79.232   4.950  9.63993E-01  9.80877E-01 -1.68664E-02
    6640.807     81.127   5.000  9.69667E-01  9.80909E-01 -1.12301E-02
    6642.721     83.042   5.050  9.75756E-01  9.80944E-01 -5.18315E-03
    6644.655     84.976   5.100  9.80835E-01  9.80978E-01 -1.42646E-04
    6646.607     86.928   5.150  9.84233E-01  9.81013E-01  3.21821E-03
    6648.579     88.900   5.200  9.85951E-01  9.81047E-01  4.90197E-03
    6650.570     90.891   5.250  9.86265E-01  9.80891E-01  5.37359E-03
    6652.580     92.900   5.300  9.86510E-01  9.80735E-01  5.77696E-03
    6654.608     94.929   5.350  9.87729E-01  9.80580E-01  7.15495E-03
    6656.656     96.977   5.400  9.90575E-01  9.80424E-01  1.01634E-02
    6658.723     99.044   5.450  9.94848E-01  9.80135E-01  1.47396E-02
    6660.809    101.130   5.500  9.99982E-01  9.79846E-01  2.01845E-02
    6662.914    103.235   5.550  1.00451E+00  9.79558E-01  2.50305E-02
    6665.038    105.359   5.600  1.00668E+00  9.79269E-01  2.75116E-02
    6667.181    107.502   5.650  1.00459E+00  9.78742E-01  2.59654E-02
    6669.343    109.664   5.700  9.97671E-01  9.78215E-01  1.95634E-02
    6671.525    111.845   5.750  9.86100E-01  9.77688E-01  8.46668E-03
    6673.725    114.046   5.800  9.71200E-01  9.77161E-01 -6.00471E-03
    6675.944    116.265   5.850  9.54857E-01  9.76318E-01 -2.16460E-02
    6678.183    118.503   5.900  9.40348E-01  9.75476E-01 -3.54725E-02
    6680.440    120.761   5.950  9.30349E-01  9.74633E-01 -4.47735E-02
    6682.717    123.037   6.000  9.26759E-01  9.73791E-01 -4.76084E-02
    6685.012    125.333   6.050  9.30011E-01  9.72680E-01 -4.32603E-02
    6687.327    127.647   6.100  9.39558E-01  9.71570E-01 -3.25055E-02
    6689.660    129.981   6.150  9.53239E-01  9.70459E-01 -1.75134E-02
    6692.013    132.334   6.200  9.68077E-01  9.69348E-01 -1.29459E-03
    6694.385    134.705   6.250  9.80955E-01  9.68238E-01  1.29752E-02
    6696.775    137.096   6.300  9.89305E-01  9.67127E-01  2.26631E-02
    6699.185    139.506   6.350  9.91662E-01  9.66016E-01  2.62476E-02
    6701.614    141.935   6.400  9.87941E-01  9.64905E-01  2.36134E-02
    6704.062    144.383   6.450  9.79387E-01  9.63795E-01  1.60084E-02
    6706.529    146.850   6.500  9.68211E-01  9.62684E-01  5.68346E-03
    6709.015    149.336   6.550  9.56959E-01  9.61356E-01 -4.52955E-03
    6711.520    151.841   6.600  9.48194E-01  9.60028E-01 -1.22123E-02
    6714.044    154.365   6.650  9.43450E-01  9.58700E-01 -1.57662E-02
    6716.587    156.908   6.700  9.43158E-01  9.57371E-01 -1.47216E-02
    6719.149    159.470   6.750  9.46656E-01  9.56043E-01 -9.73976E-03
    6721.731    162.052   6.800  9.52467E-01  9.54715E-01 -2.33642E-03
    6724.331    164.652   6.850  9.58745E-01  9.53387E-01  5.57958E-03
    6726.950    167.271   6.900  9.63770E-01  9.52059E-01  1.22180E-02
    6729.589    169.910   6.950  9.66358E-01  9.50730E-01  1.63323E-02
    6732.246    172.567   7.000  9.66072E-01  9.49402E-01  1.74535E-02
    6734.923    175.244   7.050  9.63453E-01  9.48228E-01  1.59656E-02
    6737.618    177.939   7.100  9.59126E-01  9.47055E-01  1.26794E-02
    6740.333    180.654   7.150  9.54131E-01  9.45881E-01  8.67958E-03
    6743.067    183.387   7.200  9.49364E-01  9.44708E-01  4.90646E-03
    6745.819    186.140   7.250  9.45334E-01  9.43534E-01  1.89960E-03
    6748.591    188.912   7.300  9.42081E-01  9.42360E-01 -2.95812E-04
    6751.382    191.703   7.350  9.39257E-01  9.41187E-01 -2.04366E-03
    6754.192    194.513   7.400  9.36343E-01  9.40013E-01 -3.89228E-03
    6757.021    197.341   7.450  9.32917E-01  9.38839E-01 -6.29196E-03
    6759.869    200.189   7.500  9.28877E-01  9.37666E-01 -9.35250E-03
    6762.736    203.056   7.550  9.24658E-01  9.36741E-01 -1.28737E-02
    6765.622    205.943   7.600  9.20885E-01  9.35817E-01 -1.59265E-02
    6768.527    208.848   7.650  9.18489E-01  9.34892E-01 -1.75172E-02
    6771.451    211.772   7.700  9.18286E-01  9.33968E-01 -1.67669E-02
    6774.394    214.715   7.750  9.20698E-01  9.33043E-01 -1.32160E-02
    6777.357    217.677   7.800  9.25560E-01  9.32119E-01 -7.02920E-03
    6780.338    220.659   7.850  9.32093E-01  9.31194E-01  9.64700E-04
    6783.338    223.659   7.900  9.39036E-01  9.30269E-01  9.41884E-03
    6786.358    226.678   7.950  9.44930E-01  9.29345E-01  1.67650E-02
    6789.396    229.717   8.000  9.48460E-01  9.28420E-01  2.15827E-02
    6792.454    232.774   8.050  9.48929E-01  9.27518E-01  2.30813E-02
    6795.530    235.851   8.100  9.45926E-01  9.26615E-01  2.08366E-02
    6798.626    238.947   8.150  9.39928E-01  9.25712E-01  1.53529E-02
    6801.740    242.061   8.200  9.32003E-01  9.24809E-01  7.77593E-03
    6804.874    245.195   8.250  9.23542E-01  9.23906E-01 -3.94188E-04
    6808.027    248.348   8.300  9.15926E-01  9.23003E-01 -7.66394E-03
    6811.199    251.519   8.350  9.10213E-01  9.22101E-01 -1.28847E-02
    6814.390    254.710   8.400  9.06928E-01  9.21198E-01 -1.54811E-02
    6817.599    257.920   8.450  9.06005E-01  9.20295E-01 -1.55165E-02
    6820.828    261.149   8.500  9.06888E-01  9.19392E-01 -1.35898E-02
    6824.076    264.397   8.550  9.08530E-01  9.18375E-01 -1.07125E-02
    6827.344    267.664   8.600  9.10332E-01  9.17358E-01 -7.65297E-03
    6830.630    270.950   8.650  9.11676E-01  9.16341E-01 -5.08732E-03
    6833.935    274.256   8.700  9.12294E-01  9.15325E-01 -3.30801E-03
    6837.259    277.580   8.750  9.12296E-01  9.14308E-01 -2.19893E-03
    6840.602    280.923   8.800  9.12063E-01  9.13291E-01 -1.34331E-03
    6843.965    284.285   8.850  9.12071E-01  9.12274E-01 -2.22252E-04
    6847.346    287.667   8.900  9.12683E-01  9.11257E-01  1.56371E-03
    6850.746    291.067   8.950  9.13995E-01  9.10240E-01  4.12164E-03
    6854.166    294.487   9.000  9.15772E-01  9.09223E-01  7.19586E-03
    6857.604    297.925   9.050  9.17377E-01  9.08002E-01  1.03145E-02
    6861.062    301.383   9.100  9.18293E-01  9.06781E-01  1.26814E-02
    6864.538    304.859   9.150  9.17900E-01  9.05560E-01  1.36110E-02
    6868.034    308.355   9.200  9.15820E-01  9.04339E-01  1.26793E-02
    6871.549    311.870   9.250  9.12041E-01  9.03118E-01  9.86736E-03
    6875.083    315.403   9.300  9.06950E-01  9.01897E-01  5.59517E-03
    6878.635    318.956   9.350  9.01248E-01  9.00676E-01  6.34053E-04
    6882.207    322.528   9.400  8.95781E-01  8.99455E-01 -4.07775E-03
    6885.798    326.119   9.450  8.91336E-01  8.98233E-01 -7.66505E-03
    6889.408    329.729   9.500  8.88450E-01  8.97012E-01 -9.52755E-03
    6893.037    333.358   9.550  8.87197E-01  8.95749E-01 -9.52937E-03
    6896.685    337.006   9.600  8.87444E-01  8.94487E-01 -7.85704E-03
    6900.352    340.673   9.650  8.88660E-01  8.93224E-01 -5.09823E-03
    6904.038    344.359   9.700  8.90142E-01  8.91961E-01 -2.03516E-03
    6907.744    348.064   9.750  8.91201E-01  8.90698E-01  5.63471E-04
    6911.468    351.789   9.800  8.91338E-01  8.89435E-01  2.13386E-03
    6915.211    355.532   9.850  8.90346E-01  8.88172E-01  2.44161E-03
    6918.974    359.294   9.900  8.88341E-01  8.86909E-01  1.61014E-03
    6922.755    363.076   9.950  8.85693E-01  8.85647E-01  5.19966E-05
    6926.556    366.876  10.000  8.82902E-01  8.84384E-01 -1.67111E-03
    6930.375    370.696  10.050  8.80467E-01  8.83176E-01 -3.05874E-03
    6934.214    374.534  10.100  8.78707E-01  8.81968E-01 -3.68593E-03
    6938.071    378.392  10.150  8.77759E-01  8.80760E-01 -3.39670E-03
    6941.948    382.269  10.200  8.77524E-01  8.79552E-01 -2.29763E-03
    6945.844    386.164  10.250  8.77726E-01  8.78344E-01 -7.00792E-04
    6949.758    390.079  10.300  8.78003E-01  8.77136E-01  9.85886E-04
    6953.692    394.013  10.350  8.78023E-01  8.75928E-01  2.38455E-03
    6957.645    397.966  10.400  8.77573E-01  8.74719E-01  3.25097E-03
    6961.617    401.938  10.450  8.76603E-01  8.73511E-01  3.52670E-03
    6965.608    405.929  10.500  8.75217E-01  8.72303E-01  3.32849E-03
    6969.618    409.939  10.550  8.73616E-01  8.71095E-01  2.88360E-03
    6973.647    413.968  10.600  8.72014E-01  8.69887E-01  2.43571E-03
    6977.695    418.016  10.650  8.70558E-01  8.68679E-01  2.15424E-03
    6981.762    422.083  10.700  8.69279E-01  8.67471E-01  2.07645E-03
    6985.848    426.169  10.750  8.68090E-01  8.66263E-01  2.10030E-03
    6989.954    430.274  10.800  8.66817E-01  8.65055E-01  2.02856E-03
    6994.078    434.399  10.850  8.65277E-01  8.63847E-01  1.64805E-03
    6998.221    438.542  10.900  8.63347E-01  8.62639E-01  8.17101E-04
    7002.384    442.704  10.950  8.61026E-01  8.61431E-01 -4.68325E-04
    7006.565    446.886  11.000  8.58450E-01  8.60223E-01 -2.05194E-03
    7010.766    451.086  11.050  8.55690E-01  8.58903E-01 -3.72486E-03
    7014.985    455.306  11.100  8.53188E-01  8.57583E-01 -5.10355E-03
    7019.224    459.545  11.150  8.51237E-01  8.56263E-01 -5.84539E-03
    7023.481    463.802  11.200  8.50033E-01  8.54944E-01 -5.71985E-03
    7027.758    468.079  11.250  8.49614E-01  8.53624E-01 -4.67754E-03
    7032.054    472.375  11.300  8.49846E-01  8.52304E-01 -2.87223E-03
    7036.369    476.690  11.350  8.50446E-01  8.50984E-01 -6.29311E-04
    7040.703    481.023  11.400  8.51056E-01  8.49664E-01  1.63103E-03
    7045.056    485.376  11.450  8.51321E-01  8.48344E-01  3.49460E-03
    7049.427    489.748  11.500  8.50979E-01  8.47024E-01  4.65039E-03
    7053.818    494.139  11.550  8.49915E-01  8.45705E-01  4.95819E-03
    7058.229    498.549  11.600  8.48174E-01  8.44385E-01  4.46974E-03
    7062.658    502.978  11.650  8.45942E-01  8.43065E-01  3.39981E-03
    7067.106    507.427  11.700  8.43484E-01  8.41745E-01  2.05797E-03
    7071.573    511.894  11.750  8.41068E-01  8.40425E-01  7.61893E-04
    7076.059    516.380  11.800  8.38901E-01  8.39105E-01 -2.42845E-04
    7080.565    520.885  11.850  8.37083E-01  8.37785E-01 -8.35034E-04
    7085.089    525.410  11.900  8.35601E-01  8.36466E-01 -1.02992E-03
    7089.632    529.953  11.950  8.34348E-01  8.35146E-01 -9.51437E-04
    7094.195    534.516  12.000  8.33176E-01  8.33826E-01 -7.76238E-04
    7098.776    539.097  12.050  8.31791E-01  8.32364E-01 -6.86081E-04
    7103.377    543.698  12.100  8.30263E-01  8.30902E-01 -7.66344E-04
    7107.996    548.317  12.150  8.28586E-01  8.29441E-01 -1.02635E-03
    7112.635    552.956  12.200  8.26829E-01  8.27979E-01 -1.38416E-03
    7117.293    557.614  12.250  8.25109E-01  8.26517E-01 -1.69753E-03
    7121.970    562.290  12.300  8.23553E-01  8.25055E-01 -1.81438E-03
    7126.665    566.986  12.350  8.22249E-01  8.23594E-01 -1.62640E-03
    7131.380    571.701  12.400  8.21217E-01  8.22132E-01 -1.10884E-03
    7136.114    576.435  12.450  8.20395E-01  8.20670E-01 -3.34251E-04
    7140.867    581.188  12.500  8.19656E-01  8.19209E-01  5.43896E-04
    7145.639    585.960  12.550  8.18840E-01  8.17747E-01  1.33251E-03
    7150.430    590.751  12.600  8.17803E-01  8.16285E-01  1.85259E-03
    7155.240    595.561  12.650  8.16450E-01  8.14823E-01  1.98925E-03
    7160.069    600.390  12.700  8.14769E-01  8.13362E-01  1.72348E-03
    7164.918    605.238  12.750  8.12826E-01  8.11900E-01  1.13678E-03
    7169.785    610.106  12.800  8.10754E-01  8.10438E-01  3.87747E-04
    7174.671    614.992  12.850  8.08707E-01  8.08977E-01 -3.31989E-04
    7179.577    619.897  12.900  8.06826E-01  8.07515E-01 -8.49378E-04
    7184.501    624.822  12.950  8.05200E-01  8.06053E-01 -1.05449E-03
    7189.444    629.765  13.000  8.03844E-01  8.04591E-01 -9.25795E-04
    7194.407    634.728  13.050  8.02746E-01  8.03179E-01 -5.37137E-04
    7199.388    639.709  13.100  8.01772E-01  8.01767E-01  5.78932E-06
    7204.389    644.710  13.150  8.00793E-01  8.00355E-01  5.45617E-04
    7209.409    649.729  13.200  7.99691E-01  7.98942E-01  9.34168E-04
    7214.447    654.768  13.250  7.98387E-01  7.97530E-01  1.07099E-03
    7219.505    659.826  13.300  7.96858E-01  7.96118E-01  9.26826E-04
    7224.582    664.903  13.350  7.95142E-01  7.94706E-01  5.46517E-04
    7229.678    669.999  13.400  7.93319E-01  7.93294E-01  3.19864E-05
    7234.793    675.114  13.450  7.91493E-01  7.91881E-01 -4.88674E-04
    7239.927    680.247  13.500  7.89758E-01  7.90469E-01 -8.96469E-04
    7245.080    685.400  13.550  7.88177E-01  7.89057E-01 -1.11112E-03
    7250.252    690.573  13.600  7.86770E-01  7.87645E-01 -1.10742E-03
    7255.443    695.764  13.650  7.85511E-01  7.86232E-01 -9.15092E-04
    7260.653    700.974  13.700  7.84345E-01  7.84820E-01 -6.03929E-04
    7265.882    706.203  13.750  7.83204E-01  7.83408E-01 -2.59870E-04
    7271.130    711.451  13.800  7.82027E-01  7.81996E-01  4.00480E-05
    7276.398    716.719  13.850  7.80777E-01  7.80584E-01  2.46660E-04
    7281.684    722.005  13.900  7.79442E-01  7.79171E-01  3.46778E-04
    7286.990    727.310  13.950  7.78040E-01  7.77759E-01  3.59466E-04
    7292.314    732.635  14.000  7.76599E-01  7.76347E-01  3.23213E-04
    7297.657    737.978  14.050  7.75080E-01  7.74854E-01  2.90080E-04
    7303.020    743.341  14.100  7.73578E-01  7.73362E-01  2.78354E-04
    7308.402    748.722  14.150  7.72099E-01  7.71869E-01  2.96817E-04
    7313.802    754.123  14.200  7.70634E-01  7.70376E-01  3.33541E-04
    7319.222    759.543  14.250  7.69163E-01  7.68884E-01  3.62092E-04
    7324.661    764.982  14.300  7.67663E-01  7.67391E-01  3.52731E-04
    7330.119    770.439  14.350  7.66117E-01  7.65899E-01  2.84552E-04
    7335.595    775.916  14.400  7.64524E-01  7.64406E-01  1.54364E-04
    7341.091    781.412  14.450  7.62898E-01  7.62913E-01 -2.05788E-05
    7346.606    786.927  14.500  7.61263E-01  7.61421E-01 -2.06776E-04
    7352.140    792.461  14.550  7.59651E-01  7.59928E-01 -3.64083E-04
    7357.693    798.014  14.600  7.58088E-01  7.58435E-01 -4.57525E-04
    7363.265    803.586  14.650  7.56588E-01  7.56943E-01 -4.67496E-04
    7368.857    809.177  14.700  7.55151E-01  7.55450E-01 -3.95199E-04
    7374.467    814.788  14.750  7.53760E-01  7.53958E-01 -2.61781E-04
    7380.096    820.417  14.800  7.52388E-01  7.52465E-01 -1.01674E-04
    7385.744    826.065  14.850  7.51008E-01  7.50972E-01  4.75843E-05
    7391.412    831.732  14.900  7.49597E-01  7.49480E-01  1.55754E-04
    7397.098    837.419  14.950  7.48142E-01  7.47987E-01  2.07376E-04
    7402.804    843.124  15.000  7.46647E-01  7.46494E-01  2.04244E-04
