# # Once                                                         FEFF 9.6.4  
# # POT  SCF 100  5.0000   0, core-hole, AFOLP (folp(0)= 1.150)
# # Abs   Z=25 Rmt= 1.265 Rnm= 1.346 K  shell
# # Pot 1 Z= 6 Rmt= 1.006 Rnm= 1.098
# # Pot 2 Z=31 Rmt= 1.481 Rnm= 1.501
# # Pot 3 Z=25 Rmt= 1.271 Rnm= 1.355
# # Gam_ch=1.193E+00 H-L exch Vi= 0.000E+00 Vr= 0.000E+00
# # Mu=-1.412E+01 kf=2.284E+00 Vint=-2.515E+01 Rs_int= 1.588
# # PATH  Rmax= 6.000,  Keep_limit= 0.00, Heap_limit 0.00  Pwcrit= 2.50%
#  S02=0.900  Temp=  20.00  Debye_temp= 600.00  Global_sig2= 0.00500
#  Energy zero shift, vr, vi    0.00000E+00   0.00000E+00
#  Curved wave amplitude ratio filter   4.000%
#     file         sig2 tot  cw amp ratio   deg  nlegs   reff  inp sig2
#           1       0.00969    100.00      1.00     2   1.9523
#           2       0.00969   1891.00      1.00     2   1.9523
#           3       0.00969    844.50      1.00     2   1.9523
#           4       0.00701   1713.00      1.00     2   2.6145
#           5       0.00701    117.10      1.00     2   2.6145
#           6       0.00701    340.70      1.00     2   2.6145
#           7       0.00684    954.70      1.00     2   2.7120
#           8       0.00684     56.33      1.00     2   2.7120
#           9       0.00684    605.40      1.00     2   2.7120
#          10       0.00712    124.90      2.00     2   2.9000
#          11       0.00712    946.60      2.00     2   2.9000
#          12       0.00712    443.80      2.00     2   2.9000
#          13       0.00871    485.40      2.00     3   3.2595
#          14       0.00871    362.50      2.00     3   3.2595
#          15       0.00871    124.40      2.00     3   3.2595
#          16       0.00871    275.20      2.00     3   3.2595
#          17       0.00871     68.18      2.00     3   3.2595
#          18       0.00871    115.10      2.00     3   3.2595
#          19       0.01339    579.20      2.00     3   3.4023
#          20       0.01339    113.10      2.00     3   3.4023
#          21       0.01339     72.05      2.00     3   3.4023
#          22       0.00848    122.60      2.00     3   3.4023
#          23       0.00848     70.41      2.00     3   3.4023
#          24       0.00848    349.40      2.00     3   3.4023
#          25       0.00848    124.40      2.00     3   3.4023
#          26       0.00848     51.03      2.00     3   3.4023
#          27       0.00848    164.60      2.00     3   3.4023
#          28       0.01116      9.22      1.00     2   3.4959
#          29       0.01116    513.10      1.00     2   3.4959
#          30       0.01116     24.50      1.00     2   3.4959
#          31       0.00718     15.59      1.00     2   3.9045
#          32       0.00718    402.00      1.00     2   3.9045
#          33       0.00718    181.10      1.00     2   3.9045
#          34       0.00718     67.44      2.00     3   3.9045
#          35       0.00718   1235.00      2.00     3   3.9045
#          36       0.00718    596.60      2.00     3   3.9045
#          37       0.02375     10.52      1.00     4   3.9045
#          38       0.02375    247.80      1.00     4   3.9045
#          39       0.02375    117.60      1.00     4   3.9045
#          40       0.01363    119.30      1.00     4   3.9045
#          41       0.01363     28.79      1.00     4   3.9045
#          42       0.00718     47.95      1.00     4   3.9045
#          43       0.01363    137.80      1.00     4   3.9045
#          44       0.01363     15.09      1.00     4   3.9045
#          45       0.00718    954.00      1.00     4   3.9045
#          46       0.01363     66.03      1.00     4   3.9045
#          47       0.01363     64.30      1.00     4   3.9045
#          48       0.00718    462.20      1.00     4   3.9045
#          49       0.00695    409.90      1.00     2   3.9705
#          50       0.00695      5.40      1.00     2   3.9705
#          51       0.00695     31.89      1.00     2   3.9705
#          52       0.01041     56.10      2.00     3   4.0313
#          53       0.01041    130.30      2.00     3   4.0313
#          54       0.01041    106.40      2.00     3   4.0313
#          55       0.01041    348.90      2.00     3   4.0313
#          56       0.01041     21.53      2.00     3   4.0313
#          57       0.01041     21.98      2.00     3   4.0313
#          58       0.00693    252.40      1.00     2   4.1415
#          59       0.01262     25.80      2.00     3   4.1741
#          60       0.01262    234.90      2.00     3   4.1741
#          61       0.01262      5.29      2.00     3   4.1741
#          62       0.01262    203.40      2.00     3   4.1741
#          63       0.01262      9.69      2.00     3   4.1741
#          64       0.01262     10.23      2.00     3   4.1741
#          65       0.01021     12.18      2.00     3   4.1741
#          66       0.01021    139.80      2.00     3   4.1741
#          67       0.01021    168.60      2.00     3   4.1741
#          69       0.01021     55.67      2.00     3   4.1741
#          70       0.01021     10.10      2.00     3   4.1741
#          71       0.00715    315.30      1.00     2   4.2670
#          72       0.00739     42.58      4.00     3   4.3500
#          73       0.00739    100.30      4.00     3   4.3500
#          74       0.00739     32.07      4.00     3   4.3500
#          76       0.01098    212.30      1.00     2   4.5422
#          77       0.01098     43.80      1.00     2   4.5422
#          78       0.01098     75.94      1.00     2   4.5422
#          79       0.01098     77.33      1.00     2   4.5422
#          80       0.01098    105.90      1.00     2   4.5422
#          81       0.01304     90.07      2.00     4   4.5667
#          82       0.01304     19.37      2.00     4   4.5667
#          83       0.01304     55.58      2.00     4   4.5667
#          84       0.01304     63.89      2.00     4   4.5667
#          85       0.01304      8.39      2.00     4   4.5667
#          86       0.01304     30.92      2.00     4   4.5667
#          87       0.01072    105.20      2.00     3   4.6266
#          88       0.01072      8.27      2.00     3   4.6266
#          89       0.01072    189.90      2.00     3   4.6266
#          90       0.01081     83.17      2.00     4   4.6643
#          91       0.01081      9.90      2.00     4   4.6643
#          92       0.01081    149.60      2.00     4   4.6643
#          93       0.01079     73.14      2.00     3   4.6972
#          94       0.01079     51.90      2.00     3   4.6972
#          95       0.01079     26.00      2.00     3   4.6972
#          96       0.01079    189.80      2.00     3   4.6972
#          97       0.01079     96.52      2.00     3   4.6972
#          98       0.01079     20.44      2.00     3   4.6972
#          99       0.01138    235.40      2.00     3   4.6972
#         100       0.01138     50.69      2.00     3   4.6972
#         101       0.01138    379.80      2.00     3   4.6972
#         102       0.01138     65.56      2.00     3   4.6972
#         103       0.01138     39.43      2.00     3   4.6972
#         104       0.01138    187.10      2.00     3   4.6972
#         105       0.01079     16.14      2.00     3   4.6972
#         106       0.01079     79.79      2.00     3   4.6972
#         107       0.01079     76.56      2.00     3   4.6972
#         108       0.01079    195.80      2.00     3   4.6972
#         109       0.01079     45.41      2.00     3   4.6972
#         110       0.01079     98.37      2.00     3   4.6972
#         111       0.00735    162.00      2.00     4   4.7095
#         112       0.00735     57.31      2.00     4   4.7095
#         113       0.00735     93.56      2.00     4   4.7095
#         114       0.00735     21.31      2.00     4   4.7095
#         115       0.00735    107.90      2.00     4   4.7095
#         116       0.00735    112.00      2.00     4   4.7095
#         117       0.00735    116.00      2.00     4   4.7095
#         118       0.00735     12.18      2.00     4   4.7095
#         119       0.00735     22.78      2.00     4   4.7095
#         120       0.00735     14.04      2.00     4   4.7095
#         121       0.00735     52.36      2.00     4   4.7095
#         122       0.00735     57.10      2.00     4   4.7095
#         123       0.01081    114.80      2.00     4   4.8523
#         124       0.01119     33.69      2.00     4   4.8523
#         125       0.01119     51.29      2.00     4   4.8523
#         126       0.01081     38.08      2.00     4   4.8523
#         127       0.01119      8.05      2.00     4   4.8523
#         128       0.01081     17.09      2.00     4   4.8523
#         129       0.01119      9.89      2.00     4   4.8523
#         130       0.01081     12.81      2.00     4   4.8523
#         131       0.01119     69.48      2.00     4   4.8523
#         132       0.01119     38.84      2.00     4   4.8523
#         133       0.01081    163.00      2.00     4   4.8523
#         134       0.01081     80.86      2.00     4   4.8523
#         135       0.01339     36.50      2.00     4   4.8523
#         136       0.01081     50.55      2.00     4   4.8523
#         137       0.02663    132.20      1.00     4   4.8523
#         138       0.02663      5.26      1.00     4   4.8523
#         139       0.01339     38.73      2.00     4   4.8523
#         141       0.02663    111.30      1.00     4   4.8523
#         142       0.02663     74.26      1.00     4   4.8523
#         143       0.02663     52.09      1.00     4   4.8523
#         144       0.01315    221.70      1.00     4   4.8523
#         145       0.01339     49.53      2.00     4   4.8523
#         146       0.01315     15.49      1.00     4   4.8523
#         147       0.01081    131.60      2.00     4   4.8523
#         148       0.01315     10.16      1.00     4   4.8523
#         149       0.01315    201.40      1.00     4   4.8523
#         150       0.01315    121.60      1.00     4   4.8523
#         151       0.01315     95.62      1.00     4   4.8523
#         152       0.01339      5.68      2.00     4   4.8523
#         153       0.01339      5.94      2.00     4   4.8523
#         154       0.01339     27.50      2.00     4   4.8523
#         155       0.01081    203.90      2.00     4   4.8523
#         156       0.01081     33.70      2.00     4   4.8523
#         157       0.01081     23.08      2.00     4   4.8523
#         158       0.01081    102.10      2.00     4   4.8523
#         159       0.01119     19.11      1.00     4   4.8523
#         160       0.01119     27.79      1.00     4   4.8523
#         161       0.01119     41.48      1.00     4   4.8523
#         162       0.01119     26.20      1.00     4   4.8523
#         163       0.01119     12.68      1.00     4   4.8523
#         164       0.01119     21.64      1.00     4   4.8523
#         165       0.00711    302.90      1.00     2   4.8637
#         166       0.00711      7.03      1.00     2   4.8637
#         167       0.00711      6.00      1.00     2   4.8637
#         168       0.00711    239.00      1.00     2   4.8637
#         169       0.00711      8.86      1.00     2   4.8637
#         170       0.00711     43.66      1.00     2   4.8637
#         171       0.00688    192.40      1.00     2   4.9168
#         173       0.00688     12.65      1.00     2   4.9168
#         174       0.00688     21.49      1.00     2   4.9168
#         175       0.00688    113.90      1.00     2   4.9168
#         176       0.00688     90.28      1.00     2   4.9168
#         177       0.00710      9.89      2.00     2   5.0229
#         178       0.00710    253.60      2.00     2   5.0229
#         179       0.00710    130.50      2.00     2   5.0230
#         180       0.00688    240.40      1.00     2   5.0559
#         181       0.00688    196.40      1.00     2   5.0559
#         182       0.00688    130.60      1.00     2   5.0559
#         183       0.00688     18.32      1.00     2   5.0559
#         184       0.00688     33.81      1.00     2   5.0559
#         185       0.00688     71.10      1.00     2   5.0559
#         186       0.00799    206.40      2.00     3   5.1559
#         187       0.00799     64.63      2.00     3   5.1559
#         188       0.00799     15.23      2.00     3   5.1559
#         189       0.00799      5.60      2.00     3   5.1559
#         190       0.00799      7.57      2.00     3   5.1559
#         191       0.00799    138.90      2.00     3   5.1559
#         192       0.00799     12.61      2.00     3   5.1559
#         193       0.00799     16.34      2.00     3   5.1559
#         194       0.00799      4.72      2.00     3   5.1559
#         195       0.00799    215.20      2.00     3   5.1559
#         196       0.00799    178.50      2.00     3   5.1559
#         197       0.00799      9.16      2.00     3   5.1559
#         198       0.00711    314.60      1.00     2   5.1592
#         199       0.00711    257.50      1.00     2   5.1592
#         200       0.00711    172.00      1.00     2   5.1592
#         201       0.00711     23.93      1.00     2   5.1592
#         202       0.00711     44.76      1.00     2   5.1592
#         203       0.00711     94.11      1.00     2   5.1592
#         204       0.00721     50.18      2.00     3   5.1891
#         205       0.00721     51.32      2.00     3   5.1891
#         206       0.00721     67.00      2.00     3   5.1891
#         207       0.00721     88.36      2.00     3   5.1891
#         208       0.00721     12.11      2.00     3   5.1891
#         209       0.00721      8.43      2.00     3   5.1891
#         210       0.00721     11.83      2.00     3   5.1891
#         211       0.00721    157.10      2.00     3   5.1891
#         212       0.00721    133.20      2.00     3   5.1891
#         213       0.00721     20.37      2.00     3   5.1891
#         214       0.00721      5.08      2.00     3   5.1891
#         215       0.00721      9.75      2.00     3   5.1891
#         216       0.00721     15.41      2.00     3   5.1891
#         217       0.00721     92.28      2.00     3   5.1891
#         218       0.00721    125.50      2.00     3   5.1891
#         220       0.00721     26.30      2.00     3   5.1891
#         221       0.00721     14.63      2.00     3   5.1891
#         222       0.00693     73.68      2.00     3   5.1912
#         223       0.00693    107.80      2.00     3   5.1912
#         224       0.00693     38.98      2.00     3   5.1912
#         225       0.00693     17.29      2.00     3   5.1912
#         226       0.00693     11.73      2.00     3   5.1912
#         227       0.00693    136.90      2.00     3   5.1912
#         228       0.00693    157.60      2.00     3   5.1912
#         229       0.00693    131.60      2.00     3   5.1912
#         230       0.00693     81.27      2.00     3   5.1912
#         231       0.00693     43.84      2.00     3   5.1912
#         232       0.00693     13.43      2.00     3   5.1912
#         233       0.00693     24.88      2.00     3   5.1912
#         234       0.01303     80.15      1.00     4   5.2289
#         235       0.01303     12.52      1.00     4   5.2289
#         236       0.01303     23.31      1.00     4   5.2289
#         237       0.01432     47.55      2.00     3   5.2356
#         238       0.01432     62.54      2.00     3   5.2356
#         239       0.01432     16.79      2.00     3   5.2356
#         240       0.00776     63.37      2.00     3   5.2356
#         241       0.00776    102.40      2.00     3   5.2356
#         242       0.00776     25.68      2.00     3   5.2356
#         243       0.00776      6.49      2.00     3   5.2356
#         244       0.00776    103.30      2.00     3   5.2356
#         245       0.00776     41.85      2.00     3   5.2356
#         246       0.00758     19.37      2.00     3   5.2822
#         247       0.00758     12.02      2.00     3   5.2822
#         248       0.00758    122.00      2.00     3   5.2822
#         249       0.00758     86.62      2.00     3   5.2822
#         250       0.00758     83.56      2.00     3   5.2822
#         251       0.00758     44.54      2.00     3   5.2822
#         252       0.00713     46.48      2.00     3   5.2916
#         253       0.00713     26.58      2.00     3   5.2916
#         254       0.00713     39.71      2.00     3   5.2916
#         255       0.00713     16.01      2.00     3   5.2916
#         256       0.00713      7.80      2.00     3   5.2916
#         257       0.00713      4.03      2.00     3   5.2916
#         258       0.00727     17.99      2.00     4   5.3265
#         259       0.00727      8.67      2.00     4   5.3265
#         260       0.00727     35.63      2.00     4   5.3265
#         261       0.00727      6.38      2.00     4   5.3265
#         262       0.00727      4.95      2.00     4   5.3265
#         263       0.00727     43.98      2.00     4   5.3265
#         264       0.01129    130.40      2.00     4   5.3545
#         265       0.01129    135.30      2.00     4   5.3545
#         266       0.01129     10.05      2.00     4   5.3545
#         267       0.01129      9.67      2.00     4   5.3545
#         268       0.01129     23.76      2.00     4   5.3545
#         269       0.01129     13.60      2.00     4   5.3545
#         270       0.01129    161.80      2.00     5   5.3545
#         271       0.01129    189.20      2.00     5   5.3545
#         272       0.01129     36.60      2.00     5   5.3545
#         273       0.01129     49.43      2.00     5   5.3545
#         274       0.01129     18.20      2.00     5   5.3545
#         275       0.01129     28.96      2.00     5   5.3545
#         276       0.01129      5.35      2.00     5   5.3545
#         277       0.01129      5.63      2.00     5   5.3545
#         278       0.01129    272.40      2.00     5   5.3545
#         279       0.01129    248.30      2.00     5   5.3545
#         280       0.01129    143.40      2.00     5   5.3545
#         281       0.01129    117.20      2.00     5   5.3545
#         282       0.00723     27.28      4.00     3   5.4115
#         283       0.00723     61.33      4.00     3   5.4115
#         284       0.00723     26.50      4.00     3   5.4115
#         285       0.00723     12.30      4.00     3   5.4115
#         286       0.00723     36.09      4.00     3   5.4115
#         287       0.00723     66.78      4.00     3   5.4115
#         288       0.00723     12.19      4.00     3   5.4115
#         289       0.00723    103.00      4.00     3   5.4115
#         290       0.00723     86.29      4.00     3   5.4115
#         291       0.01503     13.53      2.00     4   5.4482
#         292       0.01503     20.34      2.00     4   5.4482
#         293       0.01503     10.12      2.00     4   5.4482
#         294       0.01097     58.33      1.00     4   5.4482
#         295       0.00996     11.61      1.00     4   5.4482
#         298       0.01097     57.54      1.00     4   5.4482
#         299       0.00996     84.42      1.00     4   5.4482
#         300       0.01097     32.20      1.00     4   5.4482
#         301       0.01097     31.73      1.00     4   5.4482
#         302       0.00996     44.76      1.00     4   5.4482
#         306       0.01097     32.75      1.00     4   5.4482
#         307       0.00996     49.85      1.00     4   5.4482
#         308       0.01097     29.41      1.00     4   5.4482
#         309       0.01097      4.66      1.00     4   5.4482
#         310       0.00996      7.48      1.00     4   5.4482
#         312       0.01099    203.90      1.00     2   5.5305
#         313       0.01099    112.80      1.00     2   5.5305
#         314       0.01099     86.03      1.00     2   5.5305
#         315       0.01496     26.88      2.00     4   5.6241
#         316       0.01496      8.94      2.00     4   5.6241
#         317       0.01496     20.74      2.00     4   5.6241
#         318       0.01496     14.90      2.00     4   5.6241
#         319       0.01496     22.77      2.00     4   5.6241
#         320       0.01496      7.53      2.00     4   5.6241
#         321       0.00715      7.14      2.00     2   5.8000
#         322       0.00715    173.10      2.00     2   5.8000
#         323       0.00715     89.99      2.00     2   5.8000
#         324       0.00715     51.02      2.00     3   5.8000
#         325       0.00715     94.45      2.00     3   5.8000
#         326       0.00715      9.03      2.00     3   5.8000
#         327       0.00715     36.75      4.00     3   5.8000
#         328       0.00715    423.80      4.00     3   5.8000
#         329       0.00715    228.90      4.00     3   5.8000
#         330       0.00715     51.31      2.00     4   5.8000
#         331       0.00715     91.88      2.00     4   5.8000
#         332       0.00715     11.08      2.00     4   5.8000
#         333       0.01350      7.25      2.00     4   5.8000
#         334       0.01350     44.55      2.00     4   5.8000
#         335       0.01350     25.69      2.00     4   5.8000
#         336       0.00715     28.13      2.00     4   5.8000
#         337       0.00715    301.20      2.00     4   5.8000
#         338       0.00715    164.40      2.00     4   5.8000
#         339       0.01406      4.16      2.00     4   5.8568
#         340       0.01406     94.08      2.00     4   5.8568
#         341       0.01406     45.33      2.00     4   5.8568
#         343       0.01406     51.09      1.00     4   5.8568
#         344       0.01406     24.60      1.00     4   5.8568
#         347       0.01406    136.90      2.00     5   5.8568
#         348       0.01406    152.00      2.00     5   5.8568
#         349       0.01406     63.63      2.00     5   5.8568
#         350       0.01406     70.95      2.00     5   5.8568
#         352       0.01406    165.40      2.00     5   5.8568
#         353       0.01406     76.88      2.00     5   5.8568
#         355       0.01406      7.44      2.00     6   5.8568
#         356       0.04720     60.54      1.00     6   5.8568
#         357       0.01406    230.20      2.00     6   5.8568
#         358       0.04720     29.06      1.00     6   5.8568
#         359       0.01406    109.50      2.00     6   5.8568
#         360       0.01406      4.69      1.00     6   5.8568
#         361       0.01406    140.90      1.00     6   5.8568
#         362       0.01406     67.21      1.00     6   5.8568
#         363       0.01052     37.41      2.00     3   5.8749
#         364       0.01052     98.75      2.00     3   5.8749
#         365       0.01052     64.99      2.00     3   5.8749
#         366       0.01052    112.90      2.00     3   5.8749
#         367       0.01052     54.54      2.00     3   5.8749
#         368       0.01052     68.23      2.00     3   5.8749
#   352/ 360 paths used
#  xsedge+50, used to normalize mu           3.5307E-04
#  -----------------------------------------------------------------------
#  omega    e    k    mu    mu0     chi     @#
    6545.567    -14.113   0.050  2.46574E-01  3.28059E-01 -1.36924E-01
    6545.595    -14.084   0.100  2.62720E-01  3.34451E-01 -1.20371E-01
    6545.643    -14.036   0.150  3.08525E-01  3.53117E-01 -7.45365E-02
    6545.709    -13.970   0.200  3.52710E-01  3.71785E-01 -3.17583E-02
    6545.795    -13.884   0.250  4.16981E-01  3.99496E-01  2.89258E-02
    6545.900    -13.779   0.300  4.76787E-01  4.27207E-01  8.14950E-02
    6546.024    -13.655   0.350  5.40601E-01  4.56522E-01  1.37002E-01
    6546.167    -13.513   0.400  5.96449E-01  4.85836E-01  1.78683E-01
    6546.329    -13.351   0.450  6.42692E-01  5.10998E-01  2.10458E-01
    6546.510    -13.170   0.500  6.78262E-01  5.36161E-01  2.24686E-01
    6546.710    -12.970   0.550  6.99345E-01  5.56562E-01  2.22959E-01
    6546.929    -12.751   0.600  7.09053E-01  5.76962E-01  2.03730E-01
    6547.167    -12.512   0.650  7.05138E-01  5.94084E-01  1.68923E-01
    6547.424    -12.255   0.700  6.91409E-01  6.11205E-01  1.20338E-01
    6547.700    -11.979   0.750  6.67465E-01  6.26450E-01  6.06274E-02
    6547.995    -11.684   0.800  6.36962E-01  6.41694E-01 -6.89293E-03
    6548.310    -11.369   0.850  6.00448E-01  6.55913E-01 -7.95393E-02
    6548.643    -11.036   0.900  5.61587E-01  6.70132E-01 -1.53285E-01
    6548.996    -10.684   0.950  5.21092E-01  6.83775E-01 -2.26103E-01
    6549.367    -10.312   1.000  4.82896E-01  6.97419E-01 -2.93508E-01
    6549.758     -9.922   1.050  4.47447E-01  7.10688E-01 -3.54463E-01
    6550.167     -9.512   1.100  4.18609E-01  7.23956E-01 -4.04754E-01
    6550.596     -9.083   1.150  3.96631E-01  7.36893E-01 -4.44001E-01
    6551.043     -8.636   1.200  3.84534E-01  7.49830E-01 -4.69347E-01
    6551.510     -8.169   1.250  3.82568E-01  7.62377E-01 -4.80631E-01
    6551.996     -7.683   1.300  3.92085E-01  7.74924E-01 -4.77264E-01
    6552.501     -7.178   1.350  4.13334E-01  7.87010E-01 -4.59153E-01
    6553.025     -6.655   1.400  4.45743E-01  7.99096E-01 -4.28036E-01
    6553.568     -6.112   1.450  4.89343E-01  8.10600E-01 -3.83915E-01
    6554.130     -5.550   1.500  5.41883E-01  8.22103E-01 -3.30423E-01
    6554.711     -4.969   1.550  6.03043E-01  8.32911E-01 -2.67684E-01
    6555.311     -4.369   1.600  6.69605E-01  8.43718E-01 -2.00270E-01
    6555.930     -3.749   1.650  7.40716E-01  8.53711E-01 -1.28509E-01
    6556.568     -3.111   1.700  8.12991E-01  8.63703E-01 -5.70339E-02
    6557.225     -2.454   1.750  8.84745E-01  8.72784E-01  1.33176E-02
    6557.901     -1.778   1.800  9.52976E-01  8.81865E-01  7.83946E-02
    6558.597     -1.082   1.850  1.01533E+00  8.89947E-01  1.37023E-01
    6559.311     -0.368   1.900  1.06937E+00  8.98029E-01  1.85644E-01
    6560.045      0.365   1.950  1.11224E+00  9.05008E-01  2.22885E-01
    6560.797      1.118   2.000  1.14264E+00  9.11987E-01  2.46271E-01
    6561.569      1.889   2.050  1.15696E+00  9.17356E-01  2.54476E-01
    6562.359      2.680   2.100  1.15695E+00  9.22726E-01  2.47453E-01
    6563.169      3.490   2.150  1.14397E+00  9.28096E-01  2.26863E-01
    6563.997      4.318   2.200  1.12037E+00  9.33465E-01  1.95399E-01
    6564.845      5.166   2.250  1.08908E+00  9.36450E-01  1.59153E-01
    6565.712      6.033   2.300  1.05389E+00  9.39434E-01  1.19050E-01
    6566.598      6.918   2.350  1.01868E+00  9.42418E-01  7.91213E-02
    6567.503      7.823   2.400  9.87242E-01  9.45403E-01  4.32963E-02
    6568.427      8.747   2.450  9.58165E-01  9.45451E-01  1.31698E-02
    6569.369      9.690   2.500  9.39015E-01  9.45498E-01 -6.72174E-03
    6570.332     10.652   2.550  9.29786E-01  9.45546E-01 -1.63558E-02
    6571.313     11.633   2.600  9.29116E-01  9.45594E-01 -1.71174E-02
    6572.313     12.633   2.650  9.40319E-01  9.48842E-01 -8.83539E-03
    6573.332     13.653   2.700  9.54484E-01  9.52090E-01  2.47690E-03
    6574.370     14.691   2.750  9.68366E-01  9.55338E-01  1.34507E-02
    6575.427     15.748   2.800  9.79906E-01  9.58586E-01  2.19667E-02
    6576.504     16.824   2.850  9.89999E-01  9.62329E-01  2.84056E-02
    6577.599     17.920   2.900  9.97499E-01  9.66072E-01  3.21456E-02
    6578.713     19.034   2.950  1.00272E+00  9.69815E-01  3.35323E-02
    6579.847     20.168   3.000  1.00641E+00  9.73559E-01  3.33585E-02
    6580.999     21.320   3.050  1.00773E+00  9.75454E-01  3.27110E-02
    6582.171     22.492   3.100  1.00888E+00  9.77350E-01  3.18894E-02
    6583.362     23.682   3.150  1.01017E+00  9.79246E-01  3.12169E-02
    6584.571     24.892   3.200  1.01151E+00  9.81141E-01  3.05926E-02
    6585.800     26.121   3.250  1.01213E+00  9.82094E-01  3.02225E-02
    6587.048     27.369   3.300  1.01112E+00  9.83048E-01  2.82132E-02
    6588.315     28.635   3.350  1.00760E+00  9.84001E-01  2.36849E-02
    6589.601     29.921   3.400  1.00093E+00  9.84954E-01  1.60224E-02
    6590.905     31.226   3.450  9.91060E-01  9.85133E-01  5.93887E-03
    6592.229     32.550   3.500  9.77661E-01  9.85313E-01 -7.66283E-03
    6593.572     33.893   3.550  9.61258E-01  9.85493E-01 -2.42515E-02
    6594.934     35.255   3.600  9.43258E-01  9.85672E-01 -4.24162E-02
    6596.316     36.636   3.650  9.25747E-01  9.85485E-01 -5.97342E-02
    6597.716     38.037   3.700  9.10160E-01  9.85297E-01 -7.51257E-02
    6599.135     39.456   3.750  8.98048E-01  9.85109E-01 -8.70409E-02
    6600.573     40.894   3.800  8.90645E-01  9.84921E-01 -9.42452E-02
    6602.031     42.351   3.850  8.88881E-01  9.84563E-01 -9.56538E-02
    6603.507     43.828   3.900  8.92508E-01  9.84205E-01 -9.16725E-02
    6605.002     45.323   3.950  9.01026E-01  9.83847E-01 -8.28003E-02
    6606.517     46.838   4.000  9.13551E-01  9.83489E-01 -6.99224E-02
    6608.050     48.371   4.050  9.28991E-01  9.83146E-01 -5.41434E-02
    6609.603     49.924   4.100  9.45846E-01  9.82803E-01 -3.69487E-02
    6611.175     51.495   4.150  9.62992E-01  9.82459E-01 -1.94634E-02
    6612.765     53.086   4.200  9.79470E-01  9.82116E-01 -2.64631E-03
    6614.375     54.696   4.250  9.94669E-01  9.81941E-01  1.27252E-02
    6616.004     56.324   4.300  1.00784E+00  9.81765E-01  2.60727E-02
    6617.652     57.972   4.350  1.01863E+00  9.81590E-01  3.70336E-02
    6619.318     59.639   4.400  1.02681E+00  9.81414E-01  4.53803E-02
    6621.004     61.325   4.450  1.03215E+00  9.81288E-01  5.08454E-02
    6622.709     63.030   4.500  1.03465E+00  9.81161E-01  5.34632E-02
    6624.433     64.754   4.550  1.03446E+00  9.81035E-01  5.33872E-02
    6626.176     66.497   4.600  1.03187E+00  9.80908E-01  5.09160E-02
    6627.938     68.259   4.650  1.02738E+00  9.80877E-01  4.64661E-02
    6629.720     70.040   4.700  1.02155E+00  9.80845E-01  4.06711E-02
    6631.520     71.841   4.750  1.01499E+00  9.80814E-01  3.41411E-02
    6633.339     73.660   4.800  1.00824E+00  9.80783E-01  2.74346E-02
    6635.177     75.498   4.850  1.00193E+00  9.80814E-01  2.10906E-02
    6637.035     77.356   4.900  9.96119E-01  9.80846E-01  1.52577E-02
    6638.911     79.232   4.950  9.90873E-01  9.80877E-01  9.98465E-03
    6640.807     81.127   5.000  9.86109E-01  9.80909E-01  5.19423E-03
    6642.721     83.042   5.050  9.81659E-01  9.80944E-01  7.15016E-04
    6644.655     84.976   5.100  9.77394E-01  9.80978E-01 -3.58136E-03
    6646.607     86.928   5.150  9.73407E-01  9.81013E-01 -7.60134E-03
    6648.579     88.900   5.200  9.69958E-01  9.81047E-01 -1.10854E-02
    6650.570     90.891   5.250  9.67005E-01  9.80891E-01 -1.38869E-02
    6652.580     92.900   5.300  9.65365E-01  9.80735E-01 -1.53766E-02
    6654.608     94.929   5.350  9.65341E-01  9.80580E-01 -1.52508E-02
    6656.656     96.977   5.400  9.66954E-01  9.80424E-01 -1.34855E-02
    6658.723     99.044   5.450  9.69635E-01  9.80135E-01 -1.05189E-02
    6660.809    101.130   5.500  9.73023E-01  9.79846E-01 -6.84019E-03
    6662.914    103.235   5.550  9.76222E-01  9.79558E-01 -3.34589E-03
    6665.038    105.359   5.600  9.78311E-01  9.79269E-01 -9.61428E-04
    6667.181    107.502   5.650  9.78299E-01  9.78742E-01 -4.45240E-04
    6669.343    109.664   5.700  9.76231E-01  9.78215E-01 -1.99446E-03
    6671.525    111.845   5.750  9.72405E-01  9.77688E-01 -5.31633E-03
    6673.725    114.046   5.800  9.67663E-01  9.77161E-01 -9.56745E-03
    6675.944    116.265   5.850  9.62881E-01  9.76318E-01 -1.35532E-02
    6678.183    118.503   5.900  9.59777E-01  9.75476E-01 -1.58532E-02
    6680.440    120.761   5.950  9.59445E-01  9.74633E-01 -1.53564E-02
    6682.717    123.037   6.000  9.62428E-01  9.73791E-01 -1.15025E-02
    6685.012    125.333   6.050  9.68193E-01  9.72680E-01 -4.54969E-03
    6687.327    127.647   6.100  9.76126E-01  9.71570E-01  4.62640E-03
    6689.660    129.981   6.150  9.84633E-01  9.70459E-01  1.44156E-02
    6692.013    132.334   6.200  9.91846E-01  9.69348E-01  2.29174E-02
    6694.385    134.705   6.250  9.96028E-01  9.68238E-01  2.83527E-02
    6696.775    137.096   6.300  9.95958E-01  9.67127E-01  2.94615E-02
    6699.185    139.506   6.350  9.91218E-01  9.66016E-01  2.57928E-02
    6701.614    141.935   6.400  9.82287E-01  9.64905E-01  1.78180E-02
    6704.062    144.383   6.450  9.70455E-01  9.63795E-01  6.83823E-03
    6706.529    146.850   6.500  9.57542E-01  9.62684E-01 -5.28769E-03
    6709.015    149.336   6.550  9.45481E-01  9.61356E-01 -1.63539E-02
    6711.520    151.841   6.600  9.36125E-01  9.60028E-01 -2.46684E-02
    6714.044    154.365   6.650  9.30565E-01  9.58700E-01 -2.90875E-02
    6716.587    156.908   6.700  9.29115E-01  9.57371E-01 -2.92658E-02
    6719.149    159.470   6.750  9.31324E-01  9.56043E-01 -2.56487E-02
    6721.731    162.052   6.800  9.36154E-01  9.54715E-01 -1.92933E-02
    6724.331    164.652   6.850  9.42274E-01  9.53387E-01 -1.15726E-02
    6726.950    167.271   6.900  9.48372E-01  9.52059E-01 -3.84596E-03
    6729.589    169.910   6.950  9.53430E-01  9.50730E-01  2.82142E-03
    6732.246    172.567   7.000  9.56877E-01  9.49402E-01  7.82638E-03
    6734.923    175.244   7.050  9.58817E-01  9.48228E-01  1.11045E-02
    6737.618    177.939   7.100  9.59286E-01  9.47055E-01  1.28475E-02
    6740.333    180.654   7.150  9.58734E-01  9.45881E-01  1.35216E-02
    6743.067    183.387   7.200  9.57595E-01  9.44708E-01  1.35808E-02
    6745.819    186.140   7.250  9.56139E-01  9.43534E-01  1.33047E-02
    6748.591    188.912   7.300  9.54401E-01  9.42360E-01  1.27288E-02
    6751.382    191.703   7.350  9.52217E-01  9.41187E-01  1.16797E-02
    6754.192    194.513   7.400  9.49343E-01  9.40013E-01  9.89536E-03
    6757.021    197.341   7.450  9.45602E-01  9.38839E-01  7.18379E-03
    6759.869    200.189   7.500  9.41015E-01  9.37666E-01  3.56367E-03
    6762.736    203.056   7.550  9.36044E-01  9.36741E-01 -7.42846E-04
    6765.622    205.943   7.600  9.31017E-01  9.35817E-01 -5.11938E-03
    6768.527    208.848   7.650  9.26625E-01  9.34892E-01 -8.82870E-03
    6771.451    211.772   7.700  9.23530E-01  9.33968E-01 -1.11606E-02
    6774.394    214.715   7.750  9.22184E-01  9.33043E-01 -1.16251E-02
    6777.357    217.677   7.800  9.22695E-01  9.32119E-01 -1.00997E-02
    6780.338    220.659   7.850  9.24775E-01  9.31194E-01 -6.88790E-03
    6783.338    223.659   7.900  9.27786E-01  9.30269E-01 -2.66778E-03
    6786.358    226.678   7.950  9.30885E-01  9.29345E-01  1.65694E-03
    6789.396    229.717   8.000  9.33217E-01  9.28420E-01  5.16570E-03
    6792.454    232.774   8.050  9.34198E-01  9.27518E-01  7.20092E-03
    6795.530    235.851   8.100  9.33371E-01  9.26615E-01  7.28977E-03
    6798.626    238.947   8.150  9.30790E-01  9.25712E-01  5.48418E-03
    6801.740    242.061   8.200  9.26893E-01  9.24809E-01  2.25244E-03
    6804.874    245.195   8.250  9.22383E-01  9.23906E-01 -1.64780E-03
    6808.027    248.348   8.300  9.18055E-01  9.23003E-01 -5.35902E-03
    6811.199    251.519   8.350  9.14604E-01  9.22101E-01 -8.12495E-03
    6814.390    254.710   8.400  9.12485E-01  9.21198E-01 -9.45259E-03
    6817.599    257.920   8.450  9.11825E-01  9.20295E-01 -9.19735E-03
    6820.828    261.149   8.500  9.12439E-01  9.19392E-01 -7.55650E-03
    6824.076    264.397   8.550  9.13708E-01  9.18375E-01 -5.07778E-03
    6827.344    267.664   8.600  9.15359E-01  9.17358E-01 -2.17754E-03
    6830.630    270.950   8.650  9.16912E-01  9.16341E-01  6.22602E-04
    6833.935    274.256   8.700  9.18012E-01  9.15325E-01  2.93341E-03
    6837.259    277.580   8.750  9.18482E-01  9.14308E-01  4.56159E-03
    6840.602    280.923   8.800  9.18328E-01  9.13291E-01  5.51108E-03
    6843.965    284.285   8.850  9.17688E-01  9.12274E-01  5.92927E-03
    6847.346    287.667   8.900  9.16748E-01  9.11257E-01  6.02055E-03
    6850.746    291.067   8.950  9.15667E-01  9.10240E-01  5.95698E-03
    6854.166    294.487   9.000  9.14515E-01  9.09223E-01  5.81494E-03
    6857.604    297.925   9.050  9.13108E-01  9.08002E-01  5.61714E-03
    6861.062    301.383   9.100  9.11477E-01  9.06781E-01  5.17318E-03
    6864.538    304.859   9.150  9.09493E-01  9.05560E-01  4.33805E-03
    6868.034    308.355   9.200  9.07075E-01  9.04339E-01  3.02132E-03
    6871.549    311.870   9.250  9.04244E-01  9.03118E-01  1.24468E-03
    6875.083    315.403   9.300  9.01142E-01  9.01897E-01 -8.35515E-04
    6878.635    318.956   9.350  8.98016E-01  9.00676E-01 -2.94877E-03
    6882.207    322.528   9.400  8.95158E-01  8.99455E-01 -4.76869E-03
    6885.798    326.119   9.450  8.92842E-01  8.98233E-01 -5.99169E-03
    6889.408    329.729   9.500  8.91249E-01  8.97012E-01 -6.41313E-03
    6893.037    333.358   9.550  8.90341E-01  8.95749E-01 -6.02563E-03
    6896.685    337.006   9.600  8.90113E-01  8.94487E-01 -4.87944E-03
    6900.352    340.673   9.650  8.90351E-01  8.93224E-01 -3.20894E-03
    6904.038    344.359   9.700  8.90771E-01  8.91961E-01 -1.33123E-03
    6907.744    348.064   9.750  8.91081E-01  8.90698E-01  4.28559E-04
    6911.468    351.789   9.800  8.91047E-01  8.89435E-01  1.80775E-03
    6915.211    355.532   9.850  8.90536E-01  8.88172E-01  2.65434E-03
    6918.974    359.294   9.900  8.89526E-01  8.86909E-01  2.94208E-03
    6922.755    363.076   9.950  8.88091E-01  8.85647E-01  2.75228E-03
    6926.556    366.876  10.000  8.86363E-01  8.84384E-01  2.23168E-03
    6930.375    370.696  10.050  8.84539E-01  8.83176E-01  1.53901E-03
    6934.214    374.534  10.100  8.82674E-01  8.81968E-01  7.98981E-04
    6938.071    378.392  10.150  8.80852E-01  8.80760E-01  1.04189E-04
    6941.948    382.269  10.200  8.79109E-01  8.79552E-01 -5.01274E-04
    6945.844    386.164  10.250  8.77457E-01  8.78344E-01 -1.00636E-03
    6949.758    390.079  10.300  8.75897E-01  8.77136E-01 -1.40743E-03
    6953.692    394.013  10.350  8.74447E-01  8.75928E-01 -1.68479E-03
    6957.645    397.966  10.400  8.73146E-01  8.74719E-01 -1.79243E-03
    6961.617    401.938  10.450  8.72051E-01  8.73511E-01 -1.66633E-03
    6965.608    405.929  10.500  8.71209E-01  8.72303E-01 -1.24965E-03
    6969.618    409.939  10.550  8.70636E-01  8.71095E-01 -5.25854E-04
    6973.647    413.968  10.600  8.70283E-01  8.69887E-01  4.53031E-04
    6977.695    418.016  10.650  8.70035E-01  8.68679E-01  1.55528E-03
    6981.762    422.083  10.700  8.69721E-01  8.67471E-01  2.58318E-03
    6985.848    426.169  10.750  8.69143E-01  8.66263E-01  3.31140E-03
    6989.954    430.274  10.800  8.68131E-01  8.65055E-01  3.54142E-03
    6994.078    434.399  10.850  8.66586E-01  8.63847E-01  3.15756E-03
    6998.221    438.542  10.900  8.64517E-01  8.62639E-01  2.16790E-03
    7002.384    442.704  10.950  8.62051E-01  8.61431E-01  7.16598E-04
    7006.565    446.886  11.000  8.59412E-01  8.60223E-01 -9.38360E-04
    7010.766    451.086  11.050  8.56720E-01  8.58903E-01 -2.53158E-03
    7014.985    455.306  11.100  8.54367E-01  8.57583E-01 -3.73501E-03
    7019.224    459.545  11.150  8.52566E-01  8.56263E-01 -4.30045E-03
    7023.481    463.802  11.200  8.51416E-01  8.54944E-01 -4.10857E-03
    7027.758    468.079  11.250  8.50882E-01  8.53624E-01 -3.19841E-03
    7032.054    472.375  11.300  8.50798E-01  8.52304E-01 -1.75939E-03
    7036.369    476.690  11.350  8.50909E-01  8.50984E-01 -8.73027E-05
    7040.703    481.023  11.400  8.50931E-01  8.49664E-01  1.48450E-03
    7045.056    485.376  11.450  8.50611E-01  8.48344E-01  2.66149E-03
    7049.427    489.748  11.500  8.49790E-01  8.47024E-01  3.25248E-03
    7053.818    494.139  11.550  8.48427E-01  8.45705E-01  3.20654E-03
    7058.229    498.549  11.600  8.46601E-01  8.44385E-01  2.61412E-03
    7062.658    502.978  11.650  8.44481E-01  8.43065E-01  1.67367E-03
    7067.106    507.427  11.700  8.42281E-01  8.41745E-01  6.34277E-04
    7071.573    511.894  11.750  8.40198E-01  8.40425E-01 -2.69572E-04
    7076.059    516.380  11.800  8.38369E-01  8.39105E-01 -8.73553E-04
    7080.565    520.885  11.850  8.36847E-01  8.37785E-01 -1.11559E-03
    7085.089    525.410  11.900  8.35594E-01  8.36466E-01 -1.03772E-03
    7089.632    529.953  11.950  8.34509E-01  8.35146E-01 -7.59838E-04
    7094.195    534.516  12.000  8.33462E-01  8.33826E-01 -4.34778E-04
    7098.776    539.097  12.050  8.32190E-01  8.32364E-01 -2.08324E-04
    7103.377    543.698  12.100  8.30778E-01  8.30902E-01 -1.49522E-04
    7107.996    548.317  12.150  8.29219E-01  8.29441E-01 -2.66801E-04
    7112.635    552.956  12.200  8.27565E-01  8.27979E-01 -4.97469E-04
    7117.293    557.614  12.250  8.25910E-01  8.26517E-01 -7.31923E-04
    7121.970    562.290  12.300  8.24350E-01  8.25055E-01 -8.51665E-04
    7126.665    566.986  12.350  8.22958E-01  8.23594E-01 -7.69284E-04
    7131.380    571.701  12.400  8.21754E-01  8.22132E-01 -4.58379E-04
    7136.114    576.435  12.450  8.20699E-01  8.20670E-01  3.52895E-05
    7140.867    581.188  12.500  8.19706E-01  8.19209E-01  6.04462E-04
    7145.639    585.960  12.550  8.18657E-01  8.17747E-01  1.10946E-03
    7150.430    590.751  12.600  8.17446E-01  8.16285E-01  1.41711E-03
    7155.240    595.561  12.650  8.15999E-01  8.14823E-01  1.43819E-03
    7160.069    600.390  12.700  8.14303E-01  8.13362E-01  1.15294E-03
    7164.918    605.238  12.750  8.12403E-01  8.11900E-01  6.17569E-04
    7169.785    610.106  12.800  8.10398E-01  8.10438E-01 -4.96912E-05
    7174.671    614.992  12.850  8.08409E-01  8.08977E-01 -6.98740E-04
    7179.577    619.897  12.900  8.06554E-01  8.07515E-01 -1.18549E-03
    7184.501    624.822  12.950  8.04915E-01  8.06053E-01 -1.40713E-03
    7189.444    629.765  13.000  8.03521E-01  8.04591E-01 -1.32564E-03
    7194.407    634.728  13.050  8.02383E-01  8.03179E-01 -9.87381E-04
    7199.388    639.709  13.100  8.01404E-01  8.01767E-01 -4.51542E-04
    7204.389    644.710  13.150  8.00482E-01  8.00355E-01  1.58225E-04
    7209.409    649.729  13.200  7.99511E-01  7.98942E-01  7.08643E-04
    7214.447    654.768  13.250  7.98401E-01  7.97530E-01  1.08830E-03
    7219.505    659.826  13.300  7.97102E-01  7.96118E-01  1.23163E-03
    7224.582    664.903  13.350  7.95607E-01  7.94706E-01  1.13008E-03
    7229.678    669.999  13.400  7.93953E-01  7.93294E-01  8.28576E-04
    7234.793    675.114  13.450  7.92207E-01  7.91881E-01  4.09759E-04
    7239.927    680.247  13.500  7.90446E-01  7.90469E-01 -2.91279E-05
    7245.080    685.400  13.550  7.88740E-01  7.89057E-01 -3.99986E-04
    7250.252    690.573  13.600  7.87137E-01  7.87645E-01 -6.42378E-04
    7255.443    695.764  13.650  7.85654E-01  7.86232E-01 -7.32839E-04
    7260.653    700.974  13.700  7.84282E-01  7.84820E-01 -6.83943E-04
    7265.882    706.203  13.750  7.82988E-01  7.83408E-01 -5.34872E-04
    7271.130    711.451  13.800  7.81731E-01  7.81996E-01 -3.37241E-04
    7276.398    716.719  13.850  7.80473E-01  7.80584E-01 -1.40618E-04
    7281.684    722.005  13.900  7.79186E-01  7.79171E-01  1.84540E-05
    7286.990    727.310  13.950  7.77854E-01  7.77759E-01  1.21703E-04
    7292.314    732.635  14.000  7.76478E-01  7.76347E-01  1.68446E-04
    7297.657    737.978  14.050  7.74993E-01  7.74854E-01  1.78817E-04
    7303.020    743.341  14.100  7.73487E-01  7.73362E-01  1.61396E-04
    7308.402    748.722  14.150  7.71970E-01  7.71869E-01  1.30165E-04
    7313.802    754.123  14.200  7.70450E-01  7.70376E-01  9.50163E-05
    7319.222    759.543  14.250  7.68930E-01  7.68884E-01  6.04849E-05
    7324.661    764.982  14.300  7.67412E-01  7.67391E-01  2.70277E-05
    7330.119    770.439  14.350  7.65894E-01  7.65899E-01 -6.24101E-06
    7335.595    775.916  14.400  7.64376E-01  7.64406E-01 -3.87923E-05
    7341.091    781.412  14.450  7.62862E-01  7.62913E-01 -6.71590E-05
    7346.606    786.927  14.500  7.61356E-01  7.61421E-01 -8.52630E-05
    7352.140    792.461  14.550  7.59862E-01  7.59928E-01 -8.64095E-05
    7357.693    798.014  14.600  7.58385E-01  7.58435E-01 -6.60896E-05
    7363.265    803.586  14.650  7.56924E-01  7.56943E-01 -2.44190E-05
    7368.857    809.177  14.700  7.55475E-01  7.55450E-01  3.28185E-05
    7374.467    814.788  14.750  7.54029E-01  7.53958E-01  9.50298E-05
    7380.096    820.417  14.800  7.52578E-01  7.52465E-01  1.49381E-04
    7385.744    826.065  14.850  7.51111E-01  7.50972E-01  1.84259E-04
    7391.412    831.732  14.900  7.49624E-01  7.49480E-01  1.92473E-04
    7397.098    837.419  14.950  7.48117E-01  7.47987E-01  1.73155E-04
    7402.804    843.124  15.000  7.46593E-01  7.46494E-01  1.31717E-04
