# # Once                                                         FEFF 9.6.4  
# # POT  SCF 100  5.0000   0, core-hole, AFOLP (folp(0)= 1.150)
# # Abs   Z=26 Rmt= 1.361 Rnm= 1.411 K  shell
# # Pot 1 Z=57 Rmt= 1.836 Rnm= 1.836
# # Pot 2 Z=14 Rmt= 1.349 Rnm= 1.400
# # Pot 3 Z=26 Rmt= 1.357 Rnm= 1.408
# # Gam_ch=1.309E+00 H-L exch Vi= 0.000E+00 Vr= 0.000E+00
# # Mu=-1.665E+01 kf=2.118E+00 Vint=-2.580E+01 Rs_int= 1.713
# # PATH  Rmax= 8.000,  Keep_limit= 0.00, Heap_limit 0.00  Pwcrit= 2.50%
#  S02=1.000  Temp=   0.00  Debye_temp=   0.00  Global_sig2= 0.00000
#  Energy zero shift, vr, vi    0.00000E+00   0.00000E+00
#  Curved wave amplitude ratio filter   4.000%
#     file         sig2 tot  cw amp ratio   deg  nlegs   reff  inp sig2
#           1       0.00000    100.00      1.00     2   2.4217
#           2       0.00000    102.10      1.00     2   2.4382
#           3       0.00000     96.90      1.00     2   2.4606
#           4       0.00000     96.09      1.00     2   2.4710
#           5       0.00000     95.12      1.00     2   2.4837
#           6       0.00000     89.35      1.00     2   2.5625
#           7       0.00000    173.70      2.00     2   2.5989
#           8       0.00000     86.47      1.00     2   2.6044
#           9       0.00000     79.05      1.00     2   2.7206
#          10       0.00000     80.31      1.00     2   3.3044
#          11       0.00000     80.06      1.00     2   3.3096
#          12       0.00000     51.06      1.00     2   3.3280
#          13       0.00000      9.10      2.00     3   3.7253
#          14       0.00000      9.19      2.00     3   3.7406
#          15       0.00000      9.83      2.00     3   3.7406
#          16       0.00000      9.47      2.00     3   3.7453
#          17       0.00000      9.37      2.00     3   3.7624
#          18       0.00000      9.36      2.00     3   3.7688
#          19       0.00000     17.66      4.00     3   3.7832
#          20       0.00000      8.98      2.00     3   3.8237
#          21       0.00000      9.31      2.00     3   3.8243
#          22       0.00000      9.06      2.00     3   3.8265
#          23       0.00000      7.85      2.00     3   3.8596
#          24       0.00000     35.49      1.00     2   3.8951
#          25       0.00000     31.68      1.00     2   4.0842
#          26       0.00000     10.16      2.00     3   4.0899
#          27       0.00000      7.49      2.00     3   4.1098
#          28       0.00000     30.56      1.00     2   4.1452
#          29       0.00000     30.28      1.00     2   4.1612
#          30       0.00000     30.02      1.00     2   4.1760
#          31       0.00000     29.85      1.00     2   4.1855
#          32       0.00000     29.84      1.00     2   4.1866
#          33       0.00000     29.73      1.00     2   4.1924
#          34       0.00000     29.31      1.00     2   4.2171
#          35       0.00000     21.95      1.00     2   4.2199
#          36       0.00000     29.24      1.00     2   4.2216
#          37       0.00000     28.88      1.00     2   4.2425
#          38       0.00000     28.48      1.00     2   4.2669
#          39       0.00000     28.41      1.00     2   4.2712
#          40       0.00000     13.67      2.00     3   4.3706
#          41       0.00000      9.81      2.00     3   4.3804
#          42       0.00000      9.01      2.00     3   4.4147
#          43       0.00000     25.29      1.00     2   4.4767
#          44       0.00000     18.28      1.00     2   4.4893
#          45       0.00000     25.03      1.00     2   4.4952
#          46       0.00000     24.88      1.00     2   4.5064
#          47       0.00000     24.77      1.00     2   4.5142
#          48       0.00000      9.57      2.00     3   4.5392
#          49       0.00000     24.35      1.00     2   4.5450
#          50       0.00000     15.06      2.00     3   4.5738
#          51       0.00000      9.29      2.00     3   4.5743
#          52       0.00000     10.00      2.00     3   4.5748
#          53       0.00000      6.41      2.00     3   4.5772
#          54       0.00000      8.90      2.00     3   4.5816
#          55       0.00000     14.00      2.00     3   4.5847
#          56       0.00000      9.30      2.00     3   4.5850
#          57       0.00000     10.08      2.00     3   4.5879
#          58       0.00000      8.90      2.00     3   4.5895
#          59       0.00000      8.95      2.00     3   4.5975
#          60       0.00000      8.84      2.00     3   4.5995
#          61       0.00000     23.59      1.00     2   4.6028
#          62       0.00000      5.78      2.00     3   4.6108
#          63       0.00000      5.97      2.00     3   4.6189
#          64       0.00000      8.95      2.00     3   4.6189
#          65       0.00000      8.61      2.00     3   4.6223
#          66       0.00000      5.96      2.00     3   4.6257
#          67       0.00000      9.39      2.00     3   4.6278
#          68       0.00000      4.54      2.00     3   4.6285
#          69       0.00000      6.05      2.00     3   4.6285
#          70       0.00000      9.42      2.00     3   4.6300
#          71       0.00000      5.70      2.00     3   4.6383
#          72       0.00000      8.57      2.00     3   4.6383
#          73       0.00000      4.67      2.00     3   4.6467
#          74       0.00000     16.42      1.00     2   4.6533
#          75       0.00000     23.02      2.00     3   4.6843
#          76       0.00000      5.09      2.00     3   4.6915
#          77       0.00000     22.58      2.00     3   4.7040
#          78       0.00000     11.97      2.00     3   4.7163
#          79       0.00000      6.32      2.00     3   4.7170
#          80       0.00000     13.28      2.00     3   4.7223
#          81       0.00000      4.91      2.00     3   4.7229
#          82       0.00000     12.04      2.00     3   4.7297
#          83       0.00000     13.81      2.00     3   4.7315
#          84       0.00000     12.41      2.00     3   4.7353
#          85       0.00000     21.22      1.00     2   4.7988
#          86       0.00000     44.09      2.00     3   4.8129
#          87       0.00000      8.74      2.00     3   4.8152
#          88       0.00000     12.02      2.00     3   4.8260
#          89       0.00000     27.17      1.00     4   4.8270
#          90       0.00000      5.97      1.00     4   4.8434
#          91       0.00000      8.40      2.00     3   4.8452
#          92       0.00000      6.31      2.00     3   4.8452
#          93       0.00000      4.16      1.00     4   4.8764
#          95       0.00000     14.67      2.00     3   4.8904
#          96       0.00000      5.75      1.00     4   4.8920
#          98       0.00000      5.61      1.00     4   4.9128
#          99       0.00000      5.58      1.00     4   4.9212
#         100       0.00000     10.70      2.00     4   4.9219
#         101       0.00000     13.70      1.00     2   4.9393
#         102       0.00000      5.48      1.00     4   4.9421
#         103       0.00000     28.18      2.00     3   4.9614
#         104       0.00000      5.36      1.00     4   4.9674
#         105       0.00000     15.78      1.00     4   4.9835
#         106       0.00000     18.54      2.00     3   4.9861
#         107       0.00000     19.20      1.00     2   4.9886
#         108       0.00000     48.45      2.00     3   4.9887
#         109       0.00000     38.98      1.00     4   4.9888
#         110       0.00000     19.11      1.00     2   4.9971
#         111       0.00000     19.10      1.00     2   4.9981
#         113       0.00000     13.14      1.00     2   5.0079
#         114       0.00000     18.94      1.00     2   5.0146
#         115       0.00000     11.95      2.00     4   5.0231
#         116       0.00000     31.09      2.00     3   5.0276
#         117       0.00000     25.95      2.00     3   5.0330
#         118       0.00000     18.01      2.00     3   5.0335
#         119       0.00000     27.53      2.00     3   5.0336
#         120       0.00000     49.29      2.00     3   5.0344
#         122       0.00000     31.43      1.00     4   5.0543
#         123       0.00000     13.60      1.00     4   5.0572
#         124       0.00000     14.00      1.00     4   5.0581
#         125       0.00000     11.64      2.00     4   5.0700
#         126       0.00000     10.73      1.00     4   5.0700
#         127       0.00000     18.32      1.00     2   5.0796
#         128       0.00000      5.88      4.00     4   5.0827
#         129       0.00000     17.04      2.00     3   5.1035
#         130       0.00000     29.36      2.00     3   5.1076
#         131       0.00000      4.70      1.00     4   5.1251
#         132       0.00000     13.22      1.00     4   5.1357
#         133       0.00000     10.63      2.00     4   5.1424
#         134       0.00000     28.07      1.00     2   5.1761
#         135       0.00000     27.97      1.00     2   5.1831
#         136       0.00000      8.88      2.00     4   5.1979
#         137       0.00000      4.40      1.00     4   5.2087
#         138       0.00000     16.54      1.00     2   5.2805
#         139       0.00000     16.32      1.00     2   5.3068
#         140       0.00000     16.30      1.00     2   5.3101
#         141       0.00000      4.71      2.00     3   5.3613
#         142       0.00000      4.67      2.00     3   5.3613
#         143       0.00000     15.84      1.00     2   5.3672
#         144       0.00000      5.47      2.00     3   5.4236
#         146       0.00000      5.59      2.00     3   5.4517
#         147       0.00000      8.53      2.00     3   5.4960
#         148       0.00000      4.88      2.00     3   5.5061
#         149       0.00000      8.32      2.00     3   5.5187
#         150       0.00000      4.85      2.00     3   5.5432
#         151       0.00000      7.97      2.00     3   5.5432
#         152       0.00000      7.68      2.00     3   5.5622
#         155       0.00000      5.94      2.00     3   5.5857
#         156       0.00000      5.81      2.00     3   5.6123
#         157       0.00000      4.50      2.00     3   5.6185
#         158       0.00000      5.24      2.00     3   5.6185
#         159       0.00000      4.58      2.00     3   5.6318
#         160       0.00000     13.68      1.00     2   5.6678
#         161       0.00000     27.12      2.00     2   5.6864
#         162       0.00000      4.76      2.00     3   5.6975
#         163       0.00000     13.39      1.00     2   5.7120
#         164       0.00000      9.70      2.00     3   5.7270
#         165       0.00000     13.27      1.00     2   5.7317
#         166       0.00000      9.55      2.00     3   5.7504
#         167       0.00000     12.91      1.00     2   5.7898
#         169       0.00000     12.72      1.00     2   5.8208
#         170       0.00000     12.56      1.00     2   5.8478
#         171       0.00000     20.06      1.00     2   5.8864
#         172       0.00000     41.46      2.00     3   5.8883
#         173       0.00000     26.93      1.00     4   5.8902
#         174       0.00000     20.00      1.00     2   5.8924
#         175       0.00000     17.91      2.00     3   5.8979
#         176       0.00000     39.13      2.00     3   5.8979
#         177       0.00000     12.26      2.00     4   5.9033
#         178       0.00000     23.68      1.00     4   5.9033
#         179       0.00000     17.74      2.00     3   5.9077
#         180       0.00000     12.05      2.00     4   5.9140
#         181       0.00000     12.12      1.00     2   5.9250
#         182       0.00000     12.09      1.00     2   5.9304
#         183       0.00000      8.01      2.00     3   5.9386
#         184       0.00000      8.41      2.00     3   5.9611
#         185       0.00000     11.88      1.00     2   5.9668
#         186       0.00000      7.55      1.00     2   5.9835
#         187       0.00000      7.54      1.00     2   5.9856
#         188       0.00000     11.76      1.00     2   5.9888
#         189       0.00000     11.67      1.00     2   6.0066
#         190       0.00000      6.84      2.00     3   6.0094
#         191       0.00000     11.53      1.00     2   6.0324
#         192       0.00000     11.49      1.00     2   6.0395
#         193       0.00000      4.11      2.00     3   6.0417
#         196       0.00000      7.23      1.00     2   6.0648
#         197       0.00000      7.16      1.00     2   6.0843
#         198       0.00000      7.87      2.00     3   6.0963
#         199       0.00000     11.08      1.00     2   6.1201
#         201       0.00000      5.66      2.00     3   6.1445
#         202       0.00000     10.95      1.00     2   6.1461
#         203       0.00000     16.94      4.00     3   6.1476
#         204       0.00000      4.51      2.00     3   6.1720
#         205       0.00000      8.14      2.00     3   6.1828
#         206       0.00000      8.40      2.00     3   6.1845
#         207       0.00000      4.95      2.00     3   6.1963
#         208       0.00000     10.70      1.00     2   6.1968
#         209       0.00000      5.33      2.00     3   6.2011
#         210       0.00000      8.84      2.00     3   6.2071
#         211       0.00000     10.63      1.00     2   6.2106
#         212       0.00000      8.93      2.00     3   6.2261
#         214       0.00000     10.53      1.00     2   6.2315
#         216       0.00000     10.48      1.00     2   6.2429
#         217       0.00000      4.22      2.00     3   6.2657
#         219       0.00000      9.54      2.00     3   6.2803
#         220       0.00000      9.36      2.00     3   6.2920
#         221       0.00000     10.21      1.00     2   6.3005
#         223       0.00000     10.19      1.00     2   6.3041
#         225       0.00000      9.62      2.00     3   6.3106
#         228       0.00000      4.28      2.00     3   6.3191
#         229       0.00000      6.33      2.00     3   6.3238
#         230       0.00000      6.74      2.00     3   6.3244
#         232       0.00000      6.28      2.00     3   6.3437
#         233       0.00000      5.42      2.00     3   6.3548
#         234       0.00000      9.96      1.00     2   6.3569
#         235       0.00000     19.90      2.00     2   6.3579
#         236       0.00000      4.10      2.00     3   6.3574
#         238       0.00000      9.91      1.00     2   6.3670
#         239       0.00000      5.93      2.00     3   6.3684
#         240       0.00000      5.31      2.00     3   6.3684
#         241       0.00000      4.33      2.00     3   6.3729
#         242       0.00000      9.85      1.00     2   6.3814
#         243       0.00000      4.12      2.00     3   6.4082
#         244       0.00000      5.94      2.00     3   6.4093
#         245       0.00000      9.71      1.00     2   6.4128
#         246       0.00000      5.89      2.00     3   6.4247
#         248       0.00000      5.74      2.00     3   6.4285
#         249       0.00000      9.63      1.00     2   6.4318
#         250       0.00000      6.47      2.00     3   6.4315
#         251       0.00000      4.76      2.00     3   6.4326
#         252       0.00000      4.49      2.00     3   6.4327
#         253       0.00000      5.04      2.00     3   6.4365
#         255       0.00000      9.57      1.00     2   6.4455
#         256       0.00000      4.53      2.00     3   6.4457
#         257       0.00000      9.56      1.00     2   6.4499
#         261       0.00000      9.52      1.00     2   6.4591
#         263       0.00000      4.65      2.00     3   6.4640
#         264       0.00000      4.54      2.00     3   6.4654
#         265       0.00000      9.46      1.00     2   6.4727
#         266       0.00000      4.05      2.00     3   6.4727
#         267       0.00000     18.27      2.00     3   6.4771
#         270       0.00000      6.20      2.00     3   6.4805
#         272       0.00000      9.39      1.00     2   6.4899
#         273       0.00000      4.80      2.00     3   6.4898
#         276       0.00000      4.78      2.00     3   6.4951
#         277       0.00000      4.72      2.00     3   6.4951
#         278       0.00000      4.41      2.00     3   6.4964
#         279       0.00000     11.35      2.00     3   6.4978
#         280       0.00000      9.35      1.00     2   6.5005
#         281       0.00000     12.94      2.00     3   6.5020
#         282       0.00000      4.60      2.00     3   6.5025
#         283       0.00000      4.64      2.00     3   6.5025
#         285       0.00000     15.56      2.00     3   6.5107
#         286       0.00000      9.29      1.00     2   6.5150
#         287       0.00000      4.25      2.00     3   6.5191
#         288       0.00000      8.93      1.00     4   6.5224
#         289       0.00000      5.15      1.00     4   6.5313
#         290       0.00000     17.62      2.00     3   6.5414
#         292       0.00000      9.17      1.00     2   6.5446
#         294       0.00000     10.25      2.00     3   6.5453
#         296       0.00000      9.15      1.00     2   6.5487
#         297       0.00000     17.70      2.00     3   6.5515
#         298       0.00000      9.13      1.00     2   6.5544
#         299       0.00000     15.24      2.00     3   6.5554
#         300       0.00000      4.38      2.00     3   6.5577
#         301       0.00000      5.33      2.00     3   6.5598
#         302       0.00000      7.89      2.00     3   6.5594
#         303       0.00000      9.04      1.00     2   6.5770
#         304       0.00000      4.04      2.00     4   6.5834
#         305       0.00000      5.03      2.00     4   6.5830
#         306       0.00000     23.31      2.00     3   6.5879
#         307       0.00000      5.37      2.00     3   6.5886
#         309       0.00000      8.94      1.00     2   6.6013
#         310       0.00000      4.25      2.00     3   6.6045
#         311       0.00000      6.94      2.00     3   6.6087
#         313       0.00000     23.11      2.00     3   6.6157
#         314       0.00000      8.88      1.00     2   6.6175
#         316       0.00000     13.26      2.00     3   6.6241
#         317       0.00000      4.87      2.00     3   6.6259
#         318       0.00000      7.71      2.00     3   6.6268
#         319       0.00000     15.29      1.00     4   6.6271
#         320       0.00000      8.81      1.00     2   6.6367
#         321       0.00000     10.11      1.00     4   6.6373
#         322       0.00000     10.27      1.00     4   6.6438
#         323       0.00000      5.09      2.00     4   6.6461
#         324       0.00000     13.48      2.00     3   6.6465
#         325       0.00000      5.77      1.00     4   6.6468
#         326       0.00000      5.39      1.00     2   6.6477
#         327       0.00000      5.32      2.00     3   6.6513
#         328       0.00000     15.17      1.00     4   6.6544
#         329       0.00000      7.87      1.00     4   6.6544
#         331       0.00000     17.21      2.00     3   6.6656
#         332       0.00000      4.62      2.00     3   6.6724
#         333       0.00000      8.67      1.00     2   6.6747
#         334       0.00000      5.73      1.00     4   6.6754
#         335       0.00000      5.31      1.00     2   6.6786
#         337       0.00000      7.06      2.00     3   6.6939
#         338       0.00000      8.25      1.00     4   6.6945
#         339       0.00000      8.59      1.00     2   6.6961
#         340       0.00000      7.74      1.00     4   6.6981
#         341       0.00000     13.93      2.00     3   6.6989
#         342       0.00000      7.95      2.00     3   6.7131
#         343       0.00000      7.15      2.00     3   6.7136
#         345       0.00000      6.40      1.00     4   6.7232
#         347       0.00000     11.55      2.00     3   6.7325
#   305/ 343 paths used
#  xsedge+50, used to normalize mu           3.1953E-04
#  -----------------------------------------------------------------------
#  omega    e    k    mu    mu0     chi     @#
    7120.432    -16.642   0.050  2.47173E-01  3.13798E-01 -1.20946E-01
    7120.460    -16.614   0.100  2.55494E-01  3.19291E-01 -1.15606E-01
    7120.508    -16.566   0.150  2.79749E-01  3.35584E-01 -1.00650E-01
    7120.575    -16.499   0.200  3.03957E-01  3.51876E-01 -8.59341E-02
    7120.660    -16.414   0.250  3.40100E-01  3.76663E-01 -6.50095E-02
    7120.765    -16.309   0.300  3.75526E-01  4.01450E-01 -4.57045E-02
    7120.889    -16.185   0.350  4.13660E-01  4.28977E-01 -2.66937E-02
    7121.032    -16.042   0.400  4.49406E-01  4.56504E-01 -1.22301E-02
    7121.194    -15.880   0.450  4.78127E-01  4.81535E-01 -5.79018E-03
    7121.375    -15.699   0.500  5.02252E-01  5.06565E-01 -7.22691E-03
    7121.575    -15.499   0.550  5.14283E-01  5.27875E-01 -2.24063E-02
    7121.794    -15.280   0.600  5.20136E-01  5.49185E-01 -4.71313E-02
    7122.032    -15.042   0.650  5.12733E-01  5.67743E-01 -8.76795E-02
    7122.289    -14.785   0.700  4.99288E-01  5.86301E-01 -1.36289E-01
    7122.565    -14.509   0.750  4.72256E-01  6.03239E-01 -2.01332E-01
    7122.861    -14.213   0.800  4.41866E-01  6.20177E-01 -2.69056E-01
    7123.175    -13.899   0.850  4.03771E-01  6.36214E-01 -3.44004E-01
    7123.508    -13.566   0.900  3.72492E-01  6.52251E-01 -4.06230E-01
    7123.861    -13.213   0.950  3.58639E-01  6.67740E-01 -4.40185E-01
    7124.232    -12.842   1.000  3.54945E-01  6.83229E-01 -4.58662E-01
    7124.623    -12.451   1.050  3.57397E-01  6.98264E-01 -4.67222E-01
    7125.032    -12.042   1.100  3.68447E-01  7.13298E-01 -4.63897E-01
    7125.461    -11.613   1.150  3.87426E-01  7.27862E-01 -4.49611E-01
    7125.909    -11.165   1.200  4.14554E-01  7.42426E-01 -4.25266E-01
    7126.375    -10.699   1.250  4.49146E-01  7.56399E-01 -3.91654E-01
    7126.861    -10.213   1.300  4.89035E-01  7.70371E-01 -3.52542E-01
    7127.366     -9.708   1.350  5.32071E-01  7.83604E-01 -3.10154E-01
    7127.890     -9.184   1.400  5.77520E-01  7.96838E-01 -2.66174E-01
    7128.433     -8.641   1.450  6.23349E-01  8.09196E-01 -2.22272E-01
    7128.995     -8.079   1.500  6.70968E-01  8.21554E-01 -1.77519E-01
    7129.576     -7.498   1.550  7.19342E-01  8.32879E-01 -1.32103E-01
    7130.176     -6.898   1.600  7.69940E-01  8.44203E-01 -8.52988E-02
    7130.795     -6.279   1.650  8.21732E-01  8.54390E-01 -3.70857E-02
    7131.433     -5.641   1.700  8.73711E-01  8.64577E-01  1.02556E-02
    7132.090     -4.984   1.750  9.23593E-01  8.73538E-01  5.56615E-02
    7132.767     -4.307   1.800  9.67946E-01  8.82500E-01  9.41107E-02
    7133.462     -3.612   1.850  1.00338E+00  8.90170E-01  1.23695E-01
    7134.176     -2.898   1.900  1.02888E+00  8.97841E-01  1.42051E-01
    7134.910     -2.164   1.950  1.04220E+00  9.04154E-01  1.48705E-01
    7135.662     -1.412   2.000  1.04465E+00  9.10467E-01  1.43644E-01
    7136.434     -0.640   2.050  1.03714E+00  9.14916E-01  1.30322E-01
    7137.224      0.150   2.100  1.02231E+00  9.19365E-01  1.09332E-01
    7138.034      0.960   2.150  1.00395E+00  9.23814E-01  8.47758E-02
    7138.863      1.789   2.200  9.85682E-01  9.28264E-01  6.05046E-02
    7139.710      2.636   2.250  9.66415E-01  9.29462E-01  3.89404E-02
    7140.577      3.503   2.300  9.51415E-01  9.30661E-01  2.18709E-02
    7141.463      4.389   2.350  9.41583E-01  9.31860E-01  1.02470E-02
    7142.368      5.294   2.400  9.36516E-01  9.33059E-01  3.64286E-03
    7143.292      6.218   2.450  9.35551E-01  9.36335E-01 -8.25097E-04
    7144.235      7.161   2.500  9.36537E-01  9.39612E-01 -3.23019E-03
    7145.197      8.123   2.550  9.39878E-01  9.42888E-01 -3.15770E-03
    7146.178      9.104   2.600  9.46108E-01  9.46165E-01 -5.94835E-05
    7147.178     10.104   2.650  9.53282E-01  9.50926E-01  2.45778E-03
    7148.197     11.123   2.700  9.61367E-01  9.55688E-01  5.90130E-03
    7149.235     12.161   2.750  9.69472E-01  9.60450E-01  9.33740E-03
    7150.293     13.218   2.800  9.76604E-01  9.65212E-01  1.17440E-02
    7151.369     14.295   2.850  9.78767E-01  9.67854E-01  1.12191E-02
    7152.464     15.390   2.900  9.79438E-01  9.70497E-01  9.16713E-03
    7153.579     16.505   2.950  9.79003E-01  9.73139E-01  5.99604E-03
    7154.712     17.638   3.000  9.78227E-01  9.75782E-01  2.49347E-03
    7155.865     18.791   3.050  9.75329E-01  9.77586E-01 -2.29636E-03
    7157.036     19.962   3.100  9.73803E-01  9.79390E-01 -5.67299E-03
    7158.227     21.153   3.150  9.74970E-01  9.81194E-01 -6.30617E-03
    7159.437     22.362   3.200  9.79811E-01  9.82998E-01 -3.22211E-03
    7160.665     23.591   3.250  9.86076E-01  9.83714E-01  2.38414E-03
    7161.913     24.839   3.300  9.96245E-01  9.84430E-01  1.19062E-02
    7163.180     26.106   3.350  1.00936E+00  9.85146E-01  2.43599E-02
    7164.466     27.392   3.400  1.02359E+00  9.85863E-01  3.78974E-02
    7165.771     28.697   3.450  1.03629E+00  9.86510E-01  4.99497E-02
    7167.095     30.020   3.500  1.04580E+00  9.87158E-01  5.87817E-02
    7168.438     31.364   3.550  1.04989E+00  9.87806E-01  6.21724E-02
    7169.800     32.726   3.600  1.04711E+00  9.88454E-01  5.86790E-02
    7171.181     34.107   3.650  1.03662E+00  9.88543E-01  4.80478E-02
    7172.581     35.507   3.700  1.01980E+00  9.88632E-01  3.11187E-02
    7174.000     36.926   3.750  9.98632E-01  9.88722E-01  9.88505E-03
    7175.438     38.364   3.800  9.75816E-01  9.88811E-01 -1.29500E-02
    7176.896     39.822   3.850  9.54306E-01  9.89241E-01 -3.47848E-02
    7178.372     41.298   3.900  9.36535E-01  9.89672E-01 -5.28644E-02
    7179.868     42.793   3.950  9.24134E-01  9.90102E-01 -6.55753E-02
    7181.382     44.308   4.000  9.17577E-01  9.90532E-01 -7.24609E-02
    7182.916     45.841   4.050  9.16336E-01  9.90857E-01 -7.39527E-02
    7184.468     47.394   4.100  9.19186E-01  9.91181E-01 -7.13859E-02
    7186.040     48.966   4.150  9.24521E-01  9.91505E-01 -6.63616E-02
    7187.630     50.556   4.200  9.31006E-01  9.91830E-01 -6.02069E-02
    7189.240     52.166   4.250  9.38379E-01  9.92222E-01 -5.32567E-02
    7190.869     53.795   4.300  9.46288E-01  9.92614E-01 -4.57866E-02
    7192.517     55.443   4.350  9.55182E-01  9.93006E-01 -3.73557E-02
    7194.184     57.109   4.400  9.65623E-01  9.93398E-01 -2.74106E-02
    7195.870     58.795   4.450  9.78342E-01  9.93914E-01 -1.53580E-02
    7197.574     60.500   4.500  9.92460E-01  9.94429E-01 -1.94138E-03
    7199.299     62.224   4.550  1.00694E+00  9.94945E-01  1.18146E-02
    7201.042     63.967   4.600  1.02035E+00  9.95461E-01  2.45010E-02
    7202.804     65.730   4.650  1.03100E+00  9.95762E-01  3.46840E-02
    7204.585     67.511   4.700  1.03814E+00  9.96063E-01  4.14000E-02
    7206.385     69.311   4.750  1.04180E+00  9.96364E-01  4.46816E-02
    7208.204     71.130   4.800  1.04290E+00  9.96665E-01  4.54529E-02
    7210.043     72.969   4.850  1.04282E+00  9.96853E-01  4.51944E-02
    7211.900     74.826   4.900  1.04358E+00  9.97040E-01  4.57526E-02
    7213.776     76.702   4.950  1.04636E+00  9.97228E-01  4.82988E-02
    7215.672     78.598   5.000  1.05134E+00  9.97416E-01  5.30057E-02
    7217.586     80.512   5.050  1.05727E+00  9.97350E-01  5.89113E-02
    7219.520     82.446   5.100  1.06225E+00  9.97285E-01  6.38818E-02
    7221.473     84.398   5.150  1.06364E+00  9.97220E-01  6.53265E-02
    7223.444     86.370   5.200  1.05905E+00  9.97155E-01  6.08880E-02
    7225.435     88.361   5.250  1.04655E+00  9.96811E-01  4.89577E-02
    7227.445     90.371   5.300  1.02660E+00  9.96468E-01  2.96768E-02
    7229.474     92.399   5.350  1.00081E+00  9.96125E-01  4.61998E-03
    7231.521     94.447   5.400  9.72078E-01  9.95782E-01 -2.33759E-02
    7233.588     96.514   5.450  9.43717E-01  9.95166E-01 -5.07816E-02
    7235.674     98.600   5.500  9.19553E-01  9.94550E-01 -7.40895E-02
    7237.779    100.705   5.550  9.02286E-01  9.93934E-01 -9.06202E-02
    7239.903    102.829   5.600  8.93397E-01  9.93318E-01 -9.88898E-02
    7242.047    104.972   5.650  8.92987E-01  9.92427E-01 -9.85232E-02
    7244.209    107.135   5.700  9.00059E-01  9.91536E-01 -9.07348E-02
    7246.390    109.316   5.750  9.12840E-01  9.90644E-01 -7.72602E-02
    7248.590    111.516   5.800  9.29304E-01  9.89753E-01 -6.00932E-02
    7250.810    113.735   5.850  9.47540E-01  9.88704E-01 -4.09760E-02
    7253.048    115.974   5.900  9.65995E-01  9.87654E-01 -2.15893E-02
    7255.305    118.231   5.950  9.83565E-01  9.86604E-01 -3.03322E-03
    7257.582    120.508   6.000  9.99457E-01  9.85555E-01  1.38948E-02
    7259.877    122.803   6.050  1.01297E+00  9.84387E-01  2.86116E-02
    7262.192    125.118   6.100  1.02340E+00  9.83220E-01  4.02708E-02
    7264.525    127.451   6.150  1.03014E+00  9.82053E-01  4.82685E-02
    7266.878    129.804   6.200  1.03279E+00  9.80886E-01  5.21793E-02
    7269.250    132.176   6.250  1.03131E+00  9.79719E-01  5.19439E-02
    7271.641    134.566   6.300  1.02618E+00  9.78552E-01  4.80217E-02
    7274.050    136.976   6.350  1.01841E+00  9.77384E-01  4.14253E-02
    7276.479    139.405   6.400  1.00944E+00  9.76217E-01  3.35909E-02
    7278.927    141.853   6.450  1.00082E+00  9.75050E-01  2.60973E-02
    7281.394    144.320   6.500  9.93898E-01  9.73883E-01  2.02987E-02
    7283.880    146.806   6.550  9.89226E-01  9.72830E-01  1.66500E-02
    7286.385    149.311   6.600  9.87018E-01  9.71778E-01  1.54986E-02
    7288.909    151.835   6.650  9.86587E-01  9.70725E-01  1.61522E-02
    7291.453    154.378   6.700  9.86629E-01  9.69673E-01  1.72908E-02
    7294.015    156.941   6.750  9.85591E-01  9.68620E-01  1.73299E-02
    7296.596    159.522   6.800  9.82117E-01  9.67567E-01  1.48779E-02
    7299.196    162.122   6.850  9.75455E-01  9.66515E-01  9.15446E-03
    7301.816    164.742   6.900  9.65699E-01  9.65462E-01  2.43228E-04
    7304.454    167.380   6.950  9.53796E-01  9.64410E-01 -1.08988E-02
    7307.112    170.037   7.000  9.41298E-01  9.63357E-01 -2.26827E-02
    7309.788    172.714   7.050  9.30183E-01  9.62498E-01 -3.32697E-02
    7312.484    175.409   7.100  9.21623E-01  9.61638E-01 -4.12501E-02
    7315.198    178.124   7.150  9.16494E-01  9.60779E-01 -4.57096E-02
    7317.932    180.858   7.200  9.14952E-01  9.59919E-01 -4.64735E-02
    7320.685    183.610   7.250  9.16482E-01  9.59060E-01 -4.40603E-02
    7323.456    186.382   7.300  9.20144E-01  9.58200E-01 -3.94320E-02
    7326.247    189.173   7.350  9.24933E-01  9.57341E-01 -3.36227E-02
    7329.057    191.983   7.400  9.30132E-01  9.56482E-01 -2.73723E-02
    7331.886    194.812   7.450  9.35535E-01  9.55622E-01 -2.08937E-02
    7334.734    197.660   7.500  9.41452E-01  9.54763E-01 -1.38625E-02
    7337.601    200.527   7.550  9.48743E-01  9.53903E-01 -5.38119E-03
    7340.487    203.413   7.600  9.57617E-01  9.53043E-01  4.77645E-03
    7343.392    206.318   7.650  9.68020E-01  9.52183E-01  1.65596E-02
    7346.316    209.242   7.700  9.79202E-01  9.51323E-01  2.91903E-02
    7349.259    212.185   7.750  9.89723E-01  9.50463E-01  4.11606E-02
    7352.222    215.148   7.800  9.97707E-01  9.49603E-01  5.05007E-02
    7355.203    218.129   7.850  1.00131E+00  9.48743E-01  5.52592E-02
    7358.203    221.129   7.900  9.99241E-01  9.47884E-01  5.40608E-02
    7361.223    224.149   7.950  9.91205E-01  9.47024E-01  4.65694E-02
    7364.261    227.187   8.000  9.78097E-01  9.46164E-01  3.37037E-02
    7367.319    230.245   8.050  9.61708E-01  9.45164E-01  1.74845E-02
    7370.395    233.321   8.100  9.44943E-01  9.44163E-01  8.25523E-04
    7373.491    236.417   8.150  9.30451E-01  9.43163E-01 -1.34686E-02
    7376.606    239.532   8.200  9.20273E-01  9.42163E-01 -2.32240E-02
    7379.739    242.665   8.250  9.15384E-01  9.41163E-01 -2.73851E-02
    7382.892    245.818   8.300  9.15527E-01  9.40162E-01 -2.62042E-02
    7386.064    248.990   8.350  9.19364E-01  9.39162E-01 -2.10865E-02
    7389.255    252.181   8.400  9.24894E-01  9.38162E-01 -1.41502E-02
    7392.465    255.391   8.450  9.30012E-01  9.37162E-01 -7.63443E-03
    7395.694    258.620   8.500  9.33050E-01  9.36161E-01 -3.32648E-03
    7398.942    261.868   8.550  9.32940E-01  9.35015E-01 -2.22038E-03
    7402.209    265.135   8.600  9.29925E-01  9.33868E-01 -4.22625E-03
    7405.495    268.421   8.650  9.24880E-01  9.32721E-01 -8.41343E-03
    7408.800    271.726   8.700  9.19156E-01  9.31574E-01 -1.33410E-02
    7412.124    275.050   8.750  9.14170E-01  9.30428E-01 -1.74865E-02
    7415.467    278.393   8.800  9.11052E-01  9.29281E-01 -1.96292E-02
    7418.830    281.756   8.850  9.10424E-01  9.28134E-01 -1.90941E-02
    7422.211    285.137   8.900  9.12335E-01  9.26987E-01 -1.58162E-02
    7425.612    288.537   8.950  9.16358E-01  9.25840E-01 -1.02476E-02
    7429.031    291.957   9.000  9.21766E-01  9.24694E-01 -3.16809E-03
    7432.470    295.395   9.050  9.27710E-01  9.23568E-01  4.48610E-03
    7435.927    298.853   9.100  9.33443E-01  9.22442E-01  1.19287E-02
    7439.404    302.330   9.150  9.38318E-01  9.21316E-01  1.84549E-02
    7442.899    305.825   9.200  9.41803E-01  9.20190E-01  2.34844E-02
    7446.414    309.340   9.250  9.43469E-01  9.19064E-01  2.65466E-02
    7449.948    312.874   9.300  9.42991E-01  9.17938E-01  2.72814E-02
    7453.501    316.427   9.350  9.40182E-01  9.16812E-01  2.54757E-02
    7457.073    319.998   9.400  9.35049E-01  9.15686E-01  2.11298E-02
    7460.663    323.589   9.450  9.27858E-01  9.14560E-01  1.45272E-02
    7464.273    327.199   9.500  9.19168E-01  9.13434E-01  6.27054E-03
    7467.902    330.828   9.550  9.09911E-01  9.12363E-01 -2.68432E-03
    7471.550    334.476   9.600  9.00889E-01  9.11293E-01 -1.14009E-02
    7475.218    338.143   9.650  8.93151E-01  9.10222E-01 -1.87264E-02
    7478.904    341.830   9.700  8.87657E-01  9.09151E-01 -2.36034E-02
    7482.609    345.535   9.750  8.85102E-01  9.08080E-01 -2.52604E-02
    7486.333    349.259   9.800  8.85780E-01  9.07010E-01 -2.33627E-02
    7490.077    353.002   9.850  8.89514E-01  9.05939E-01 -1.80934E-02
    7493.839    356.765   9.900  8.95662E-01  9.04868E-01 -1.01521E-02
    7497.620    360.546   9.950  9.03188E-01  9.03798E-01 -6.73420E-04
    7501.421    364.347  10.000  9.10798E-01  9.02727E-01  8.91923E-03
    7505.240    368.166  10.050  9.17067E-01  9.01613E-01  1.70982E-02
    7509.079    372.005  10.100  9.20803E-01  9.00498E-01  2.24909E-02
    7512.936    375.862  10.150  9.21078E-01  8.99384E-01  2.40590E-02
    7516.813    379.739  10.200  9.17476E-01  8.98270E-01  2.13249E-02
    7520.709    383.635  10.250  9.10211E-01  8.97155E-01  1.45129E-02
    7524.624    387.549  10.300  9.00164E-01  8.96041E-01  4.58909E-03
    7528.557    391.483  10.350  8.88797E-01  8.94927E-01 -6.83058E-03
    7532.510    395.436  10.400  8.77931E-01  8.93812E-01 -1.77178E-02
    7536.482    399.408  10.450  8.69426E-01  8.92698E-01 -2.59945E-02
    7540.473    403.399  10.500  8.64794E-01  8.91583E-01 -2.99598E-02
    7544.483    407.409  10.550  8.64847E-01  8.90469E-01 -2.86885E-02
    7548.512    411.438  10.600  8.69467E-01  8.89355E-01 -2.22943E-02
    7552.560    415.486  10.650  8.77575E-01  8.88240E-01 -1.19709E-02
    7556.627    419.553  10.700  8.87330E-01  8.87126E-01  2.29054E-04
    7560.714    423.639  10.750  8.96539E-01  8.86012E-01  1.18439E-02
    7564.819    427.745  10.800  9.03169E-01  8.84897E-01  2.05820E-02
    7568.943    431.869  10.850  9.05842E-01  8.83783E-01  2.48778E-02
    7573.087    436.012  10.900  9.04163E-01  8.82669E-01  2.42712E-02
    7577.249    440.175  10.950  8.98799E-01  8.81554E-01  1.94953E-02
    7581.430    444.356  11.000  8.91252E-01  8.80440E-01  1.22385E-02
    7585.631    448.557  11.050  8.83255E-01  8.79121E-01  4.68601E-03
    7589.850    452.776  11.100  8.76696E-01  8.77802E-01 -1.25564E-03
    7594.089    457.015  11.150  8.72663E-01  8.76484E-01 -4.34397E-03
    7598.347    461.273  11.200  8.71334E-01  8.75165E-01 -4.36300E-03
    7602.623    465.549  11.250  8.71989E-01  8.73846E-01 -2.11778E-03
    7606.919    469.845  11.300  8.73305E-01  8.72528E-01  8.88122E-04
    7611.234    474.160  11.350  8.73820E-01  8.71209E-01  2.98633E-03
    7615.568    478.494  11.400  8.72435E-01  8.69890E-01  2.91559E-03
    7619.921    482.847  11.450  8.68787E-01  8.68571E-01  2.47393E-04
    7624.293    487.219  11.500  8.63362E-01  8.67253E-01 -4.47093E-03
    7628.684    491.610  11.550  8.57333E-01  8.65934E-01 -9.89845E-03
    7633.094    496.020  11.600  8.52170E-01  8.64615E-01 -1.43449E-02
    7637.523    500.449  11.650  8.49152E-01  8.63297E-01 -1.63278E-02
    7641.971    504.897  11.700  8.48952E-01  8.61978E-01 -1.50592E-02
    7646.438    509.364  11.750  8.51416E-01  8.60659E-01 -1.07026E-02
    7650.925    513.850  11.800  8.55614E-01  8.59341E-01 -4.32174E-03
    7655.430    518.356  11.850  8.60139E-01  8.58022E-01  2.45843E-03
    7659.954    522.880  11.900  8.63546E-01  8.56703E-01  7.96022E-03
    7664.498    527.423  11.950  8.64795E-01  8.55384E-01  1.09633E-02
    7669.060    531.986  12.000  8.63537E-01  8.54066E-01  1.10512E-02
    7673.642    536.567  12.050  8.60184E-01  8.52749E-01  8.68853E-03
    7678.242    541.168  12.100  8.55701E-01  8.51433E-01  4.99486E-03
    7682.862    545.788  12.150  8.51295E-01  8.50117E-01  1.38132E-03
    7687.500    550.426  12.200  8.47995E-01  8.48800E-01 -9.45941E-04
    7692.158    555.084  12.250  8.46320E-01  8.47484E-01 -1.36845E-03
    7696.835    559.761  12.300  8.46150E-01  8.46168E-01 -2.10279E-05
    7701.531    564.456  12.350  8.46805E-01  8.44851E-01  2.30418E-03
    7706.245    569.171  12.400  8.47320E-01  8.43535E-01  4.47112E-03
    7710.979    573.905  12.450  8.46797E-01  8.42219E-01  5.41566E-03
    7715.732    578.658  12.500  8.44717E-01  8.40903E-01  4.51987E-03
    7720.504    583.430  12.550  8.41121E-01  8.39586E-01  1.82123E-03
    7725.295    588.221  12.600  8.36582E-01  8.38270E-01 -2.00613E-03
    7730.106    593.031  12.650  8.32012E-01  8.36954E-01 -5.88208E-03
    7734.935    597.861  12.700  8.28359E-01  8.35637E-01 -8.67768E-03
    7739.783    602.709  12.750  8.26302E-01  8.34321E-01 -9.57567E-03
    7744.650    607.576  12.800  8.26051E-01  8.33005E-01 -8.31689E-03
    7749.536    612.462  12.850  8.27298E-01  8.31688E-01 -5.25866E-03
    7754.442    617.368  12.900  8.29341E-01  8.30372E-01 -1.23715E-03
    7759.366    622.292  12.950  8.31311E-01  8.29056E-01  2.70983E-03
    7764.310    627.236  13.000  8.32444E-01  8.27739E-01  5.66215E-03
    7769.272    632.198  13.050  8.32210E-01  8.26365E-01  7.04685E-03
    7774.254    637.180  13.100  8.30648E-01  8.24990E-01  6.83153E-03
    7779.254    642.180  13.150  8.28102E-01  8.23616E-01  5.42645E-03
    7784.274    647.200  13.200  8.25128E-01  8.22242E-01  3.49746E-03
    7789.313    652.239  13.250  8.22278E-01  8.20867E-01  1.71196E-03
    7794.370    657.296  13.300  8.19915E-01  8.19493E-01  5.13262E-04
    7799.447    662.373  13.350  8.18115E-01  8.18118E-01 -3.53358E-06
    7804.543    667.469  13.400  8.16678E-01  8.16744E-01 -8.05494E-05
    7809.658    672.584  13.450  8.15234E-01  8.15369E-01 -1.65277E-04
    7814.792    677.718  13.500  8.13414E-01  8.13995E-01 -7.11048E-04
    7819.945    682.871  13.550  8.11004E-01  8.12621E-01 -1.98195E-03
    7825.117    688.043  13.600  8.08048E-01  8.11246E-01 -3.92832E-03
    7830.308    693.234  13.650  8.04856E-01  8.09872E-01 -6.17243E-03
    7835.518    698.444  13.700  8.01921E-01  8.08497E-01 -8.10677E-03
    7840.747    703.673  13.750  7.99776E-01  8.07123E-01 -9.07208E-03
    7845.996    708.922  13.800  7.98829E-01  8.05748E-01 -8.55951E-03
    7851.263    714.189  13.850  7.99228E-01  8.04374E-01 -6.37630E-03
    7856.549    719.475  13.900  8.00802E-01  8.02999E-01 -2.72722E-03
    7861.855    724.781  13.950  8.03081E-01  8.01625E-01  1.81055E-03
    7867.179    730.105  14.000  8.05398E-01  8.00251E-01  6.41187E-03
    7872.523    735.449  14.050  8.06988E-01  7.98798E-01  1.02199E-02
    7877.885    740.811  14.100  8.07328E-01  7.97346E-01  1.24804E-02
    7883.267    746.193  14.150  8.06094E-01  7.95894E-01  1.27758E-02
    7888.668    751.593  14.200  8.03282E-01  7.94442E-01  1.10932E-02
    7894.087    757.013  14.250  7.99213E-01  7.92989E-01  7.82408E-03
    7899.526    762.452  14.300  7.94454E-01  7.91537E-01  3.67381E-03
    7904.984    767.910  14.350  7.89687E-01  7.90085E-01 -5.02552E-04
    7910.461    773.386  14.400  7.85546E-01  7.88632E-01 -3.90241E-03
    7915.957    778.882  14.450  7.82468E-01  7.87180E-01 -5.96845E-03
    7921.471    784.397  14.500  7.80590E-01  7.85728E-01 -6.52074E-03
    7927.005    789.931  14.550  7.79723E-01  7.84276E-01 -5.78821E-03
    7932.559    795.484  14.600  7.79428E-01  7.82823E-01 -4.32472E-03
    7938.131    801.057  14.650  7.79154E-01  7.81371E-01 -2.82996E-03
    7943.722    806.648  14.700  7.78412E-01  7.79919E-01 -1.92630E-03
    7949.332    812.258  14.750  7.76936E-01  7.78467E-01 -1.96027E-03
    7954.961    817.887  14.800  7.74762E-01  7.77014E-01 -2.89150E-03
    7960.610    823.535  14.850  7.72214E-01  7.75562E-01 -4.30571E-03
    7966.277    829.203  14.900  7.69803E-01  7.74110E-01 -5.54850E-03
    7971.963    834.889  14.950  7.68057E-01  7.72658E-01 -5.93873E-03
    7977.669    840.595  15.000  7.67343E-01  7.71205E-01 -4.99541E-03
    7983.393    846.319  15.050  7.67725E-01  7.69767E-01 -2.64576E-03
    7989.137    852.063  15.100  7.68986E-01  7.68329E-01  8.53764E-04
    7994.899    857.825  15.150  7.70597E-01  7.66891E-01  4.82180E-03
    8000.681    863.607  15.200  7.71863E-01  7.65452E-01  8.35421E-03
    8006.482    869.408  15.250  7.72111E-01  7.64014E-01  1.05721E-02
    8012.302    875.227  15.300  7.70891E-01  7.62576E-01  1.08782E-02
    8018.140    881.066  15.350  7.68112E-01  7.61138E-01  9.14192E-03
    8023.998    886.924  15.400  7.64081E-01  7.59699E-01  5.75430E-03
    8029.875    892.801  15.450  7.59423E-01  7.58261E-01  1.52916E-03
    8035.771    898.697  15.500  7.54910E-01  7.56823E-01 -2.52210E-03
    8041.686    904.612  15.550  7.51240E-01  7.55385E-01 -5.47539E-03
    8047.620    910.546  15.600  7.48846E-01  7.53946E-01 -6.75086E-03
    8053.573    916.499  15.650  7.47786E-01  7.52508E-01 -6.26189E-03
    8059.545    922.471  15.700  7.47750E-01  7.51070E-01 -4.41078E-03
    8065.537    928.462  15.750  7.48178E-01  7.49632E-01 -1.93529E-03
    8071.547    934.473  15.800  7.48449E-01  7.48193E-01  3.40836E-04
    8077.576    940.502  15.850  7.48079E-01  7.46755E-01  1.76978E-03
    8083.624    946.550  15.900  7.46861E-01  7.45317E-01  2.06791E-03
    8089.692    952.618  15.950  7.44901E-01  7.43879E-01  1.37131E-03
    8095.778    958.704  16.000  7.42549E-01  7.42441E-01  1.46467E-04
    8101.884    964.810  16.050  7.40214E-01  7.40950E-01 -9.91991E-04
    8108.008    970.934  16.100  7.38271E-01  7.39459E-01 -1.60408E-03
    8114.152    977.078  16.150  7.36902E-01  7.37969E-01 -1.44376E-03
    8120.315    983.240  16.200  7.36042E-01  7.36478E-01 -5.91610E-04
    8126.496    989.422  16.250  7.35421E-01  7.34988E-01  5.88224E-04
    8132.697    995.623  16.300  7.34668E-01  7.33497E-01  1.59304E-03
    8138.917   1001.843  16.350  7.33454E-01  7.32007E-01  1.97386E-03
    8145.156   1008.082  16.400  7.31617E-01  7.30516E-01  1.50455E-03
    8151.414   1014.339  16.450  7.29221E-01  7.29026E-01  2.67491E-04
    8157.691   1020.616  16.500  7.26534E-01  7.27535E-01 -1.37366E-03
    8163.987   1026.912  16.550  7.23935E-01  7.26045E-01 -2.90205E-03
    8170.302   1033.227  16.600  7.21777E-01  7.24554E-01 -3.82853E-03
    8176.636   1039.562  16.650  7.20270E-01  7.23064E-01 -3.85946E-03
    8182.989   1045.915  16.700  7.19412E-01  7.21573E-01 -2.99110E-03
    8189.361   1052.287  16.750  7.19002E-01  7.20082E-01 -1.49880E-03
    8195.752   1058.678  16.800  7.18716E-01  7.18592E-01  1.72419E-04
    8202.163   1065.088  16.850  7.18230E-01  7.17101E-01  1.57293E-03
    8208.592   1071.518  16.900  7.17335E-01  7.15611E-01  2.40723E-03
    8215.040   1077.966  16.950  7.15999E-01  7.14120E-01  2.62788E-03
    8221.508   1084.434  17.000  7.14364E-01  7.12630E-01  2.43145E-03
    8227.994   1090.920  17.050  7.12718E-01  7.11156E-01  2.19483E-03
    8234.500   1097.426  17.100  7.11253E-01  7.09682E-01  2.21320E-03
    8241.024   1103.950  17.150  7.10084E-01  7.08207E-01  2.64749E-03
    8247.568   1110.494  17.200  7.09159E-01  7.06733E-01  3.42999E-03
    8254.131   1117.057  17.250  7.08276E-01  7.05259E-01  4.27433E-03
    8260.712   1123.638  17.300  7.07144E-01  7.03785E-01  4.76971E-03
    8267.313   1130.239  17.350  7.05491E-01  7.02311E-01  4.52562E-03
    8273.933   1136.859  17.400  7.03162E-01  7.00837E-01  3.31577E-03
    8280.572   1143.498  17.450  7.00182E-01  6.99363E-01  1.17108E-03
    8287.230   1150.156  17.500  6.96765E-01  6.97889E-01 -1.60966E-03
    8293.907   1156.833  17.550  6.93256E-01  6.96415E-01 -4.53384E-03
    8300.603   1163.529  17.600  6.90041E-01  6.94940E-01 -7.04737E-03
    8307.318   1170.244  17.650  6.87444E-01  6.93466E-01 -8.68113E-03
    8314.052   1176.978  17.700  6.85648E-01  6.91992E-01 -9.16490E-03
    8320.805   1183.731  17.750  6.84663E-01  6.90518E-01 -8.47678E-03
    8327.578   1190.504  17.800  6.84344E-01  6.89044E-01 -6.81933E-03
    8334.369   1197.295  17.850  6.84448E-01  6.87570E-01 -4.53898E-03
    8341.179   1204.105  17.900  6.84709E-01  6.86096E-01 -2.02127E-03
    8348.009   1210.935  17.950  6.84897E-01  6.84622E-01  4.01674E-04
    8354.857   1217.783  18.000  6.84859E-01  6.83148E-01  2.50492E-03
    8361.725   1224.651  18.050  6.84527E-01  6.81669E-01  4.19173E-03
    8368.611   1231.537  18.100  6.83871E-01  6.80191E-01  5.40969E-03
    8375.517   1238.443  18.150  6.82896E-01  6.78713E-01  6.16356E-03
    8382.441   1245.367  18.200  6.81612E-01  6.77235E-01  6.46371E-03
    8389.385   1252.311  18.250  6.80021E-01  6.75756E-01  6.31185E-03
    8396.348   1259.274  18.300  6.78129E-01  6.74278E-01  5.71141E-03
    8403.330   1266.256  18.350  6.75957E-01  6.72800E-01  4.69306E-03
    8410.331   1273.256  18.400  6.73563E-01  6.71322E-01  3.33889E-03
    8417.350   1280.276  18.450  6.71042E-01  6.69844E-01  1.78985E-03
    8424.389   1287.315  18.500  6.68518E-01  6.68365E-01  2.28944E-04
    8431.447   1294.373  18.550  6.66116E-01  6.66887E-01 -1.15590E-03
    8438.524   1301.450  18.600  6.63935E-01  6.65409E-01 -2.21643E-03
    8445.621   1308.546  18.650  6.62020E-01  6.63931E-01 -2.87930E-03
    8452.736   1315.662  18.700  6.60361E-01  6.62452E-01 -3.15875E-03
    8459.870   1322.796  18.750  6.58898E-01  6.60974E-01 -3.14235E-03
    8467.023   1329.949  18.800  6.57548E-01  6.59496E-01 -2.95556E-03
    8474.195   1337.121  18.850  6.56230E-01  6.58018E-01 -2.71885E-03
    8481.387   1344.313  18.900  6.54891E-01  6.56539E-01 -2.51261E-03
    8488.597   1351.523  18.950  6.53516E-01  6.55061E-01 -2.36089E-03
    8495.827   1358.752  19.000  6.52122E-01  6.53583E-01 -2.23702E-03
    8503.075   1366.001  19.050  6.50754E-01  6.52116E-01 -2.08984E-03
    8510.343   1373.268  19.100  6.49442E-01  6.50648E-01 -1.85439E-03
    8517.629   1380.555  19.150  6.48215E-01  6.49181E-01 -1.48802E-03
    8524.935   1387.861  19.200  6.47081E-01  6.47713E-01 -9.76422E-04
    8532.260   1395.185  19.250  6.46031E-01  6.46245E-01 -3.31672E-04
    8539.603   1402.529  19.300  6.45046E-01  6.44778E-01  4.15773E-04
    8546.966   1409.892  19.350  6.44097E-01  6.43310E-01  1.22348E-03
    8554.348   1417.274  19.400  6.43149E-01  6.41843E-01  2.03671E-03
    8561.749   1424.675  19.450  6.42155E-01  6.40375E-01  2.78215E-03
    8569.169   1432.095  19.500  6.41054E-01  6.38908E-01  3.36252E-03
    8576.608   1439.534  19.550  6.39772E-01  6.37440E-01  3.66123E-03
    8584.066   1446.992  19.600  6.38237E-01  6.35973E-01  3.56379E-03
    8591.543   1454.469  19.650  6.36404E-01  6.34505E-01  2.99510E-03
    8599.039   1461.965  19.700  6.34279E-01  6.33038E-01  1.96209E-03
    8606.554   1469.480  19.750  6.31939E-01  6.31570E-01  5.84942E-04
    8614.089   1477.014  19.800  6.29536E-01  6.30103E-01 -9.01140E-04
    8621.642   1484.568  19.850  6.27264E-01  6.28635E-01 -2.18361E-03
    8629.214   1492.140  19.900  6.25322E-01  6.27168E-01 -2.94677E-03
    8636.806   1499.731  19.950  6.23848E-01  6.25700E-01 -2.96418E-03
    8644.416   1507.342  20.000  6.22873E-01  6.24233E-01 -2.18070E-03
