# # Once                                                         FEFF 9.6.4  
# # POT  SCF 100  4.9750   0, core-hole, AFOLP (folp(0)= 1.150)
# # Abs   Z=27 Rmt= 1.304 Rnm= 1.355 K  shell
# # Pot 1 Z=62 Rmt= 1.656 Rnm= 1.681
# # Pot 2 Z=27 Rmt= 1.330 Rnm= 1.382
# # Gam_ch=1.436E+00 H-L exch Vi= 0.000E+00 Vr= 0.000E+00
# # Mu=-1.796E+01 kf=2.093E+00 Vint=-2.721E+01 Rs_int= 1.732
# # PATH  Rmax= 7.960,  Keep_limit= 0.00, Heap_limit 0.00  Pwcrit= 2.50%
#  S02=0.900  Temp= 290.00  Debye_temp= 332.00  Global_sig2= 0.00000
#  Energy zero shift, vr, vi    0.00000E+00   0.00000E+00
#  Curved wave amplitude ratio filter   4.000%
#     file         sig2 tot  cw amp ratio   deg  nlegs   reff  inp sig2
#           1       0.00779    100.00      2.00     2   2.3700
#           2       0.00779    637.30      2.00     2   2.3700
#           3       0.00787    930.20      2.00     2   2.3938
#           4       0.00787     93.09      2.00     2   2.3938
#           5       0.00837    104.60      2.00     2   2.5425
#           6       0.00711    747.40      2.00     2   3.1238
#           7       0.00881     15.74      4.00     3   3.5728
#           8       0.00890     31.00      4.00     3   3.6060
#           9       0.00895     34.52      4.00     3   3.6253
#          10       0.00895     20.35      4.00     3   3.6253
#          11       0.01069     29.33      2.00     2   3.8955
#          12       0.01069     62.02      2.00     2   3.8955
#          13       0.01072      8.74      2.00     2   3.9604
#          14       0.01075    129.10      2.00     2   4.0180
#          15       0.01079    230.50      2.00     2   4.1431
#          16       0.01079     10.67      2.00     2   4.1431
#          17       0.01051     23.63      4.00     3   4.2863
#          18       0.01051     24.77      4.00     3   4.2863
#          19       0.01061     35.84      4.00     3   4.3790
#          20       0.01061     44.67      4.00     3   4.3790
#          21       0.01061     69.61      4.00     3   4.3891
#          22       0.01061      7.48      4.00     3   4.3891
#          23       0.01061      4.61      4.00     3   4.3988
#          24       0.01064     18.34      4.00     3   4.4120
#          25       0.01064     40.41      4.00     3   4.4135
#          26       0.01064     19.56      4.00     3   4.4135
#          27       0.01068     29.09      4.00     3   4.4581
#          28       0.01069      8.92      4.00     3   4.4654
#          29       0.01069     79.63      4.00     3   4.4654
#          30       0.01087    292.30      2.00     2   4.5191
#          31       0.01087     10.27      2.00     2   4.5191
#          32       0.01087    244.30      2.00     2   4.5292
#          33       0.01087     38.68      2.00     2   4.5292
#          34       0.01073     45.39      4.00     3   4.5354
#          35       0.01073      5.05      4.00     3   4.5354
#          36       0.01075     34.49      4.00     3   4.5684
#          37       0.01075      7.48      4.00     3   4.5684
#          38       0.00775    269.90      2.00     2   4.6045
#          39       0.00775     22.46      2.00     2   4.6045
#          40       0.01085    106.70      4.00     3   4.7320
#          41       0.01085     15.10      4.00     3   4.7320
#          42       0.01085     10.57      4.00     3   4.7388
#          43       0.01085    123.50      4.00     3   4.7388
#          44       0.01091     68.10      2.00     3   4.7399
#          45       0.01091      5.32      2.00     3   4.7399
#          46       0.01091     64.32      2.00     4   4.7399
#          47       0.01091      6.11      2.00     4   4.7399
#          48       0.03114      5.38      2.00     4   4.7399
#          49       0.03114     32.54      2.00     4   4.7399
#          50       0.01091     89.80      2.00     2   4.7786
#          51       0.01091      6.53      2.00     3   4.7876
#          52       0.01091     93.19      2.00     3   4.7876
#          53       0.01091      7.47      2.00     4   4.7876
#          54       0.01091     87.69      2.00     4   4.7876
#          55       0.03148     43.52      2.00     4   4.7876
#          56       0.03148      5.68      2.00     4   4.7876
#          57       0.01092    150.10      2.00     2   4.7913
#          58       0.01092      9.95      2.00     2   4.7913
#          59       0.01091    304.50      4.00     3   4.8047
#          60       0.01091     27.49      4.00     3   4.8047
#          61       0.01102    207.90      2.00     4   4.8181
#          62       0.01102     17.58      2.00     4   4.8181
#          64       0.01092     90.13      2.00     2   4.8204
#          65       0.01092     12.34      4.00     3   4.8386
#          66       0.01092    181.60      4.00     3   4.8386
#          67       0.01107      8.27      2.00     4   4.8567
#          68       0.01107    121.00      2.00     4   4.8567
#          69       0.01094     38.57      4.00     3   4.9591
#          70       0.00809      8.62      4.00     3   4.9687
#          71       0.00809     77.89      4.00     3   4.9687
#          73       0.01096     36.23      2.00     2   5.0142
#          74       0.00815     28.67      4.00     3   5.0759
#          75       0.00815     44.23      4.00     3   5.0759
#          76       0.01098     14.15      2.00     3   5.0850
#          77       0.01098     13.45      2.00     4   5.0850
#          78       0.03350      7.53      2.00     4   5.0850
#          79       0.01098     10.08      4.00     3   5.0889
#          80       0.01098     28.86      4.00     3   5.0889
#          81       0.00816     43.44      4.00     3   5.0993
#          82       0.00816     52.06      4.00     3   5.0993
#          83       0.01165      6.78      2.00     4   5.1635
#          84       0.01165      6.73      2.00     4   5.1635
#          85       0.00820     26.61      4.00     3   5.2930
#          86       0.01110    108.20      2.00     2   5.4345
#          87       0.01113    142.40      2.00     2   5.5126
#          88       0.01113     47.35      2.00     2   5.5126
#          89       0.01082    114.80      4.00     3   5.7145
#          90       0.01125    144.80      2.00     2   5.7715
#          92       0.01125      8.12      2.00     2   5.7715
#          93       0.01125     46.22      2.00     2   5.7715
#          94       0.01085     54.73      4.00     3   5.8225
#          95       0.01085    125.10      4.00     3   5.8225
#          96       0.01209     28.65      2.00     4   5.9945
#          97       0.01103     68.77      4.00     3   6.0095
#          98       0.01103    154.70      4.00     3   6.0095
#          99       0.01139      6.43      4.00     3   6.0185
#         103       0.01144     26.62      4.00     3   6.1291
#         104       0.01144      4.24      4.00     3   6.1291
#         105       0.01226     25.87      2.00     4   6.1323
#         106       0.01226     21.31      2.00     4   6.1323
#         107       0.01143     85.29      2.00     2   6.1334
#         108       0.01143    372.50      4.00     3   6.1341
#         109       0.01143    411.80      2.00     4   6.1347
#         110       0.01144      7.15      2.00     2   6.1433
#         111       0.01144     34.85      2.00     2   6.1433
#         112       0.01144     18.04      4.00     3   6.1436
#         113       0.01144      6.74      4.00     3   6.1436
#         114       0.01145      6.19      4.00     3   6.1540
#         116       0.01144     64.66      2.00     2   6.1568
#         117       0.01144     29.53      2.00     2   6.1568
#         118       0.01151      8.80      4.00     3   6.2360
#         119       0.01151      9.77      4.00     3   6.2360
#         120       0.00450     93.13      2.00     3   6.2475
#         121       0.00450     44.61      2.00     4   6.2475
#         122       0.02842     29.78      2.00     4   6.2475
#         123       0.01212     41.64      2.00     4   6.2476
#         124       0.01212     37.34      2.00     4   6.2476
#         125       0.01150      7.14      4.00     3   6.2673
#         126       0.01150     20.49      4.00     3   6.2673
#         127       0.01151      8.75      4.00     3   6.2724
#         128       0.01151     33.11      4.00     3   6.2724
#         129       0.01151     31.45      4.00     3   6.2724
#         130       0.01151     12.89      4.00     3   6.2724
#         131       0.01151    102.60      2.00     2   6.2880
#         133       0.01154     13.17      4.00     3   6.3018
#         135       0.01152     13.14      4.00     3   6.3054
#         136       0.01152     26.33      4.00     3   6.3054
#         137       0.01153     60.94      2.00     2   6.3294
#         138       0.01153     12.78      2.00     2   6.3294
#         139       0.01154     55.99      2.00     2   6.3390
#         140       0.01154     22.24      2.00     2   6.3390
#         142       0.01155     83.74      4.00     3   6.3515
#         144       0.01155    111.00      2.00     2   6.3610
#         145       0.01155      4.78      2.00     2   6.3610
#         147       0.01156     90.37      2.00     2   6.3871
#         150       0.01159     50.92      4.00     3   6.4332
#         151       0.01159     28.87      4.00     3   6.4332
#         152       0.01159      7.04      4.00     3   6.4332
#         153       0.01159     34.23      4.00     3   6.4453
#         154       0.01159     11.71      4.00     3   6.4453
#         156       0.00821     17.35      2.00     2   6.4844
#         158       0.01162     46.91      4.00     3   6.4908
#         160       0.01165     19.75      4.00     3   6.5364
#         161       0.01165      5.07      4.00     3   6.5364
#         162       0.01166     17.11      4.00     3   6.5362
#         163       0.01166      4.60      4.00     3   6.5362
#         164       0.01165     34.82      4.00     3   6.5364
#   147/ 155 paths used
#  xsedge+50, used to normalize mu           2.8903E-04
#  -----------------------------------------------------------------------
#  omega    e    k    mu    mu0     chi     @#
    7719.825    -17.949   0.050  6.11361E-01  3.40324E-01  4.51606E-01
    7719.854    -17.921   0.100  6.19007E-01  3.45808E-01  4.54433E-01
    7719.902    -17.873   0.150  6.40536E-01  3.62059E-01  4.60917E-01
    7719.968    -17.806   0.200  6.61064E-01  3.78309E-01  4.65690E-01
    7720.054    -17.721   0.250  6.88960E-01  4.03418E-01  4.66493E-01
    7720.159    -17.616   0.300  7.13699E-01  4.28527E-01  4.62167E-01
    7720.283    -17.492   0.350  7.32706E-01  4.57245E-01  4.41613E-01
    7720.425    -17.349   0.400  7.45851E-01  4.85963E-01  4.12199E-01
    7720.587    -17.187   0.450  7.44485E-01  5.12811E-01  3.62633E-01
    7720.768    -17.006   0.500  7.37149E-01  5.39660E-01  3.05126E-01
    7720.968    -16.806   0.550  7.18517E-01  5.62714E-01  2.37120E-01
    7721.187    -16.587   0.600  6.94357E-01  5.85768E-01  1.62829E-01
    7721.426    -16.349   0.650  6.54918E-01  6.05642E-01  7.26868E-02
    7721.683    -16.092   0.700  6.09950E-01  6.25516E-01 -2.25936E-02
    7721.959    -15.816   0.750  5.48326E-01  6.43287E-01 -1.35477E-01
    7722.254    -15.520   0.800  4.86014E-01  6.61058E-01 -2.45536E-01
    7722.569    -15.206   0.850  4.15773E-01  6.77504E-01 -3.60750E-01
    7722.902    -14.873   0.900  3.53485E-01  6.93949E-01 -4.61253E-01
    7723.254    -14.520   0.950  2.96535E-01  7.09436E-01 -5.49765E-01
    7723.626    -14.149   1.000  2.56435E-01  7.24923E-01 -6.13226E-01
    7724.016    -13.758   1.050  2.33210E-01  7.39611E-01 -6.51811E-01
    7724.426    -13.349   1.100  2.32616E-01  7.54298E-01 -6.60480E-01
    7724.855    -12.920   1.150  2.55218E-01  7.68173E-01 -6.39197E-01
    7725.302    -12.472   1.200  3.01520E-01  7.82048E-01 -5.89500E-01
    7725.769    -12.006   1.250  3.70693E-01  7.95031E-01 -5.12979E-01
    7726.255    -11.520   1.300  4.57755E-01  8.08013E-01 -4.17341E-01
    7726.760    -11.015   1.350  5.58709E-01  8.19994E-01 -3.07212E-01
    7727.283    -10.491   1.400  6.63566E-01  8.31976E-01 -1.95427E-01
    7727.826     -9.948   1.450  7.65666E-01  8.42847E-01 -8.85133E-02
    7728.388     -9.386   1.500  8.54511E-01  8.53718E-01  8.98159E-04
    7728.969     -8.805   1.550  9.25152E-01  8.63396E-01  6.92898E-02
    7729.569     -8.205   1.600  9.72922E-01  8.73074E-01  1.10901E-01
    7730.189     -7.586   1.650  9.98763E-01  8.81519E-01  1.29105E-01
    7730.827     -6.948   1.700  1.00580E+00  8.89963E-01  1.26465E-01
    7731.484     -6.291   1.750  9.99707E-01  8.97151E-01  1.11181E-01
    7732.160     -5.614   1.800  9.87254E-01  9.04340E-01  8.92607E-02
    7732.856     -4.919   1.850  9.73325E-01  9.10275E-01  6.74963E-02
    7733.570     -4.205   1.900  9.62575E-01  9.16211E-01  4.93585E-02
    7734.303     -3.471   1.950  9.55066E-01  9.20911E-01  3.62095E-02
    7735.056     -2.719   2.000  9.51494E-01  9.25610E-01  2.73263E-02
    7735.827     -1.947   2.050  9.49484E-01  9.28770E-01  2.18148E-02
    7736.618     -1.157   2.100  9.47586E-01  9.31931E-01  1.64472E-02
    7737.428     -0.347   2.150  9.44600E-01  9.35091E-01  9.96506E-03
    7738.256      0.482   2.200  9.40690E-01  9.38252E-01  2.54899E-03
    7739.104      1.329   2.250  9.35024E-01  9.39333E-01 -4.50578E-03
    7739.971      2.196   2.300  9.31282E-01  9.40414E-01 -9.55130E-03
    7740.857      3.082   2.350  9.31633E-01  9.41495E-01 -1.03168E-02
    7741.761      3.987   2.400  9.36763E-01  9.42576E-01 -6.08219E-03
    7742.685      4.911   2.450  9.47365E-01  9.45675E-01  1.77001E-03
    7743.628      5.854   2.500  9.57752E-01  9.48773E-01  9.40314E-03
    7744.590      6.816   2.550  9.65695E-01  9.51871E-01  1.44840E-02
    7745.571      7.797   2.600  9.70370E-01  9.54969E-01  1.61435E-02
    7746.572      8.797   2.650  9.73463E-01  9.57956E-01  1.62250E-02
    7747.591      9.816   2.700  9.74340E-01  9.60942E-01  1.39925E-02
    7748.629     10.854   2.750  9.73880E-01  9.63929E-01  1.03735E-02
    7749.686     11.912   2.800  9.73212E-01  9.66915E-01  6.55234E-03
    7750.762     12.988   2.850  9.71191E-01  9.68907E-01  2.37060E-03
    7751.858     14.083   2.900  9.70329E-01  9.70898E-01 -5.89064E-04
    7752.972     15.198   2.950  9.71126E-01  9.72890E-01 -1.82171E-03
    7754.106     16.331   3.000  9.73643E-01  9.74881E-01 -1.27626E-03
    7755.258     17.484   3.050  9.76562E-01  9.76634E-01 -7.46832E-05
    7756.430     18.655   3.100  9.80203E-01  9.78387E-01  1.86042E-03
    7757.620     19.846   3.150  9.83984E-01  9.80141E-01  3.92887E-03
    7758.830     21.055   3.200  9.87570E-01  9.81894E-01  5.78746E-03
    7760.059     22.284   3.250  9.89242E-01  9.83070E-01  6.27617E-03
    7761.307     23.532   3.300  9.90565E-01  9.84246E-01  6.40900E-03
    7762.573     24.799   3.350  9.92278E-01  9.85423E-01  6.93647E-03
    7763.859     26.085   3.400  9.95187E-01  9.86599E-01  8.66742E-03
    7765.164     27.390   3.450  9.99236E-01  9.87929E-01  1.13876E-02
    7766.488     28.714   3.500  1.00521E+00  9.89259E-01  1.60312E-02
    7767.831     30.057   3.550  1.01289E+00  9.90589E-01  2.23627E-02
    7769.193     31.419   3.600  1.02147E+00  9.91920E-01  2.95799E-02
    7770.574     32.800   3.650  1.02871E+00  9.92808E-01  3.58580E-02
    7771.975     34.200   3.700  1.03456E+00  9.93696E-01  4.07297E-02
    7773.394     35.619   3.750  1.03801E+00  9.94585E-01  4.31944E-02
    7774.832     37.057   3.800  1.03847E+00  9.95473E-01  4.26765E-02
    7776.289     38.515   3.850  1.03588E+00  9.96686E-01  3.88363E-02
    7777.766     39.991   3.900  1.03093E+00  9.97898E-01  3.26679E-02
    7779.261     41.487   3.950  1.02434E+00  9.99111E-01  2.49006E-02
    7780.776     43.001   4.000  1.01684E+00  1.00032E+00  1.62725E-02
    7782.309     44.535   4.050  1.00893E+00  1.00130E+00  7.50268E-03
    7783.862     46.087   4.100  1.00087E+00  1.00228E+00 -1.38414E-03
    7785.433     47.659   4.150  9.92457E-01  1.00326E+00 -1.05844E-02
    7787.024     49.249   4.200  9.83384E-01  1.00423E+00 -2.04016E-02
    7788.634     50.859   4.250  9.73422E-01  1.00520E+00 -3.10547E-02
    7790.263     52.488   4.300  9.63007E-01  1.00617E+00 -4.21198E-02
    7791.910     54.136   4.350  9.53027E-01  1.00714E+00 -5.27301E-02
    7793.577     55.803   4.400  9.44817E-01  1.00811E+00 -6.15883E-02
    7795.263     57.488   4.450  9.39907E-01  1.00898E+00 -6.71434E-02
    7796.968     59.193   4.500  9.39682E-01  1.00985E+00 -6.81370E-02
    7798.692     60.917   4.550  9.44663E-01  1.01072E+00 -6.40790E-02
    7800.435     62.660   4.600  9.54430E-01  1.01159E+00 -5.53911E-02
    7802.197     64.423   4.650  9.67650E-01  1.01206E+00 -4.30104E-02
    7803.978     66.204   4.700  9.82157E-01  1.01253E+00 -2.93978E-02
    7805.779     68.004   4.750  9.95713E-01  1.01300E+00 -1.67210E-02
    7807.598     69.823   4.800  1.00654E+00  1.01347E+00 -6.69743E-03
    7809.436     71.662   4.850  1.01364E+00  1.01369E+00 -4.98064E-05
    7811.294     73.519   4.900  1.01745E+00  1.01392E+00  3.41707E-03
    7813.170     75.395   4.950  1.01939E+00  1.01414E+00  5.07779E-03
    7815.066     77.291   5.000  1.02153E+00  1.01436E+00  6.92526E-03
    7816.980     79.205   5.050  1.02564E+00  1.01423E+00  1.10294E-02
    7818.914     81.139   5.100  1.03348E+00  1.01409E+00  1.87491E-02
    7820.866     83.092   5.150  1.04536E+00  1.01395E+00  3.03780E-02
    7822.838     85.063   5.200  1.06029E+00  1.01382E+00  4.49526E-02
    7824.829     87.054   5.250  1.07579E+00  1.01335E+00  6.04455E-02
    7826.838     89.064   5.300  1.08934E+00  1.01289E+00  7.40660E-02
    7828.867     91.093   5.350  1.09821E+00  1.01242E+00  8.31719E-02
    7830.915     93.140   5.400  1.10038E+00  1.01196E+00  8.57880E-02
    7832.982     95.207   5.450  1.09448E+00  1.01122E+00  8.08613E-02
    7835.068     97.293   5.500  1.08132E+00  1.01048E+00  6.88703E-02
    7837.173     99.398   5.550  1.06239E+00  1.00974E+00  5.12343E-02
    7839.297    101.522   5.600  1.03981E+00  1.00900E+00  3.00165E-02
    7841.440    103.665   5.650  1.01557E+00  1.00804E+00  7.34535E-03
    7843.602    105.828   5.700  9.92103E-01  1.00708E+00 -1.46232E-02
    7845.784    108.009   5.750  9.70930E-01  1.00612E+00 -3.43985E-02
    7847.984    110.209   5.800  9.53019E-01  1.00516E+00 -5.10273E-02
    7850.203    112.428   5.850  9.38893E-01  1.00414E+00 -6.39336E-02
    7852.441    114.667   5.900  9.28979E-01  1.00312E+00 -7.27401E-02
    7854.699    116.924   5.950  9.23548E-01  1.00210E+00 -7.71654E-02
    7856.975    119.201   6.000  9.22854E-01  1.00108E+00 -7.69423E-02
    7859.271    121.496   6.050  9.27228E-01  1.00006E+00 -7.17292E-02
    7861.585    123.811   6.100  9.36269E-01  9.99046E-01 -6.19009E-02
    7863.919    126.144   6.150  9.49223E-01  9.98030E-01 -4.81848E-02
    7866.272    128.497   6.200  9.64723E-01  9.97014E-01 -3.19193E-02
    7868.643    130.869   6.250  9.80878E-01  9.95999E-01 -1.49646E-02
    7871.034    133.260   6.300  9.95572E-01  9.94983E-01  5.84178E-04
    7873.444    135.669   6.350  1.00689E+00  9.93967E-01  1.28229E-02
    7875.873    138.098   6.400  1.01358E+00  9.92951E-01  2.04892E-02
    7878.321    140.546   6.450  1.01536E+00  9.91935E-01  2.32993E-02
    7880.788    143.013   6.500  1.01307E+00  9.90920E-01  2.20546E-02
    7883.274    145.499   6.550  1.00866E+00  9.90098E-01  1.85016E-02
    7885.779    148.004   6.600  1.00410E+00  9.89276E-01  1.47873E-02
    7888.303    150.528   6.650  1.00146E+00  9.88455E-01  1.29905E-02
    7890.846    153.071   6.700  1.00213E+00  9.87633E-01  1.44910E-02
    7893.408    155.634   6.750  1.00637E+00  9.86812E-01  1.95737E-02
    7895.990    158.215   6.800  1.01326E+00  9.85990E-01  2.73285E-02
    7898.590    160.815   6.850  1.02094E+00  9.85168E-01  3.58803E-02
    7901.209    163.435   6.900  1.02706E+00  9.84347E-01  4.28860E-02
    7903.848    166.073   6.950  1.02945E+00  9.83525E-01  4.61627E-02
    7906.505    168.730   7.000  1.02671E+00  9.82704E-01  4.42714E-02
    7909.182    171.407   7.050  1.01859E+00  9.81984E-01  3.68642E-02
    7911.877    174.103   7.100  1.00590E+00  9.81265E-01  2.48353E-02
    7914.592    176.817   7.150  9.90508E-01  9.80545E-01  1.00544E-02
    7917.325    179.551   7.200  9.74774E-01  9.79826E-01 -5.10363E-03
    7920.078    182.304   7.250  9.60978E-01  9.79107E-01 -1.83340E-02
    7922.850    185.075   7.300  9.50809E-01  9.78387E-01 -2.79188E-02
    7925.641    187.866   7.350  9.45054E-01  9.77668E-01 -3.30506E-02
    7928.451    190.676   7.400  9.43536E-01  9.76949E-01 -3.38945E-02
    7931.280    193.505   7.450  9.45308E-01  9.76229E-01 -3.13995E-02
    7934.128    196.353   7.500  9.49010E-01  9.75510E-01 -2.69384E-02
    7936.995    199.220   7.550  9.53075E-01  9.74636E-01 -2.19458E-02
    7939.881    202.106   7.600  9.56698E-01  9.73762E-01 -1.73917E-02
    7942.786    205.011   7.650  9.59306E-01  9.72888E-01 -1.38612E-02
    7945.710    207.935   7.700  9.60815E-01  9.72013E-01 -1.14440E-02
    7948.653    210.878   7.750  9.61495E-01  9.71139E-01 -9.86863E-03
    7951.615    213.841   7.800  9.61766E-01  9.70265E-01 -8.70841E-03
    7954.597    216.822   7.850  9.62006E-01  9.69391E-01 -7.57681E-03
    7957.597    219.822   7.900  9.62438E-01  9.68517E-01 -6.24576E-03
    7960.616    222.842   7.950  9.63112E-01  9.67643E-01 -4.66104E-03
    7963.655    225.880   8.000  9.63980E-01  9.66768E-01 -2.87210E-03
    7966.712    228.938   8.050  9.64768E-01  9.65686E-01 -9.46897E-04
    7969.789    232.014   8.100  9.65748E-01  9.64603E-01  1.18353E-03
    7972.885    235.110   8.150  9.67074E-01  9.63520E-01  3.67787E-03
    7975.999    238.225   8.200  9.68926E-01  9.62437E-01  6.72551E-03
    7979.133    241.358   8.250  9.71396E-01  9.61354E-01  1.04230E-02
    7982.286    244.511   8.300  9.74363E-01  9.60271E-01  1.46494E-02
    7985.458    247.683   8.350  9.77437E-01  9.59189E-01  1.89988E-02
    7988.648    250.874   8.400  9.79980E-01  9.58106E-01  2.28088E-02
    7991.858    254.084   8.450  9.81241E-01  9.57023E-01  2.52915E-02
    7995.087    257.313   8.500  9.80546E-01  9.55940E-01  2.57356E-02
    7998.335    260.561   8.550  9.77514E-01  9.54793E-01  2.37957E-02
    8001.602    263.828   8.600  9.72125E-01  9.53645E-01  1.93798E-02
    8004.888    267.114   8.650  9.64836E-01  9.52498E-01  1.29565E-02
    8008.194    270.419   8.700  9.56473E-01  9.51351E-01  5.38610E-03
    8011.518    273.743   8.750  9.48046E-01  9.50204E-01 -2.27175E-03
    8014.861    277.086   8.800  9.40519E-01  9.49056E-01 -9.00124E-03
    8018.223    280.449   8.850  9.34599E-01  9.47909E-01 -1.40527E-02
    8021.605    283.830   8.900  9.30605E-01  9.46762E-01 -1.70811E-02
    8025.005    287.230   8.950  9.28455E-01  9.45614E-01 -1.81652E-02
    8028.425    290.650   9.000  9.27759E-01  9.44467E-01 -1.77121E-02
    8031.863    294.088   9.050  9.27975E-01  9.43396E-01 -1.63640E-02
    8035.321    297.546   9.100  9.28614E-01  9.42326E-01 -1.45651E-02
    8038.797    301.023   9.150  9.29333E-01  9.41255E-01 -1.26766E-02
    8042.293    304.518   9.200  9.30004E-01  9.40184E-01 -1.08362E-02
    8045.808    308.033   9.250  9.30678E-01  9.39113E-01 -8.98819E-03
    8049.341    311.567   9.300  9.31499E-01  9.38043E-01 -6.98002E-03
    8052.894    315.120   9.350  9.32586E-01  9.36972E-01 -4.68302E-03
    8056.466    318.691   9.400  9.33948E-01  9.35901E-01 -2.08769E-03
    8060.057    322.282   9.450  9.35448E-01  9.34830E-01  6.60327E-04
    8063.667    325.892   9.500  9.36835E-01  9.33760E-01  3.29412E-03
    8067.296    329.521   9.550  9.37977E-01  9.32831E-01  5.51652E-03
    8070.944    333.169   9.600  9.38545E-01  9.31902E-01  7.12793E-03
    8074.611    336.836   9.650  9.38462E-01  9.30973E-01  8.04171E-03
    8078.297    340.523   9.700  9.37797E-01  9.30044E-01  8.33278E-03
    8082.003    344.228   9.750  9.36737E-01  9.29115E-01  8.19878E-03
    8085.727    347.952   9.800  9.35501E-01  9.28186E-01  7.87548E-03
    8089.470    351.695   9.850  9.34254E-01  9.27257E-01  7.53966E-03
    8093.232    355.458   9.900  9.33039E-01  9.26328E-01  7.23758E-03
    8097.014    359.239   9.950  9.31762E-01  9.25399E-01  6.86785E-03
    8100.814    363.040  10.000  9.30234E-01  9.24470E-01  6.22672E-03
    8104.634    366.859  10.050  9.28186E-01  9.23403E-01  5.17280E-03
    8108.472    370.698  10.100  9.25552E-01  9.22336E-01  3.48100E-03
    8112.330    374.555  10.150  9.22376E-01  9.21270E-01  1.19869E-03
    8116.207    378.432  10.200  9.18893E-01  9.20203E-01 -1.42205E-03
    8120.102    382.328  10.250  9.15481E-01  9.19137E-01 -3.97047E-03
    8124.017    386.242  10.300  9.12568E-01  9.18070E-01 -5.98269E-03
    8127.951    390.176  10.350  9.10504E-01  9.17003E-01 -7.07427E-03
    8131.904    394.129  10.400  9.09460E-01  9.15937E-01 -7.05731E-03
    8135.876    398.101  10.450  9.09367E-01  9.14870E-01 -6.00333E-03
    8139.867    402.092  10.500  9.09930E-01  9.13803E-01 -4.23030E-03
    8143.877    406.102  10.550  9.10709E-01  9.12737E-01 -2.21671E-03
    8147.906    410.131  10.600  9.11242E-01  9.11670E-01 -4.68735E-04
    8151.954    414.179  10.650  9.11168E-01  9.10603E-01  6.18629E-04
    8156.021    418.246  10.700  9.10325E-01  9.09537E-01  8.64095E-04
    8160.107    422.333  10.750  9.08777E-01  9.08470E-01  3.36427E-04
    8164.212    426.438  10.800  9.06781E-01  9.07404E-01 -6.83879E-04
    8168.337    430.562  10.850  9.04699E-01  9.06337E-01 -1.80241E-03
    8172.480    434.705  10.900  9.02878E-01  9.05270E-01 -2.63512E-03
    8176.643    438.868  10.950  9.01556E-01  9.04204E-01 -2.91963E-03
    8180.824    443.049  11.000  9.00800E-01  9.03137E-01 -2.58023E-03
    8185.024    447.250  11.050  9.00323E-01  9.01870E-01 -1.71040E-03
    8189.244    451.469  11.100  9.00121E-01  9.00602E-01 -5.33354E-04
    8193.483    455.708  11.150  8.99924E-01  8.99335E-01  6.53517E-04
    8197.740    459.966  11.200  8.99504E-01  8.98068E-01  1.59442E-03
    8202.017    464.242  11.250  8.98732E-01  8.96800E-01  2.14772E-03
    8206.313    468.538  11.300  8.97611E-01  8.95533E-01  2.31402E-03
    8210.628    472.853  11.350  8.96252E-01  8.94266E-01  2.21451E-03
    8214.961    477.187  11.400  8.94817E-01  8.92998E-01  2.03129E-03
    8219.314    481.540  11.450  8.93460E-01  8.91731E-01  1.93302E-03
    8223.686    485.912  11.500  8.92261E-01  8.90464E-01  2.01233E-03
    8228.077    490.303  11.550  8.91208E-01  8.89196E-01  2.25580E-03
    8232.487    494.713  11.600  8.90204E-01  8.87929E-01  2.55445E-03
    8236.916    499.142  11.650  8.89106E-01  8.86662E-01  2.74853E-03
    8241.365    503.590  11.700  8.87782E-01  8.85394E-01  2.68869E-03
    8245.832    508.057  11.750  8.86159E-01  8.84127E-01  2.29126E-03
    8250.318    512.543  11.800  8.84249E-01  8.82860E-01  1.56857E-03
    8254.823    517.049  11.850  8.82145E-01  8.81592E-01  6.25032E-04
    8259.348    521.573  11.900  8.79991E-01  8.80325E-01 -3.77696E-04
    8263.891    526.116  11.950  8.77935E-01  8.79058E-01 -1.27288E-03
    8268.454    530.679  12.000  8.76083E-01  8.77790E-01 -1.93904E-03
    8273.035    535.260  12.050  8.74467E-01  8.76558E-01 -2.37803E-03
    8277.636    539.861  12.100  8.73057E-01  8.75325E-01 -2.58285E-03
    8282.255    544.481  12.150  8.71785E-01  8.74092E-01 -2.63091E-03
    8286.894    549.119  12.200  8.70569E-01  8.72859E-01 -2.61521E-03
    8291.552    553.777  12.250  8.69350E-01  8.71627E-01 -2.60297E-03
    8296.228    558.454  12.300  8.68117E-01  8.70394E-01 -2.60676E-03
    8300.924    563.150  12.350  8.66912E-01  8.69161E-01 -2.57857E-03
    8305.639    567.864  12.400  8.65813E-01  8.67928E-01 -2.42857E-03
    8310.373    572.598  12.450  8.64903E-01  8.66696E-01 -2.06186E-03
    8315.126    577.351  12.500  8.64230E-01  8.65463E-01 -1.41992E-03
    8319.898    582.123  12.550  8.63786E-01  8.64230E-01 -5.12056E-04
    8324.689    586.914  12.600  8.63495E-01  8.62997E-01  5.74367E-04
    8329.499    591.724  12.650  8.63225E-01  8.61765E-01  1.68907E-03
    8334.328    596.554  12.700  8.62824E-01  8.60532E-01  2.65476E-03
    8339.176    601.402  12.750  8.62156E-01  8.59299E-01  3.31264E-03
    8344.044    606.269  12.800  8.61135E-01  8.58066E-01  3.56331E-03
    8348.930    611.155  12.850  8.59749E-01  8.56834E-01  3.39076E-03
    8353.835    616.061  12.900  8.58059E-01  8.55601E-01  2.86266E-03
    8358.760    620.985  12.950  8.56176E-01  8.54368E-01  2.10811E-03
    8363.703    625.929  13.000  8.54232E-01  8.53135E-01  1.28060E-03
    8368.666    630.891  13.050  8.52255E-01  8.51800E-01  5.31729E-04
    8373.647    635.873  13.100  8.50400E-01  8.50465E-01 -7.59957E-05
    8378.648    640.873  13.150  8.48696E-01  8.49129E-01 -5.07914E-04
    8383.668    645.893  13.200  8.47128E-01  8.47794E-01 -7.82127E-04
    8388.706    650.932  13.250  8.45652E-01  8.46459E-01 -9.49939E-04
    8393.764    655.989  13.300  8.44216E-01  8.45123E-01 -1.06918E-03
    8398.841    661.066  13.350  8.42789E-01  8.43788E-01 -1.18006E-03
    8403.937    666.162  13.400  8.41361E-01  8.42453E-01 -1.29155E-03
    8409.052    671.277  13.450  8.39951E-01  8.41117E-01 -1.38167E-03
    8414.186    676.411  13.500  8.38593E-01  8.39782E-01 -1.41036E-03
    8419.339    681.564  13.550  8.37320E-01  8.38447E-01 -1.33887E-03
    8424.511    686.736  13.600  8.36147E-01  8.37111E-01 -1.14825E-03
    8429.702    691.927  13.650  8.35063E-01  8.35776E-01 -8.49773E-04
    8434.912    697.137  13.700  8.34035E-01  8.34441E-01 -4.84144E-04
    8440.141    702.366  13.750  8.33013E-01  8.33105E-01 -1.09994E-04
    8445.389    707.615  13.800  8.31948E-01  8.31770E-01  2.13708E-04
    8450.657    712.882  13.850  8.30805E-01  8.30434E-01  4.44846E-04
    8455.943    718.168  13.900  8.29572E-01  8.29099E-01  5.68960E-04
    8461.248    723.474  13.950  8.28262E-01  8.27764E-01  6.00195E-04
    8466.573    728.798  14.000  8.26903E-01  8.26428E-01  5.72640E-04
    8471.916    734.142  14.050  8.25484E-01  8.25041E-01  5.35739E-04
    8477.279    739.504  14.100  8.24076E-01  8.23653E-01  5.12050E-04
    8482.660    744.886  14.150  8.22686E-01  8.22265E-01  5.10426E-04
    8488.061    750.286  14.200  8.21303E-01  8.20877E-01  5.17757E-04
    8493.481    755.706  14.250  8.19905E-01  8.19489E-01  5.05862E-04
    8498.920    761.145  14.300  8.18466E-01  8.18101E-01  4.44536E-04
    8504.377    766.603  14.350  8.16972E-01  8.16713E-01  3.15805E-04
    8509.854    772.080  14.400  8.15427E-01  8.15325E-01  1.24004E-04
    8515.350    777.575  14.450  8.13854E-01  8.13938E-01 -1.02145E-04
    8520.865    783.090  14.500  8.12292E-01  8.12550E-01 -3.16434E-04
    8526.399    788.624  14.550  8.10780E-01  8.11162E-01 -4.68814E-04
    8531.952    794.177  14.600  8.09351E-01  8.09774E-01 -5.21190E-04
    8537.524    799.750  14.650  8.08013E-01  8.08386E-01 -4.59995E-04
    8543.115    805.341  14.700  8.06754E-01  8.06998E-01 -3.01283E-04
    8548.726    810.951  14.750  8.05540E-01  8.05610E-01 -8.66293E-05
    8554.355    816.580  14.800  8.04326E-01  8.04222E-01  1.28799E-04
    8560.003    822.228  14.850  8.03070E-01  8.02835E-01  2.92083E-04
    8565.670    827.896  14.900  8.01742E-01  8.01447E-01  3.67211E-04
    8571.357    833.582  14.950  8.00335E-01  8.00059E-01  3.44021E-04
    8577.062    839.288  15.000  7.98862E-01  7.98671E-01  2.38933E-04
    8582.787    845.012  15.050  7.97359E-01  7.97290E-01  8.60709E-05
    8588.530    850.756  15.100  7.95851E-01  7.95909E-01 -7.29999E-05
    8594.293    856.518  15.150  7.94369E-01  7.94529E-01 -2.00640E-04
    8600.075    862.300  15.200  7.92930E-01  7.93148E-01 -2.74406E-04
    8605.875    868.101  15.250  7.91536E-01  7.91767E-01 -2.91461E-04
    8611.695    873.920  15.300  7.90176E-01  7.90387E-01 -2.66133E-04
    8617.534    879.759  15.350  7.88830E-01  7.89006E-01 -2.22064E-04
    8623.392    885.617  15.400  7.87481E-01  7.87625E-01 -1.82110E-04
    8629.269    891.494  15.450  7.86119E-01  7.86245E-01 -1.59710E-04
    8635.165    897.390  15.500  7.84742E-01  7.84864E-01 -1.54677E-04
    8641.080    903.305  15.550  7.83362E-01  7.83483E-01 -1.54595E-04
    8647.014    909.239  15.600  7.81992E-01  7.82102E-01 -1.40971E-04
    8652.967    915.192  15.650  7.80645E-01  7.80722E-01 -9.76004E-05
    8658.939    921.164  15.700  7.79327E-01  7.79341E-01 -1.79466E-05
    8664.930    927.155  15.750  7.78031E-01  7.77960E-01  9.11702E-05
    8670.940    933.166  15.800  7.76744E-01  7.76580E-01  2.10864E-04
    8676.970    939.195  15.850  7.75444E-01  7.75199E-01  3.15899E-04
    8683.018    945.243  15.900  7.74115E-01  7.73818E-01  3.82714E-04
    8689.085    951.311  15.950  7.72745E-01  7.72438E-01  3.96907E-04
    8695.172    957.397  16.000  7.71333E-01  7.71057E-01  3.57581E-04
    8701.277    963.503  16.050  7.69826E-01  7.69608E-01  2.82278E-04
    8707.402    969.627  16.100  7.68301E-01  7.68159E-01  1.84014E-04
    8713.545    975.771  16.150  7.66777E-01  7.66711E-01  8.55071E-05
    8719.708    981.933  16.200  7.65266E-01  7.65262E-01  5.21967E-06
    8725.890    988.115  16.250  7.63777E-01  7.63813E-01 -4.79076E-05
    8732.091    994.316  16.300  7.62307E-01  7.62365E-01 -7.61037E-05
    8738.310   1000.536  16.350  7.60847E-01  7.60916E-01 -9.04118E-05
    8744.549   1006.775  16.400  7.59387E-01  7.59467E-01 -1.05346E-04
    8750.807   1013.032  16.450  7.57918E-01  7.58019E-01 -1.32586E-04
    8757.084   1019.309  16.500  7.56437E-01  7.56570E-01 -1.75986E-04
    8763.380   1025.605  16.550  7.54948E-01  7.55121E-01 -2.29648E-04
    8769.695   1031.920  16.600  7.53462E-01  7.53673E-01 -2.79675E-04
    8776.029   1038.255  16.650  7.51991E-01  7.52224E-01 -3.08908E-04
    8782.382   1044.608  16.700  7.50548E-01  7.50775E-01 -3.02947E-04
    8788.755   1050.980  16.750  7.49135E-01  7.49327E-01 -2.55344E-04
    8795.146   1057.371  16.800  7.47751E-01  7.47878E-01 -1.70223E-04
    8801.556   1063.781  16.850  7.46383E-01  7.46429E-01 -6.14828E-05
    8807.985   1070.211  16.900  7.45019E-01  7.44981E-01  5.10584E-05
    8814.434   1076.659  16.950  7.43642E-01  7.43532E-01  1.47221E-04
    8820.901   1083.127  17.000  7.42241E-01  7.42083E-01  2.11883E-04
    8827.388   1089.613  17.050  7.40840E-01  7.40659E-01  2.42941E-04
    8833.893   1096.119  17.100  7.39413E-01  7.39235E-01  2.39428E-04
    8840.418   1102.643  17.150  7.37967E-01  7.37811E-01  2.10209E-04
    8846.962   1109.187  17.200  7.36511E-01  7.36387E-01  1.67935E-04
    8853.524   1115.750  17.250  7.35055E-01  7.34963E-01  1.24705E-04
    8860.106   1122.331  17.300  7.33604E-01  7.33539E-01  8.85150E-05
    8866.707   1128.932  17.350  7.32161E-01  7.32115E-01  6.16141E-05
    8873.327   1135.552  17.400  7.30721E-01  7.30691E-01  4.11085E-05
    8879.966   1142.191  17.450  7.29283E-01  7.29267E-01  2.13743E-05
    8886.624   1148.849  17.500  7.27841E-01  7.27843E-01 -2.77874E-06
    8893.301   1155.526  17.550  7.26395E-01  7.26419E-01 -3.34274E-05
    8899.997   1162.222  17.600  7.24946E-01  7.24995E-01 -6.83156E-05
    8906.712   1168.937  17.650  7.23498E-01  7.23571E-01 -1.01474E-04
    8913.446   1175.671  17.700  7.22057E-01  7.22147E-01 -1.25358E-04
    8920.199   1182.424  17.750  7.20627E-01  7.20723E-01 -1.33652E-04
    8926.971   1189.197  17.800  7.19210E-01  7.19299E-01 -1.23663E-04
    8933.763   1195.988  17.850  7.17805E-01  7.17875E-01 -9.74402E-05
    8940.573   1202.798  17.900  7.16407E-01  7.16451E-01 -6.12369E-05
    8947.402   1209.628  17.950  7.15011E-01  7.15027E-01 -2.35522E-05
    8954.251   1216.476  18.000  7.13609E-01  7.13603E-01  7.52036E-06
    8961.118   1223.344  18.050  7.12175E-01  7.12156E-01  2.69134E-05
    8968.005   1230.230  18.100  7.10733E-01  7.10709E-01  3.35355E-05
    8974.910   1237.136  18.150  7.09283E-01  7.09262E-01  2.98869E-05
    8981.835   1244.060  18.200  7.07830E-01  7.07814E-01  2.13635E-05
    8988.779   1251.004  18.250  7.06377E-01  7.06367E-01  1.40945E-05
    8995.741   1257.967  18.300  7.04929E-01  7.04920E-01  1.26633E-05
    9002.723   1264.949  18.350  7.03486E-01  7.03473E-01  1.85138E-05
    9009.724   1271.949  18.400  7.02046E-01  7.02025E-01  2.95716E-05
    9016.744   1278.969  18.450  7.00607E-01  7.00578E-01  4.11627E-05
    9023.783   1286.008  18.500  6.99164E-01  6.99131E-01  4.78510E-05
    9030.841   1293.066  18.550  6.97716E-01  6.97684E-01  4.55132E-05
    9037.918   1300.143  18.600  6.96259E-01  6.96237E-01  3.29114E-05
    9045.014   1307.239  18.650  6.94798E-01  6.94789E-01  1.22269E-05
    9052.129   1314.355  18.700  6.93334E-01  6.93342E-01 -1.15975E-05
    9059.263   1321.489  18.750  6.91872E-01  6.91895E-01 -3.24455E-05
    9066.417   1328.642  18.800  6.90417E-01  6.90448E-01 -4.49748E-05
    9073.589   1335.814  18.850  6.88968E-01  6.89000E-01 -4.62592E-05
    9080.780   1343.006  18.900  6.87528E-01  6.87553E-01 -3.65965E-05
    9087.991   1350.216  18.950  6.86093E-01  6.86106E-01 -1.92599E-05
    9095.220   1357.446  19.000  6.84659E-01  6.84659E-01  6.60027E-07
    9102.469   1364.694  19.050  6.83232E-01  6.83219E-01  1.83271E-05
    9109.736   1371.962  19.100  6.81800E-01  6.81780E-01  2.97067E-05
    9117.023   1379.248  19.150  6.80363E-01  6.80340E-01  3.27960E-05
    9124.328   1386.554  19.200  6.78920E-01  6.78901E-01  2.81430E-05
    9131.653   1393.878  19.250  6.77474E-01  6.77461E-01  1.83494E-05
    9138.997   1401.222  19.300  6.76027E-01  6.76022E-01  6.97889E-06
    9146.360   1408.585  19.350  6.74581E-01  6.74583E-01 -2.70993E-06
    9153.742   1415.967  19.400  6.73137E-01  6.73143E-01 -8.76159E-06
    9161.142   1423.368  19.450  6.71696E-01  6.71704E-01 -1.09409E-05
    9168.562   1430.788  19.500  6.70257E-01  6.70264E-01 -1.04881E-05
    9176.001   1438.227  19.550  6.68819E-01  6.68825E-01 -9.37170E-06
    9183.459   1445.685  19.600  6.67379E-01  6.67385E-01 -9.36190E-06
    9190.937   1453.162  19.650  6.65938E-01  6.65946E-01 -1.12853E-05
    9198.433   1460.658  19.700  6.64497E-01  6.64507E-01 -1.47249E-05
    9205.948   1468.173  19.750  6.63055E-01  6.63067E-01 -1.82438E-05
    9213.482   1475.707  19.800  6.61614E-01  6.61628E-01 -2.00130E-05
    9221.035   1483.261  19.850  6.60176E-01  6.60188E-01 -1.85794E-05
    9228.608   1490.833  19.900  6.58740E-01  6.58749E-01 -1.34749E-05
    9236.199   1498.424  19.950  6.57306E-01  6.57309E-01 -5.44272E-06
    9243.810   1506.035  20.000  6.55872E-01  6.55870E-01  3.78822E-06
