# # Once                                                         FEFF 9.6.4  
# # POT  SCF 100  5.0000   0, core-hole, AFOLP (folp(0)= 1.150)
# # Abs   Z=25 Rmt= 1.269 Rnm= 1.361 K  shell
# # Pot 1 Z= 6 Rmt= 1.013 Rnm= 1.106
# # Pot 2 Z=31 Rmt= 1.499 Rnm= 1.519
# # Pot 3 Z=25 Rmt= 1.275 Rnm= 1.370
# # Gam_ch=1.193E+00 H-L exch Vi= 0.000E+00 Vr= 0.000E+00
# # Mu=-1.383E+01 kf=2.242E+00 Vint=-2.443E+01 Rs_int= 1.618
# # PATH  Rmax= 6.000,  Keep_limit= 0.00, Heap_limit 0.00  Pwcrit= 2.50%
#  S02=0.800  Temp=  20.00  Debye_temp= 600.00  Global_sig2= 0.00000
#  Energy zero shift, vr, vi    0.00000E+00   0.00000E+00
#  Curved wave amplitude ratio filter   4.000%
#     file         sig2 tot  cw amp ratio   deg  nlegs   reff  inp sig2
#           1       0.00468    100.00      3.00     2   1.9710
#           2       0.00202     50.11      3.00     2   2.6702
#           3       0.00185     38.01      3.00     2   2.7726
#           4       0.00211     84.35      6.00     2   2.9000
#           5       0.00368     26.23     12.00     3   3.3061
#           6       0.00832     11.82      6.00     3   3.4210
#           7       0.00350     33.34     12.00     3   3.4210
#           8       0.00616     26.30      3.00     2   3.5064
#           9       0.00218     21.00      3.00     2   3.9420
#          10       0.00218     68.24      6.00     3   3.9420
#          11       0.01873     13.83      3.00     4   3.9421
#          12       0.00218     52.96      3.00     4   3.9420
#          13       0.00997     18.21      6.00     4   3.9420
#          14       0.00877     17.33      6.00     4   3.9420
#          15       0.00195     15.34      3.00     2   4.0122
#          16       0.00537      5.14      6.00     3   4.0738
#          17       0.00537     12.74      6.00     3   4.0738
#          18       0.00231      8.94     12.00     3   4.1202
#          19       0.00521      8.81     12.00     3   4.1887
#          20       0.00760     19.66     12.00     3   4.1887
#          21       0.00521     19.60     12.00     3   4.1887
#          22       0.00520      4.60     12.00     3   4.1998
#          23       0.00192      4.30      1.00     2   4.2900
#          24       0.00238      6.27     12.00     3   4.3500
#          25       0.00214      5.29      1.00     2   4.4200
#          26       0.00599     27.22      6.00     2   4.5503
#          27       0.00807      6.96     12.00     4   4.6412
#          28       0.00571      8.44      6.00     3   4.7051
#          29       0.00579     19.51     12.00     3   4.7106
#          30       0.00639     40.68     12.00     3   4.7106
#          31       0.00579     23.09     12.00     3   4.7106
#          32       0.00581      6.25      6.00     4   4.7436
#          33       0.00235      6.41     12.00     3   4.7561
#          34       0.00235      6.20     12.00     3   4.7561
#          35       0.01009      5.18     12.00     4   4.7561
#          36       0.00235     12.92     12.00     4   4.7561
#          37       0.00235     13.41     12.00     4   4.7561
#          38       0.00235      7.45     12.00     4   4.7561
#          39       0.00620      5.46     12.00     4   4.8710
#          40       0.00581     17.72     12.00     4   4.8710
#          41       0.02147     12.38      6.00     4   4.8710
#          42       0.00820     21.34      6.00     4   4.8710
#          43       0.00835      4.55     12.00     4   4.8710
#          45       0.00581     22.33     12.00     4   4.8710
#          46       0.00620      4.17      6.00     4   4.8710
#          47       0.00211     24.54      6.00     2   4.8938
#          48       0.00188     17.64      6.00     2   4.9505
#          49       0.00210     22.94      6.00     2   5.0229
#          50       0.00188     15.59      6.00     2   5.1782
#          51       0.00298     15.14     12.00     3   5.1856
#          52       0.00298     17.38     12.00     3   5.1856
#          53       0.00505      4.35     12.00     3   5.2317
#          54       0.00221      6.32     12.00     3   5.2320
#          55       0.00221     10.52     12.00     3   5.2320
#          56       0.00221     10.91     12.00     3   5.2320
#          57       0.00505      9.99     12.00     3   5.2317
#          58       0.00505      6.24     12.00     4   5.2317
#          59       0.00505     17.99     12.00     4   5.2317
#          60       0.00930      8.28      6.00     3   5.2502
#          61       0.00279      8.64      6.00     3   5.2502
#          62       0.00279      8.72      6.00     3   5.2502
#          63       0.00450      6.05     12.00     5   5.2771
#          64       0.00450     10.11     12.00     5   5.2771
#          65       0.00211     20.08      6.00     2   5.2864
#          66       0.00193      8.31     12.00     3   5.3105
#          67       0.00193      9.75     12.00     3   5.3105
#          69       0.00201      4.47     12.00     3   5.3116
#          71       0.00585      7.08     12.00     3   5.3634
#          72       0.00629     12.48     12.00     4   5.3920
#          74       0.00495      5.65     12.00     5   5.3920
#          75       0.00629     26.90     12.00     5   5.3920
#          78       0.01334      7.83     12.00     5   5.3920
#          80       0.00495      8.16     12.00     5   5.3920
#          81       0.00256      8.35     12.00     3   5.4026
#          82       0.00223      5.07     12.00     3   5.4115
#          83       0.00223     16.96     24.00     3   5.4115
#          89       0.00593      5.65      6.00     4   5.4774
#          90       0.01151      4.08     12.00     4   5.4774
#          93       0.00745      5.58     12.00     3   5.4783
#          94       0.00581      5.84     12.00     3   5.4783
#          96       0.00312      5.24     12.00     4   5.5238
#          98       0.00245      4.31     12.00     4   5.5349
#         101       0.01328      4.56     12.00     4   5.6387
#         102       0.00993      6.52     12.00     4   5.6387
#         104       0.00663      6.18     12.00     4   5.6387
#         106       0.00601      7.43      3.00     2   5.7109
#         107       0.00545      4.91     12.00     3   5.7387
#         108       0.00214     15.68      6.00     2   5.8000
#         109       0.00214      8.61      6.00     3   5.8000
#         110       0.00214     38.31     12.00     3   5.8000
#         111       0.00214      8.31      6.00     4   5.8000
#         112       0.00846      4.09      6.00     4   5.8000
#         113       0.00214     27.35      6.00     4   5.8000
#         116       0.00905      5.20      6.00     4   5.9131
#         118       0.00905      7.45      6.00     5   5.9131
#         119       0.00905      8.28      6.00     5   5.9131
#         120       0.00905      8.96      6.00     5   5.9131
#         123       0.00905     12.92      6.00     6   5.9131
#         124       0.02222      7.46     12.00     6   5.9131
#         125       0.00905      7.89      3.00     6   5.9131
#         126       0.00688      7.70     12.00     6   5.9131
#         127       0.00688      8.22     12.00     6   5.9131
#   102/ 117 paths used
#  xsedge+50, used to normalize mu           3.5282E-04
#  -----------------------------------------------------------------------
#  omega    e    k    mu    mu0     chi     @#
    6545.320    -13.831   0.000  4.53022E-02  3.18534E-01 -4.66429E-01
    6545.330    -13.821   0.050  6.33733E-02  3.24840E-01 -4.45706E-01
    6545.358    -13.793   0.100  8.13781E-02  3.31145E-01 -4.25154E-01
    6545.406    -13.745   0.150  1.32666E-01  3.49609E-01 -3.67737E-01
    6545.473    -13.678   0.200  1.83062E-01  3.68073E-01 -3.12305E-01
    6545.558    -13.593   0.250  2.56460E-01  3.95523E-01 -2.33142E-01
    6545.663    -13.488   0.300  3.26327E-01  4.22973E-01 -1.60932E-01
    6545.787    -13.364   0.350  4.01624E-01  4.52074E-01 -8.32332E-02
    6545.930    -13.221   0.400  4.68958E-01  4.81176E-01 -1.99718E-02
    6546.092    -13.059   0.450  5.26566E-01  5.06288E-01  3.27720E-02
    6546.273    -12.878   0.500  5.72039E-01  5.31400E-01  6.49385E-02
    6546.473    -12.678   0.550  6.02296E-01  5.51894E-01  7.94807E-02
    6546.692    -12.459   0.600  6.18871E-01  5.72388E-01  7.23487E-02
    6546.930    -12.221   0.650  6.21987E-01  5.89731E-01  4.94726E-02
    6547.187    -11.964   0.700  6.13699E-01  6.07074E-01  1.00152E-02
    6547.463    -11.688   0.750  5.96957E-01  6.22624E-01 -3.81956E-02
    6547.759    -11.392   0.800  5.73813E-01  6.38175E-01 -9.43055E-02
    6548.073    -11.078   0.850  5.47326E-01  6.52762E-01 -1.51975E-01
    6548.406    -10.745   0.900  5.20351E-01  6.67349E-01 -2.08487E-01
    6548.759    -10.392   0.950  4.94162E-01  6.81399E-01 -2.61148E-01
    6549.130    -10.021   1.000  4.72581E-01  6.95449E-01 -3.05767E-01
    6549.521     -9.630   1.050  4.54532E-01  7.09140E-01 -3.43530E-01
    6549.930     -9.221   1.100  4.44160E-01  7.22831E-01 -3.69872E-01
    6550.359     -8.792   1.150  4.38798E-01  7.36181E-01 -3.88296E-01
    6550.807     -8.344   1.200  4.41801E-01  7.49531E-01 -3.95383E-01
    6551.273     -7.878   1.250  4.50366E-01  7.62488E-01 -3.94742E-01
    6551.759     -7.392   1.300  4.66232E-01  7.75444E-01 -3.85031E-01
    6552.264     -6.887   1.350  4.87697E-01  7.87897E-01 -3.68254E-01
    6552.788     -6.363   1.400  5.15066E-01  8.00350E-01 -3.44831E-01
    6553.331     -5.820   1.450  5.48518E-01  8.12171E-01 -3.14265E-01
    6553.893     -5.258   1.500  5.87294E-01  8.23992E-01 -2.78277E-01
    6554.474     -4.677   1.550  6.33115E-01  8.35063E-01 -2.34407E-01
    6555.074     -4.077   1.600  6.84524E-01  8.46134E-01 -1.85233E-01
    6555.693     -3.458   1.650  7.43412E-01  8.56332E-01 -1.27944E-01
    6556.331     -2.820   1.700  8.07395E-01  8.66530E-01 -6.62441E-02
    6556.988     -2.163   1.750  8.76429E-01  8.75749E-01  7.54521E-04
    6557.665     -1.486   1.800  9.46752E-01  8.84968E-01  6.78278E-02
    6558.360     -0.791   1.850  1.01539E+00  8.93119E-01  1.33063E-01
    6559.074     -0.077   1.900  1.07756E+00  9.01270E-01  1.90198E-01
    6559.808      0.657   1.950  1.12783E+00  9.08254E-01  2.35177E-01
    6560.560      1.409   2.000  1.16256E+00  9.15238E-01  2.62991E-01
    6561.332      2.181   2.050  1.17637E+00  9.20519E-01  2.70661E-01
    6562.122      2.971   2.100  1.16993E+00  9.25801E-01  2.56935E-01
    6562.932      3.781   2.150  1.14473E+00  9.31083E-01  2.23706E-01
    6563.761      4.610   2.200  1.10470E+00  9.36365E-01  1.75376E-01
    6564.608      5.457   2.250  1.05397E+00  9.39023E-01  1.19486E-01
    6565.475      6.324   2.300  1.00114E+00  9.41682E-01  6.16691E-02
    6566.361      7.210   2.350  9.53174E-01  9.44341E-01  9.14108E-03
    6567.266      8.115   2.400  9.16825E-01  9.47000E-01 -3.11612E-02
    6568.190      9.039   2.450  8.96655E-01  9.46767E-01 -5.18042E-02
    6569.133      9.982   2.500  8.96699E-01  9.46535E-01 -5.15715E-02
    6570.095     10.944   2.550  9.13490E-01  9.46302E-01 -3.39901E-02
    6571.076     11.925   2.600  9.40719E-01  9.46069E-01 -5.54848E-03
    6572.076     12.925   2.650  9.73874E-01  9.50136E-01  2.45595E-02
    6573.095     13.944   2.700  1.00324E+00  9.54202E-01  5.06143E-02
    6574.133     14.982   2.750  1.02493E+00  9.58268E-01  6.86470E-02
    6575.191     16.039   2.800  1.03770E+00  9.62335E-01  7.74339E-02
    6576.267     17.116   2.850  1.04504E+00  9.65671E-01  8.12630E-02
    6577.362     18.211   2.900  1.04615E+00  9.69006E-01  7.87251E-02
    6578.477     19.326   2.950  1.04246E+00  9.72342E-01  7.13166E-02
    6579.610     20.459   3.000  1.03582E+00  9.75678E-01  6.09614E-02
    6580.763     21.612   3.050  1.02729E+00  9.77346E-01  5.05300E-02
    6581.934     22.783   3.100  1.01848E+00  9.79015E-01  3.98531E-02
    6583.125     23.974   3.150  1.01018E+00  9.80684E-01  2.97336E-02
    6584.335     25.183   3.200  1.00258E+00  9.82352E-01  2.03523E-02
    6585.563     26.412   3.250  9.94630E-01  9.83139E-01  1.15504E-02
    6586.811     27.660   3.300  9.85786E-01  9.83927E-01  1.86694E-03
    6588.078     28.927   3.350  9.75337E-01  9.84714E-01 -9.40767E-03
    6589.364     30.213   3.400  9.62816E-01  9.85501E-01 -2.27363E-02
    6590.669     31.518   3.450  9.47645E-01  9.85559E-01 -3.79787E-02
    6591.993     32.841   3.500  9.30431E-01  9.85617E-01 -5.52491E-02
    6593.336     34.185   3.550  9.12518E-01  9.85675E-01 -7.31988E-02
    6594.698     35.547   3.600  8.95836E-01  9.85733E-01 -8.98984E-02
    6596.079     36.928   3.650  8.81760E-01  9.85493E-01 -1.03731E-01
    6597.479     38.328   3.700  8.72316E-01  9.85253E-01 -1.12931E-01
    6598.898     39.747   3.750  8.68904E-01  9.85014E-01 -1.16099E-01
    6600.337     41.185   3.800  8.72320E-01  9.84774E-01 -1.12440E-01
    6601.794     42.643   3.850  8.82543E-01  9.84409E-01 -1.01857E-01
    6603.270     44.119   3.900  8.98756E-01  9.84043E-01 -8.52827E-02
    6604.766     45.614   3.950  9.19673E-01  9.83678E-01 -6.40041E-02
    6606.280     47.129   4.000  9.43626E-01  9.83313E-01 -3.96868E-02
    6607.814     48.662   4.050  9.68838E-01  9.83003E-01 -1.41649E-02
    6609.366     50.215   4.100  9.93574E-01  9.82694E-01  1.08796E-02
    6610.938     51.787   4.150  1.01640E+00  9.82384E-01  3.40096E-02
    6612.528     53.377   4.200  1.03614E+00  9.82075E-01  5.40545E-02
    6614.138     54.987   4.250  1.05198E+00  9.81949E-01  7.00195E-02
    6615.767     56.616   4.300  1.06314E+00  9.81823E-01  8.12973E-02
    6617.415     58.264   4.350  1.06911E+00  9.81697E-01  8.73821E-02
    6619.082     59.930   4.400  1.06958E+00  9.81570E-01  8.79780E-02
    6620.768     61.616   4.450  1.06421E+00  9.81507E-01  8.26573E-02
    6622.473     63.321   4.500  1.05361E+00  9.81444E-01  7.21080E-02
    6624.197     65.045   4.550  1.03865E+00  9.81381E-01  5.72125E-02
    6625.940     66.788   4.600  1.02071E+00  9.81318E-01  3.93413E-02
    6627.702     68.551   4.650  1.00155E+00  9.81356E-01  2.01651E-02
    6629.483     70.332   4.700  9.83301E-01  9.81395E-01  1.90332E-03
    6631.283     72.132   4.750  9.67908E-01  9.81433E-01 -1.35037E-02
    6633.102     73.951   4.800  9.56879E-01  9.81472E-01 -2.45498E-02
    6634.941     75.790   4.850  9.51275E-01  9.81560E-01 -3.02300E-02
    6636.798     77.647   4.900  9.50868E-01  9.81648E-01 -3.07226E-02
    6638.674     79.523   4.950  9.54668E-01  9.81737E-01 -2.70154E-02
    6640.570     81.419   5.000  9.61056E-01  9.81825E-01 -2.07271E-02
    6642.484     83.333   5.050  9.68227E-01  9.81903E-01 -1.36487E-02
    6644.418     85.267   5.100  9.74275E-01  9.81980E-01 -7.69119E-03
    6646.371     87.219   5.150  9.78088E-01  9.82057E-01 -3.96289E-03
    6648.342     89.191   5.200  9.79422E-01  9.82135E-01 -2.70858E-03
    6650.333     91.182   5.250  9.78538E-01  9.82007E-01 -3.46406E-03
    6652.343     93.192   5.300  9.77094E-01  9.81879E-01 -4.78022E-03
    6654.372     95.220   5.350  9.76681E-01  9.81751E-01 -5.06745E-03
    6656.419     97.268   5.400  9.78618E-01  9.81623E-01 -3.00470E-03
    6658.486     99.335   5.450  9.83345E-01  9.81348E-01  1.99773E-03
    6660.572    101.421   5.500  9.90698E-01  9.81072E-01  9.63487E-03
    6662.677    103.526   5.550  9.99231E-01  9.80797E-01  1.84633E-02
    6664.801    105.650   5.600  1.00686E+00  9.80521E-01  2.63982E-02
    6666.945    107.793   5.650  1.01123E+00  9.79981E-01  3.13509E-02
    6669.107    109.956   5.700  1.01075E+00  9.79441E-01  3.14350E-02
    6671.288    112.137   5.750  1.00454E+00  9.78901E-01  2.57705E-02
    6673.488    114.337   5.800  9.93081E-01  9.78360E-01  1.48092E-02
    6675.708    116.556   5.850  9.77842E-01  9.77496E-01  3.48971E-04
    6677.946    118.795   5.900  9.61899E-01  9.76631E-01 -1.48566E-02
    6680.203    121.052   5.950  9.48224E-01  9.75766E-01 -2.78090E-02
    6682.480    123.329   6.000  9.39361E-01  9.74902E-01 -3.59292E-02
    6684.775    125.624   6.050  9.36653E-01  9.73762E-01 -3.75745E-02
    6687.090    127.939   6.100  9.40321E-01  9.72622E-01 -3.27596E-02
    6689.423    130.272   6.150  9.48863E-01  9.71482E-01 -2.29778E-02
    6691.776    132.625   6.200  9.59694E-01  9.70343E-01 -1.08349E-02
    6694.148    134.997   6.250  9.69787E-01  9.69203E-01  5.95042E-04
    6696.539    137.387   6.300  9.76416E-01  9.68063E-01  8.52646E-03
    6698.948    139.797   6.350  9.77820E-01  9.66924E-01  1.11406E-02
    6701.377    142.226   6.400  9.73611E-01  9.65784E-01  8.01500E-03
    6703.825    144.674   6.450  9.64840E-01  9.64644E-01  2.00734E-04
    6706.292    147.141   6.500  9.53707E-01  9.63505E-01 -1.00661E-02
    6708.778    149.627   6.550  9.43000E-01  9.62150E-01 -1.97114E-02
    6711.283    152.132   6.600  9.35502E-01  9.60796E-01 -2.60820E-02
    6713.807    154.656   6.650  9.33038E-01  9.59442E-01 -2.72762E-02
    6716.351    157.199   6.700  9.36233E-01  9.58087E-01 -2.26179E-02
    6718.913    159.762   6.750  9.44434E-01  9.56733E-01 -1.27516E-02
    6721.494    162.343   6.800  9.55940E-01  9.55378E-01  5.83167E-04
    6724.094    164.943   6.850  9.68454E-01  9.54024E-01  1.50171E-02
    6726.714    167.563   6.900  9.79641E-01  9.52670E-01  2.81197E-02
    6729.352    170.201   6.950  9.87618E-01  9.51315E-01  3.79194E-02
    6732.010    172.858   7.000  9.91289E-01  9.49961E-01  4.32486E-02
    6734.686    175.535   7.050  9.90624E-01  9.48781E-01  4.38577E-02
    6737.382    178.230   7.100  9.85982E-01  9.47601E-01  4.02951E-02
    6740.096    180.945   7.150  9.78303E-01  9.46421E-01  3.35267E-02
    6742.830    183.679   7.200  9.68621E-01  9.45240E-01  2.46266E-02
    6745.583    186.431   7.250  9.57824E-01  9.44060E-01  1.45205E-02
    6748.354    189.203   7.300  9.46540E-01  9.42880E-01  3.86700E-03
    6751.145    191.994   7.350  9.35173E-01  9.41700E-01 -6.90874E-03
    6753.955    194.804   7.400  9.24050E-01  9.40520E-01 -1.74606E-02
    6756.784    197.633   7.450  9.13609E-01  9.39340E-01 -2.73238E-02
    6759.632    200.481   7.500  9.04532E-01  9.38159E-01 -3.57676E-02
    6762.499    203.348   7.550  8.97815E-01  9.37248E-01 -4.19924E-02
    6765.385    206.234   7.600  8.94566E-01  9.36336E-01 -4.45343E-02
    6768.290    209.139   7.650  8.95738E-01  9.35424E-01 -4.23630E-02
    6771.214    212.063   7.700  9.01747E-01  9.34513E-01 -3.50177E-02
    6774.158    215.006   7.750  9.12200E-01  9.33601E-01 -2.28989E-02
    6777.120    217.969   7.800  9.25803E-01  9.32689E-01 -7.37733E-03
    6780.101    220.950   7.850  9.40490E-01  9.31778E-01  9.34477E-03
    6783.101    223.950   7.900  9.53786E-01  9.30866E-01  2.46116E-02
    6786.121    226.970   7.950  9.63304E-01  9.29955E-01  3.58546E-02
    6789.159    230.008   8.000  9.67285E-01  9.29043E-01  4.11639E-02
    6792.217    233.066   8.050  9.65075E-01  9.28148E-01  3.97839E-02
    6795.293    236.142   8.100  9.57008E-01  9.27253E-01  3.20857E-02
    6798.389    239.238   8.150  9.44740E-01  9.26358E-01  1.98394E-02
    6801.504    242.353   8.200  9.30719E-01  9.25464E-01  5.67708E-03
    6804.637    245.486   8.250  9.17615E-01  9.24569E-01 -7.51867E-03
    6807.790    248.639   8.300  9.07705E-01  9.23674E-01 -1.72816E-02
    6810.962    251.811   8.350  9.02363E-01  9.22779E-01 -2.21137E-02
    6814.153    255.002   8.400  9.01793E-01  9.21884E-01 -2.17816E-02
    6817.363    258.212   8.450  9.05060E-01  9.20990E-01 -1.72844E-02
    6820.592    261.441   8.500  9.10419E-01  9.20095E-01 -1.05082E-02
    6823.840    264.689   8.550  9.15668E-01  9.19083E-01 -3.71244E-03
    6827.107    267.956   8.600  9.19242E-01  9.18071E-01  1.27482E-03
    6830.393    271.242   8.650  9.20100E-01  9.17059E-01  3.31392E-03
    6833.698    274.547   8.700  9.18170E-01  9.16047E-01  2.31610E-03
    6837.022    277.871   8.750  9.14302E-01  9.15035E-01 -7.99665E-04
    6840.366    281.214   8.800  9.09962E-01  9.14023E-01 -4.43919E-03
    6843.728    284.577   8.850  9.06748E-01  9.13011E-01 -6.85311E-03
    6847.109    287.958   8.900  9.05890E-01  9.11999E-01 -6.69212E-03
    6850.510    291.358   8.950  9.07853E-01  9.10987E-01 -3.43689E-03
    6853.929    294.778   9.000  9.12179E-01  9.09975E-01  2.42030E-03
    6857.368    298.216   9.050  9.17445E-01  9.08753E-01  9.55505E-03
    6860.825    301.674   9.100  9.22077E-01  9.07531E-01  1.60101E-02
    6864.302    305.151   9.150  9.24361E-01  9.06309E-01  1.98945E-02
    6867.797    308.646   9.200  9.23116E-01  9.05087E-01  1.98940E-02
    6871.312    312.161   9.250  9.18052E-01  9.03864E-01  1.56746E-02
    6874.846    315.695   9.300  9.09892E-01  9.02642E-01  8.01930E-03
    6878.399    319.248   9.350  9.00208E-01  9.01420E-01 -1.34330E-03
    6881.971    322.819   9.400  8.91022E-01  9.00198E-01 -1.01762E-02
    6885.561    326.410   9.450  8.84280E-01  8.98976E-01 -1.63182E-02
    6889.171    330.020   9.500  8.81332E-01  8.97754E-01 -1.82569E-02
    6892.800    333.649   9.550  8.82514E-01  8.96485E-01 -1.55530E-02
    6896.448    337.297   9.600  8.87215E-01  8.95216E-01 -8.91799E-03
    6900.116    340.964   9.650  8.93866E-01  8.93947E-01 -9.02682E-05
    6903.802    344.651   9.700  9.00388E-01  8.92677E-01  8.61761E-03
    6907.507    348.356   9.750  9.04727E-01  8.91408E-01  1.49056E-02
    6911.231    352.080   9.800  9.05370E-01  8.90139E-01  1.70680E-02
    6914.975    355.823   9.850  9.01721E-01  8.88870E-01  1.44211E-02
    6918.737    359.586   9.900  8.94249E-01  8.87601E-01  7.47072E-03
    6922.518    363.367   9.950  8.84358E-01  8.86331E-01 -2.21984E-03
    6926.319    367.168  10.000  8.74038E-01  8.85062E-01 -1.24207E-02
    6930.138    370.987  10.050  8.65348E-01  8.83853E-01 -2.08756E-02
    6933.977    374.826  10.100  8.60030E-01  8.82644E-01 -2.55450E-02
    6937.834    378.683  10.150  8.59023E-01  8.81435E-01 -2.53491E-02
    6941.711    382.560  10.200  8.62293E-01  8.80226E-01 -2.03102E-02
    6945.607    386.456  10.250  8.68875E-01  8.79017E-01 -1.15011E-02
    6949.522    390.370  10.300  8.77149E-01  8.77808E-01 -7.48705E-04
    6953.455    394.304  10.350  8.85238E-01  8.76599E-01  9.82225E-03
    6957.408    398.257  10.400  8.91447E-01  8.75390E-01  1.82807E-02
    6961.380    402.229  10.450  8.94616E-01  8.74181E-01  2.32949E-02
    6965.371    406.220  10.500  8.94314E-01  8.72972E-01  2.43604E-02
    6969.381    410.230  10.550  8.90846E-01  8.71763E-01  2.18113E-02
    6973.410    414.259  10.600  8.85089E-01  8.70554E-01  1.66346E-02
    6977.458    418.307  10.650  8.78207E-01  8.69345E-01  1.01556E-02
    6981.525    422.374  10.700  8.71350E-01  8.68136E-01  3.68839E-03
    6985.612    426.460  10.750  8.65399E-01  8.66927E-01 -1.75591E-03
    6989.717    430.566  10.800  8.60819E-01  8.65718E-01 -5.63616E-03
    6993.841    434.690  10.850  8.57653E-01  8.64509E-01 -7.89828E-03
    6997.985    438.833  10.900  8.55619E-01  8.63300E-01 -8.86077E-03
    7002.147    442.996  10.950  8.54281E-01  8.62091E-01 -9.02125E-03
    7006.328    447.177  11.000  8.53229E-01  8.60882E-01 -8.85168E-03
    7010.529    451.378  11.050  8.52004E-01  8.59560E-01 -8.75353E-03
    7014.748    455.597  11.100  8.50762E-01  8.58238E-01 -8.67435E-03
    7018.987    459.836  11.150  8.49675E-01  8.56916E-01 -8.41472E-03
    7023.245    464.094  11.200  8.49006E-01  8.55593E-01 -7.66721E-03
    7027.521    468.370  11.250  8.48982E-01  8.54271E-01 -6.16634E-03
    7031.817    472.666  11.300  8.49678E-01  8.52949E-01 -3.81943E-03
    7036.132    476.981  11.350  8.50964E-01  8.51627E-01 -7.75210E-04
    7040.466    481.315  11.400  8.52516E-01  8.50305E-01  2.59005E-03
    7044.819    485.668  11.450  8.53894E-01  8.48982E-01  5.76164E-03
    7049.191    490.040  11.500  8.54656E-01  8.47660E-01  8.22002E-03
    7053.582    494.431  11.550  8.54475E-01  8.46338E-01  9.57589E-03
    7057.992    498.841  11.600  8.53216E-01  8.45016E-01  9.66572E-03
    7062.421    503.270  11.650  8.50962E-01  8.43694E-01  8.58114E-03
    7066.869    507.718  11.700  8.47976E-01  8.42371E-01  6.62778E-03
    7071.336    512.185  11.750  8.44621E-01  8.41049E-01  4.23063E-03
    7075.823    516.671  11.800  8.41260E-01  8.39727E-01  1.81852E-03
    7080.328    521.177  11.850  8.38172E-01  8.38405E-01 -2.76404E-04
    7084.852    525.701  11.900  8.35506E-01  8.37083E-01 -1.87588E-03
    7089.396    530.244  11.950  8.33279E-01  8.35760E-01 -2.95771E-03
    7093.958    534.807  12.000  8.31415E-01  8.34438E-01 -3.60989E-03
    7098.540    539.388  12.050  8.29662E-01  8.32977E-01 -3.96505E-03
    7103.140    543.989  12.100  8.28085E-01  8.31515E-01 -4.11014E-03
    7107.760    548.609  12.150  8.26653E-01  8.30054E-01 -4.08177E-03
    7112.398    553.247  12.200  8.25393E-01  8.28593E-01 -3.84767E-03
    7117.056    557.905  12.250  8.24357E-01  8.27131E-01 -3.34125E-03
    7121.733    562.582  12.300  8.23582E-01  8.25670E-01 -2.51941E-03
    7126.429    567.277  12.350  8.23035E-01  8.24208E-01 -1.41839E-03
    7131.144    571.992  12.400  8.22596E-01  8.22747E-01 -1.82255E-04
    7135.877    576.726  12.450  8.22070E-01  8.21285E-01  9.51915E-04
    7140.630    581.479  12.500  8.21233E-01  8.19824E-01  1.71280E-03
    7145.402    586.251  12.550  8.19908E-01  8.18363E-01  1.88120E-03
    7150.193    591.042  12.600  8.18029E-01  8.16901E-01  1.37594E-03
    7155.004    595.852  12.650  8.15692E-01  8.15440E-01  3.08143E-04
    7159.833    600.682  12.700  8.13146E-01  8.13978E-01 -1.01936E-03
    7164.681    605.530  12.750  8.10743E-01  8.12517E-01 -2.17503E-03
    7169.548    610.397  12.800  8.08849E-01  8.11056E-01 -2.71126E-03
    7174.434    615.283  12.850  8.07728E-01  8.09594E-01 -2.29690E-03
    7179.340    620.189  12.900  8.07459E-01  8.08133E-01 -8.30959E-04
    7184.264    625.113  12.950  8.07885E-01  8.06671E-01  1.49882E-03
    7189.208    630.057  13.000  8.08632E-01  8.05210E-01  4.23479E-03
    7194.170    635.019  13.050  8.09271E-01  8.03798E-01  6.78574E-03
    7199.152    640.001  13.100  8.09205E-01  8.02386E-01  8.46884E-03
    7204.152    645.001  13.150  8.08019E-01  8.00974E-01  8.76454E-03
    7209.172    650.021  13.200  8.05531E-01  7.99562E-01  7.43973E-03
    7214.211    655.060  13.250  8.01854E-01  7.98151E-01  4.62475E-03
    7219.268    660.117  13.300  7.97378E-01  7.96739E-01  7.99336E-04
    7224.345    665.194  13.350  7.92684E-01  7.95327E-01 -3.31161E-03
    7229.441    670.290  13.400  7.88413E-01  7.93915E-01 -6.90716E-03
    7234.556    675.405  13.450  7.85108E-01  7.92503E-01 -9.30063E-03
    7239.690    680.539  13.500  7.83090E-01  7.91091E-01 -1.00811E-02
    7244.843    685.692  13.550  7.82387E-01  7.89679E-01 -9.20426E-03
    7250.015    690.864  13.600  7.82741E-01  7.88268E-01 -6.98840E-03
    7255.206    696.055  13.650  7.83682E-01  7.86856E-01 -4.02004E-03
    7260.416    701.265  13.700  7.84660E-01  7.85444E-01 -9.94582E-04
    7265.645    706.494  13.750  7.85182E-01  7.84032E-01  1.46266E-03
    7270.894    711.743  13.800  7.84934E-01  7.82620E-01  2.94708E-03
    7276.161    717.010  13.850  7.83840E-01  7.81208E-01  3.35778E-03
    7281.447    722.296  13.900  7.82060E-01  7.79796E-01  2.89350E-03
    7286.753    727.602  13.950  7.79921E-01  7.78385E-01  1.96724E-03
    7292.077    732.926  14.000  7.77804E-01  7.76973E-01  1.06703E-03
    7297.421    738.270  14.050  7.75964E-01  7.75478E-01  6.25755E-04
    7302.783    743.632  14.100  7.74627E-01  7.73982E-01  8.29684E-04
    7308.165    749.014  14.150  7.73767E-01  7.72487E-01  1.65103E-03
    7313.566    754.414  14.200  7.73181E-01  7.70992E-01  2.83128E-03
    7318.985    759.834  14.250  7.72558E-01  7.69497E-01  3.96653E-03
    7324.424    765.273  14.300  7.71571E-01  7.68002E-01  4.63423E-03
    7329.882    770.731  14.350  7.69984E-01  7.66507E-01  4.52337E-03
    7335.359    776.207  14.400  7.67719E-01  7.65012E-01  3.52985E-03
    7340.855    781.703  14.450  7.64887E-01  7.63517E-01  1.79037E-03
    7346.370    787.218  14.500  7.61752E-01  7.62022E-01 -3.53507E-04
    7351.904    792.752  14.550  7.58659E-01  7.60527E-01 -2.44915E-03
    7357.457    798.305  14.600  7.55946E-01  7.59032E-01 -4.05601E-03
    7363.029    803.878  14.650  7.53844E-01  7.57536E-01 -4.86250E-03
    7368.620    809.469  14.700  7.52432E-01  7.56041E-01 -4.76368E-03
    7374.230    815.079  14.750  7.51613E-01  7.54546E-01 -3.87934E-03
    7379.859    820.708  14.800  7.51157E-01  7.53051E-01 -2.50982E-03
    7385.508    826.356  14.850  7.50769E-01  7.51556E-01 -1.04474E-03
    7391.175    832.024  14.900  7.50172E-01  7.50061E-01  1.47441E-04
    7396.861    837.710  14.950  7.49179E-01  7.48566E-01  8.17025E-04
    7402.567    843.416  15.000  7.47738E-01  7.47071E-01  8.91011E-04
