# # Once                                                         FEFF 9.6.4  
# # POT  SCF 100  5.5000   0, core-hole, AFOLP (folp(0)= 1.150)
# # Abs   Z=26 Rmt= 1.314 Rnm= 1.359 K  shell
# # Pot 1 Z=57 Rmt= 1.829 Rnm= 1.829
# # Pot 2 Z=14 Rmt= 1.358 Rnm= 1.411
# # Pot 3 Z=26 Rmt= 1.368 Rnm= 1.423
# # Gam_ch=1.309E+00 H-L exch Vi= 0.000E+00 Vr= 0.000E+00
# # Mu=-1.684E+01 kf=2.090E+00 Vint=-2.546E+01 Rs_int= 1.735
# # PATH  Rmax= 5.500,  Keep_limit= 0.00, Heap_limit 0.00  Pwcrit= 2.50%
#  S02=1.000  Temp=   0.00  Debye_temp=   0.00  Global_sig2= 0.00000
#  Energy zero shift, vr, vi    0.00000E+00   0.00000E+00
#  Curved wave amplitude ratio filter   4.000%
#     file         sig2 tot  cw amp ratio   deg  nlegs   reff  inp sig2
#           1       0.00000    100.00      3.00     2   2.4720
#           2       0.00000    287.20      9.00     2   2.4720
#           3       0.00000     28.95     24.00     3   3.7489
#           4       0.00000     32.06     24.00     3   3.7489
#           5       0.00000      5.92      6.00     3   3.8695
#           6       0.00000      5.44      6.00     3   3.8695
#           7       0.00000    139.80     12.00     2   3.9444
#           8       0.00000     14.71      6.00     3   4.3978
#           9       0.00000     29.75     18.00     3   4.3978
#          10       0.00000     21.39     12.00     3   4.4954
#          11       0.00000     47.08     36.00     3   4.4954
#          12       0.00000      4.73      6.00     3   4.5110
#          13       0.00000      6.22      6.00     3   4.5110
#          14       0.00000      5.91      6.00     3   4.5886
#          15       0.00000     11.19     12.00     3   4.5886
#          16       0.00000     33.81     30.00     3   4.5886
#          17       0.00000     85.98     12.00     2   4.7861
#          18       0.00000     50.89      6.00     3   4.8186
#          19       0.00000    100.50     18.00     3   4.8186
#          20       0.00000     28.51      3.00     4   4.8511
#          22       0.00000     42.37      9.00     4   4.8511
#          23       0.00000     16.19      6.00     3   4.9440
#          24       0.00000     23.07      6.00     3   4.9439
#          25       0.00000     15.41      6.00     4   4.9440
#          26       0.00000     20.80      6.00     4   4.9440
#          27       0.00000      4.22      3.00     4   4.9439
#          29       0.00000     17.75      9.00     4   4.9440
#          30       0.00000     13.45     30.00     4   4.9440
#          31       0.00000      9.65     24.00     4   4.9440
#          32       0.00000     13.21     24.00     4   4.9439
#          33       0.00000     84.71      8.00     2   4.9602
#          34       0.00000      8.50     12.00     4   5.0258
#          35       0.00000      6.02     12.00     4   5.0258
#          36       0.00000     16.12     24.00     4   5.0258
#          37       0.00000      4.05      6.00     4   5.0463
#          38       0.00000      4.57     18.00     4   5.0463
#          39       0.00000      4.01     12.00     3   5.3155
#          40       0.00000      9.12     36.00     3   5.3155
#          41       0.00000      7.13     12.00     3   5.3420
#          42       0.00000     29.44     12.00     3   5.3768
#          43       0.00000     50.16     36.00     3   5.3768
#    41/  43 paths used
#  xsedge+50, used to normalize mu           3.1403E-04
#  -----------------------------------------------------------------------
#  omega    e    k    mu    mu0     chi     @#
    7120.905    -16.826   0.050  3.68620E-01  3.61148E-01  1.16594E-02
    7120.934    -16.797   0.100  3.55885E-01  3.67566E-01 -1.81958E-02
    7120.982    -16.749   0.150  3.21388E-01  3.86469E-01 -1.00864E-01
    7121.048    -16.683   0.200  2.90113E-01  4.05372E-01 -1.77727E-01
    7121.134    -16.597   0.250  2.46133E-01  4.34110E-01 -2.87479E-01
    7121.239    -16.492   0.300  2.10919E-01  4.62847E-01 -3.82147E-01
    7121.363    -16.368   0.350  1.70656E-01  4.94639E-01 -4.86057E-01
    7121.505    -16.226   0.400  1.45305E-01  5.26431E-01 -5.65585E-01
    7121.667    -16.064   0.450  1.19684E-01  5.55122E-01 -6.37639E-01
    7121.848    -15.883   0.500  1.13021E-01  5.83813E-01 -6.80415E-01
    7122.048    -15.683   0.550  1.09078E-01  6.07890E-01 -7.10158E-01
    7122.267    -15.464   0.600  1.24605E-01  6.31967E-01 -7.11715E-01
    7122.506    -15.225   0.650  1.43886E-01  6.52517E-01 -7.02049E-01
    7122.763    -14.968   0.700  1.79938E-01  6.73068E-01 -6.69905E-01
    7123.039    -14.692   0.750  2.20210E-01  6.91321E-01 -6.29361E-01
    7123.334    -14.397   0.800  2.73281E-01  7.09573E-01 -5.73322E-01
    7123.649    -14.082   0.850  3.35463E-01  7.26296E-01 -5.05048E-01
    7123.982    -13.749   0.900  4.03405E-01  7.43019E-01 -4.31684E-01
    7124.334    -13.397   0.950  4.62885E-01  7.58576E-01 -3.69784E-01
    7124.706    -13.025   1.000  5.06369E-01  7.74134E-01 -3.29538E-01
    7125.096    -12.635   1.050  5.35509E-01  7.88609E-01 -3.06730E-01
    7125.506    -12.225   1.100  5.51481E-01  8.03085E-01 -3.00327E-01
    7125.934    -11.796   1.150  5.62686E-01  8.16438E-01 -2.98629E-01
    7126.382    -11.349   1.200  5.67885E-01  8.29791E-01 -3.03947E-01
    7126.849    -10.882   1.250  5.73334E-01  8.41943E-01 -3.07779E-01
    7127.335    -10.396   1.300  5.80578E-01  8.54094E-01 -3.09484E-01
    7127.839     -9.892   1.350  5.93156E-01  8.64923E-01 -3.04097E-01
    7128.363     -9.368   1.400  6.12653E-01  8.75752E-01 -2.91170E-01
    7128.906     -8.825   1.450  6.38174E-01  8.85185E-01 -2.70794E-01
    7129.468     -8.263   1.500  6.70502E-01  8.94618E-01 -2.43404E-01
    7130.049     -7.682   1.550  7.05209E-01  9.02623E-01 -2.12746E-01
    7130.649     -7.082   1.600  7.43429E-01  9.10628E-01 -1.78800E-01
    7131.268     -6.463   1.650  7.79932E-01  9.17210E-01 -1.45909E-01
    7131.907     -5.824   1.700  8.17360E-01  9.23791E-01 -1.12438E-01
    7132.564     -5.167   1.750  8.51908E-01  9.28992E-01 -8.10617E-02
    7133.240     -4.491   1.800  8.86753E-01  9.34192E-01 -4.96604E-02
    7133.935     -3.796   1.850  9.21081E-01  9.38088E-01 -1.77474E-02
    7134.650     -3.081   1.900  9.55540E-01  9.41985E-01  1.41012E-02
    7135.383     -2.348   1.950  9.92091E-01  9.44625E-01  4.92847E-02
    7136.136     -1.595   2.000  1.02661E+00  9.47265E-01  8.22250E-02
    7136.907     -0.824   2.050  1.06272E+00  9.48516E-01  1.18313E-01
    7137.698     -0.033   2.100  1.09155E+00  9.49766E-01  1.46841E-01
    7138.507      0.776   2.150  1.11111E+00  9.51017E-01  1.65739E-01
    7139.336      1.605   2.200  1.12027E+00  9.52268E-01  1.73869E-01
    7140.184      2.453   2.250  1.11623E+00  9.51743E-01  1.70524E-01
    7141.051      3.320   2.300  1.09849E+00  9.51219E-01  1.52947E-01
    7141.936      4.205   2.350  1.07216E+00  9.50695E-01  1.26363E-01
    7142.841      5.110   2.400  1.04312E+00  9.50170E-01  9.68626E-02
    7143.765      6.034   2.450  1.01527E+00  9.51840E-01  6.62376E-02
    7144.708      6.977   2.500  9.93902E-01  9.53509E-01  4.22689E-02
    7145.670      7.939   2.550  9.81991E-01  9.55179E-01  2.81168E-02
    7146.651      8.920   2.600  9.78896E-01  9.56848E-01  2.31685E-02
    7147.651      9.920   2.650  9.73656E-01  9.58748E-01  1.56478E-02
    7148.671     10.940   2.700  9.74689E-01  9.60649E-01  1.47209E-02
    7149.709     11.978   2.750  9.80121E-01  9.62549E-01  1.84042E-02
    7150.766     13.035   2.800  9.86634E-01  9.64449E-01  2.32092E-02
    7151.842     14.111   2.850  9.90026E-01  9.66082E-01  2.49874E-02
    7152.938     15.207   2.900  9.91585E-01  9.67715E-01  2.48491E-02
    7154.052     16.321   2.950  9.90004E-01  9.69348E-01  2.14509E-02
    7155.186     17.455   3.000  9.84740E-01  9.70980E-01  1.42544E-02
    7156.338     18.607   3.050  9.74076E-01  9.72578E-01  1.54679E-03
    7157.510     19.779   3.100  9.61377E-01  9.74176E-01 -1.31839E-02
    7158.700     20.969   3.150  9.48847E-01  9.75775E-01 -2.76562E-02
    7159.910     22.179   3.200  9.38741E-01  9.77373E-01 -3.95644E-02
    7161.139     23.408   3.250  9.31345E-01  9.78734E-01 -4.83880E-02
    7162.387     24.656   3.300  9.30447E-01  9.80095E-01 -5.05449E-02
    7163.653     25.922   3.350  9.37256E-01  9.81456E-01 -4.48650E-02
    7164.939     27.208   3.400  9.51797E-01  9.82818E-01 -3.13939E-02
    7166.244     28.513   3.450  9.71747E-01  9.84481E-01 -1.28522E-02
    7167.568     29.837   3.500  9.96409E-01  9.86144E-01  1.03333E-02
    7168.911     31.180   3.550  1.02296E+00  9.87807E-01  3.52928E-02
    7170.273     32.542   3.600  1.04805E+00  9.89470E-01  5.86483E-02
    7171.654     33.923   3.650  1.06767E+00  9.90869E-01  7.66868E-02
    7173.054     35.323   3.700  1.07945E+00  9.92268E-01  8.68074E-02
    7174.474     36.743   3.750  1.08164E+00  9.93667E-01  8.73477E-02
    7175.912     38.181   3.800  1.07361E+00  9.95065E-01  7.77793E-02
    7177.369     39.638   3.850  1.05494E+00  9.96796E-01  5.74274E-02
    7178.846     41.115   3.900  1.02805E+00  9.98526E-01  2.90841E-02
    7180.341     42.610   3.950  9.96031E-01  1.00026E+00 -4.15203E-03
    7181.856     44.125   4.000  9.62700E-01  1.00199E+00 -3.85033E-02
    7183.389     45.658   4.050  9.32109E-01  1.00354E+00 -6.98403E-02
    7184.942     47.211   4.100  9.08575E-01  1.00509E+00 -9.41463E-02
    7186.513     48.782   4.150  8.94794E-01  1.00664E+00 -1.08847E-01
    7188.104     50.373   4.200  8.92031E-01  1.00820E+00 -1.12782E-01
    7189.714     51.983   4.250  9.00907E-01  1.00955E+00 -1.05270E-01
    7191.342     53.611   4.300  9.18753E-01  1.01089E+00 -8.91124E-02
    7192.990     55.259   4.350  9.42404E-01  1.01224E+00 -6.74130E-02
    7194.657     56.926   4.400  9.68181E-01  1.01359E+00 -4.37486E-02
    7196.343     58.612   4.450  9.93003E-01  1.01474E+00 -2.09163E-02
    7198.048     60.317   4.500  1.01317E+00  1.01589E+00 -2.61049E-03
    7199.772     62.041   4.550  1.02705E+00  1.01704E+00  9.60781E-03
    7201.515     63.784   4.600  1.03444E+00  1.01819E+00  1.55761E-02
    7203.277     65.546   4.650  1.03578E+00  1.01879E+00  1.62712E-02
    7205.058     67.327   4.700  1.03374E+00  1.01939E+00  1.37379E-02
    7206.859     69.128   4.750  1.03104E+00  1.01998E+00  1.05730E-02
    7208.678     70.947   4.800  1.03027E+00  1.02058E+00  9.26416E-03
    7210.516     72.785   4.850  1.03262E+00  1.02072E+00  1.13807E-02
    7212.374     74.643   4.900  1.03975E+00  1.02086E+00  1.80667E-02
    7214.250     76.519   4.950  1.05148E+00  1.02100E+00  2.91488E-02
    7216.145     78.414   5.000  1.06649E+00  1.02114E+00  4.33846E-02
    7218.060     80.329   5.050  1.08190E+00  1.02075E+00  5.85365E-02
    7219.993     82.262   5.100  1.09607E+00  1.02036E+00  7.25284E-02
    7221.946     84.215   5.150  1.10659E+00  1.01997E+00  8.30323E-02
    7223.918     86.187   5.200  1.11152E+00  1.01958E+00  8.81950E-02
    7225.908     88.177   5.250  1.10912E+00  1.01873E+00  8.68242E-02
    7227.918     90.187   5.300  1.09997E+00  1.01789E+00  7.89597E-02
    7229.947     92.216   5.350  1.08485E+00  1.01704E+00  6.53151E-02
    7231.995     94.264   5.400  1.06521E+00  1.01619E+00  4.72840E-02
    7234.062     96.331   5.450  1.04256E+00  1.01499E+00  2.66390E-02
    7236.148     98.417   5.500  1.01919E+00  1.01378E+00  5.23552E-03
    7238.253    100.522   5.550  9.96658E-01  1.01258E+00 -1.54337E-02
    7240.377    102.646   5.600  9.76001E-01  1.01137E+00 -3.43521E-02
    7242.520    104.789   5.650  9.57663E-01  1.00992E+00 -5.08466E-02
    7244.682    106.951   5.700  9.41678E-01  1.00847E+00 -6.51094E-02
    7246.863    109.132   5.750  9.27740E-01  1.00702E+00 -7.74271E-02
    7249.064    111.333   5.800  9.15553E-01  1.00557E+00 -8.80777E-02
    7251.283    113.552   5.850  9.05241E-01  1.00409E+00 -9.69118E-02
    7253.521    115.790   5.900  8.97048E-01  1.00262E+00 -1.03699E-01
    7255.779    118.048   5.950  8.91846E-01  1.00114E+00 -1.07569E-01
    7258.055    120.324   6.000  8.90848E-01  9.99664E-01 -1.07307E-01
    7260.351    122.620   6.050  8.95739E-01  9.98367E-01 -1.01370E-01
    7262.665    124.934   6.100  9.07361E-01  9.97070E-01 -8.87539E-02
    7264.999    127.268   6.150  9.26245E-01  9.95773E-01 -6.88995E-02
    7267.352    129.621   6.200  9.52025E-01  9.94476E-01 -4.21361E-02
    7269.723    131.992   6.250  9.83308E-01  9.93179E-01 -9.81390E-03
    7272.114    134.383   6.300  1.01774E+00  9.91882E-01  2.57503E-02
    7274.524    136.793   6.350  1.05225E+00  9.90585E-01  6.15116E-02
    7276.953    139.222   6.400  1.08345E+00  9.89289E-01  9.40827E-02
    7279.401    141.670   6.450  1.10810E+00  9.87992E-01  1.20203E-01
    7281.868    144.137   6.500  1.12357E+00  9.86695E-01  1.37208E-01
    7284.354    146.623   6.550  1.12846E+00  9.85878E-01  1.43076E-01
    7286.859    149.128   6.600  1.12195E+00  9.85061E-01  1.37499E-01
    7289.383    151.652   6.650  1.10498E+00  9.84244E-01  1.21401E-01
    7291.926    154.195   6.700  1.07971E+00  9.83427E-01  9.69139E-02
    7294.488    156.757   6.750  1.04915E+00  9.82610E-01  6.70465E-02
    7297.069    159.338   6.800  1.01671E+00  9.81792E-01  3.52231E-02
    7299.670    161.939   6.850  9.85709E-01  9.80975E-01  4.77948E-03
    7302.289    164.558   6.900  9.58882E-01  9.80158E-01 -2.15038E-02
    7304.928    167.197   6.950  9.38077E-01  9.79341E-01 -4.17493E-02
    7307.585    169.854   7.000  9.24063E-01  9.78524E-01 -5.51580E-02
    7310.262    172.531   7.050  9.16780E-01  9.77947E-01 -6.20013E-02
    7312.957    175.226   7.100  9.15067E-01  9.77369E-01 -6.32060E-02
    7315.672    177.941   7.150  9.17188E-01  9.76791E-01 -6.05194E-02
    7318.405    180.674   7.200  9.21198E-01  9.76213E-01 -5.59088E-02
    7321.158    183.427   7.250  9.25334E-01  9.75635E-01 -5.11616E-02
    7323.930    186.199   7.300  9.28341E-01  9.75058E-01 -4.75566E-02
    7326.721    188.990   7.350  9.29659E-01  9.74480E-01 -4.56651E-02
    7329.531    191.800   7.400  9.29467E-01  9.73902E-01 -4.53114E-02
    7332.359    194.628   7.450  9.28555E-01  9.73324E-01 -4.56904E-02
    7335.207    197.476   7.500  9.28096E-01  9.72747E-01 -4.56087E-02
    7338.074    200.343   7.550  9.29109E-01  9.71940E-01 -4.38052E-02
    7340.960    203.229   7.600  9.32852E-01  9.71133E-01 -3.92006E-02
    7343.866    206.135   7.650  9.39926E-01  9.70326E-01 -3.11702E-02
    7346.790    209.059   7.700  9.50353E-01  9.69519E-01 -1.96762E-02
    7349.733    212.002   7.750  9.63572E-01  9.68712E-01 -5.28350E-03
    7352.695    214.964   7.800  9.78536E-01  9.67905E-01  1.09417E-02
    7355.677    217.946   7.850  9.93903E-01  9.67098E-01  2.76228E-02
    7358.677    220.946   7.900  1.00826E+00  9.66292E-01  4.33073E-02
    7361.696    223.965   7.950  1.02036E+00  9.65485E-01  5.66937E-02
    7364.735    227.004   8.000  1.02926E+00  9.64678E-01  6.68038E-02
    7367.792    230.061   8.050  1.03397E+00  9.63527E-01  7.29781E-02
    7370.869    233.138   8.100  1.03479E+00  9.62376E-01  7.51274E-02
    7373.964    236.233   8.150  1.03191E+00  9.61225E-01  7.34417E-02
    7377.079    239.348   8.200  1.02571E+00  9.60074E-01  6.83016E-02
    7380.213    242.482   8.250  1.01664E+00  9.58923E-01  6.01461E-02
    7383.366    245.635   8.300  1.00508E+00  9.57772E-01  4.93765E-02
    7386.537    248.806   8.350  9.91372E-01  9.56621E-01  3.63226E-02
    7389.728    251.997   8.400  9.75795E-01  9.55470E-01  2.12756E-02
    7392.938    255.207   8.450  9.58687E-01  9.54319E-01  4.57901E-03
    7396.167    258.436   8.500  9.40541E-01  9.53168E-01 -1.32577E-02
    7399.415    261.684   8.550  9.21934E-01  9.51836E-01 -3.14378E-02
    7402.682    264.951   8.600  9.04028E-01  9.50504E-01 -4.89301E-02
    7405.968    268.237   8.650  8.88109E-01  9.49172E-01 -6.43758E-02
    7409.273    271.542   8.700  8.75596E-01  9.47839E-01 -7.62683E-02
    7412.598    274.867   8.750  8.67836E-01  9.46507E-01 -8.31692E-02
    7415.941    278.210   8.800  8.65858E-01  9.45175E-01 -8.39686E-02
    7419.303    281.572   8.850  8.70137E-01  9.43842E-01 -7.81362E-02
    7422.685    284.954   8.900  8.80429E-01  9.42510E-01 -6.59052E-02
    7426.085    288.354   8.950  8.95706E-01  9.41178E-01 -4.83396E-02
    7429.505    291.774   9.000  9.14241E-01  9.39845E-01 -2.72576E-02
    7432.943    295.212   9.050  9.33923E-01  9.38692E-01 -5.08216E-03
    7436.401    298.670   9.100  9.52326E-01  9.37539E-01  1.57765E-02
    7439.877    302.146   9.150  9.67271E-01  9.36385E-01  3.29896E-02
    7443.373    305.642   9.200  9.77129E-01  9.35232E-01  4.48011E-02
    7446.888    309.157   9.250  9.81081E-01  9.34079E-01  5.03157E-02
    7450.421    312.690   9.300  9.79245E-01  9.32925E-01  4.96404E-02
    7453.974    316.243   9.350  9.72640E-01  9.31772E-01  4.38471E-02
    7457.546    319.815   9.400  9.62980E-01  9.30618E-01  3.47594E-02
    7461.137    323.406   9.450  9.52343E-01  9.29465E-01  2.46006E-02
    7464.747    327.016   9.500  9.42775E-01  9.28312E-01  1.55695E-02
    7468.376    330.645   9.550  9.36181E-01  9.27330E-01  9.53595E-03
    7472.024    334.293   9.600  9.33156E-01  9.26349E-01  7.34127E-03
    7475.691    337.960   9.650  9.33713E-01  9.25368E-01  9.00806E-03
    7479.377    341.646   9.700  9.37008E-01  9.24386E-01  1.36368E-02
    7483.082    345.351   9.750  9.41538E-01  9.23405E-01  1.96087E-02
    7486.807    349.076   9.800  9.45456E-01  9.22424E-01  2.49297E-02
    7490.550    352.819   9.850  9.46963E-01  9.21442E-01  2.76485E-02
    7494.312    356.581   9.900  9.44681E-01  9.20461E-01  2.62637E-02
    7498.094    360.363   9.950  9.37945E-01  9.19479E-01  2.00415E-02
    7501.894    364.163  10.000  9.26950E-01  9.18498E-01  9.18144E-03
    7505.714    367.983  10.050  9.12594E-01  9.17393E-01 -5.21944E-03
    7509.552    371.821  10.100  8.96707E-01  9.16288E-01 -2.13188E-02
    7513.410    375.679  10.150  8.81317E-01  9.15182E-01 -3.69138E-02
    7517.287    379.556  10.200  8.68440E-01  9.14077E-01 -4.98023E-02
    7521.182    383.451  10.250  8.59734E-01  9.12972E-01 -5.81627E-02
    7525.097    387.366  10.300  8.56227E-01  9.11866E-01 -6.08554E-02
    7529.031    391.300  10.350  8.58167E-01  9.10761E-01 -5.75906E-02
    7532.984    395.253  10.400  8.65014E-01  9.09656E-01 -4.89389E-02
    7536.956    399.225  10.450  8.75576E-01  9.08551E-01 -3.61891E-02
    7540.947    403.216  10.500  8.88250E-01  9.07445E-01 -2.10909E-02
    7544.957    407.226  10.550  9.01308E-01  9.06340E-01 -5.53525E-03
    7548.986    411.255  10.600  9.13189E-01  9.05235E-01  8.76008E-03
    7553.034    415.303  10.650  9.22725E-01  9.04129E-01  2.05022E-02
    7557.101    419.370  10.700  9.29269E-01  9.03024E-01  2.89690E-02
    7561.187    423.456  10.750  9.32714E-01  9.01919E-01  3.40311E-02
    7565.292    427.561  10.800  9.33405E-01  9.00813E-01  3.60577E-02
    7569.417    431.686  10.850  9.31975E-01  8.99708E-01  3.57396E-02
    7573.560    435.829  10.900  9.29151E-01  8.98603E-01  3.38747E-02
    7577.722    439.991  10.950  9.25571E-01  8.97498E-01  3.11672E-02
    7581.904    444.173  11.000  9.21660E-01  8.96392E-01  2.80849E-02
    7586.104    448.373  11.050  9.17349E-01  8.94994E-01  2.48872E-02
    7590.324    452.593  11.100  9.12649E-01  8.93595E-01  2.12461E-02
    7594.563    456.832  11.150  9.07364E-01  8.92196E-01  1.69396E-02
    7598.820    461.089  11.200  9.01314E-01  8.90797E-01  1.17639E-02
    7603.097    465.366  11.250  8.94453E-01  8.89398E-01  5.66256E-03
    7607.393    469.662  11.300  8.86942E-01  8.87999E-01 -1.18676E-03
    7611.707    473.976  11.350  8.79171E-01  8.86601E-01 -8.35068E-03
    7616.041    478.310  11.400  8.71707E-01  8.85202E-01 -1.51912E-02
    7620.394    482.663  11.450  8.65197E-01  8.83803E-01 -2.09780E-02
    7624.766    487.035  11.500  8.60234E-01  8.82404E-01 -2.50372E-02
    7629.157    491.426  11.550  8.57225E-01  8.81005E-01 -2.68992E-02
    7633.567    495.836  11.600  8.56294E-01  8.79606E-01 -2.64123E-02
    7637.996    500.265  11.650  8.57241E-01  8.78208E-01 -2.37922E-02
    7642.445    504.714  11.700  8.59570E-01  8.76809E-01 -1.95937E-02
    7646.912    509.181  11.750  8.62579E-01  8.75410E-01 -1.46079E-02
    7651.398    513.667  11.800  8.65500E-01  8.74011E-01 -9.70516E-03
    7655.903    518.172  11.850  8.67659E-01  8.72612E-01 -5.65736E-03
    7660.428    522.697  11.900  8.68611E-01  8.71213E-01 -2.97704E-03
    7664.971    527.240  11.950  8.68235E-01  8.69815E-01 -1.81031E-03
    7669.534    531.803  12.000  8.66754E-01  8.68416E-01 -1.90778E-03
    7674.115    536.384  12.050  8.64811E-01  8.67124E-01 -2.65818E-03
    7678.716    540.985  12.100  8.62965E-01  8.65832E-01 -3.30016E-03
    7683.335    545.604  12.150  8.61923E-01  8.64541E-01 -3.01791E-03
    7687.974    550.243  12.200  8.62247E-01  8.63249E-01 -1.15699E-03
    7692.632    554.901  12.250  8.64212E-01  8.61957E-01  2.60699E-03
    7697.308    559.577  12.300  8.67714E-01  8.60665E-01  8.16184E-03
    7702.004    564.273  12.350  8.72257E-01  8.59374E-01  1.49395E-02
    7706.719    568.988  12.400  8.77019E-01  8.58082E-01  2.19913E-02
    7711.453    573.722  12.450  8.80992E-01  8.56790E-01  2.81472E-02
    7716.206    578.475  12.500  8.83168E-01  8.55498E-01  3.22283E-02
    7720.978    583.247  12.550  8.82732E-01  8.54207E-01  3.32743E-02
    7725.769    588.038  12.600  8.79228E-01  8.52915E-01  3.07388E-02
    7730.579    592.848  12.650  8.72663E-01  8.51623E-01  2.46158E-02
    7735.408    597.677  12.700  8.63533E-01  8.50331E-01  1.54686E-02
    7740.256    602.525  12.750  8.52751E-01  8.49040E-01  4.35554E-03
    7745.124    607.393  12.800  8.41505E-01  8.47748E-01 -7.33642E-03
    7750.010    612.279  12.850  8.31061E-01  8.46456E-01 -1.81191E-02
    7754.915    617.184  12.900  8.22555E-01  8.45164E-01 -2.66491E-02
    7759.840    622.109  12.950  8.16810E-01  8.43873E-01 -3.19462E-02
    7764.783    627.052  13.000  8.14207E-01  8.42581E-01 -3.35446E-02
    7769.746    632.015  13.050  8.14373E-01  8.41163E-01 -3.17253E-02
    7774.727    636.996  13.100  8.17067E-01  8.39744E-01 -2.69021E-02
    7779.728    641.997  13.150  8.21474E-01  8.38326E-01 -2.00259E-02
    7784.747    647.016  13.200  8.26612E-01  8.36907E-01 -1.22554E-02
    7789.786    652.055  13.250  8.31508E-01  8.35489E-01 -4.74648E-03
    7794.844    657.113  13.300  8.35364E-01  8.34070E-01  1.54458E-03
    7799.921    662.190  13.350  8.37673E-01  8.32652E-01  6.00802E-03
    7805.017    667.286  13.400  8.38284E-01  8.31234E-01  8.45145E-03
    7810.131    672.400  13.450  8.37382E-01  8.29815E-01  9.08547E-03
    7815.265    677.534  13.500  8.35407E-01  8.28397E-01  8.43177E-03
    7820.418    682.687  13.550  8.32935E-01  8.26978E-01  7.17715E-03
    7825.590    687.859  13.600  8.30536E-01  8.25560E-01  6.00672E-03
    7830.782    693.051  13.650  8.28651E-01  8.24142E-01  5.45232E-03
    7835.992    698.261  13.700  8.27501E-01  8.22723E-01  5.78701E-03
    7841.221    703.490  13.750  8.27061E-01  8.21305E-01  6.98520E-03
    7846.469    708.738  13.800  8.27087E-01  8.19886E-01  8.75276E-03
    7851.736    714.005  13.850  8.27186E-01  8.18468E-01  1.06157E-02
    7857.023    719.292  13.900  8.26923E-01  8.17050E-01  1.20440E-02
    7862.328    724.597  13.950  8.25926E-01  8.15631E-01  1.25807E-02
    7867.653    729.922  14.000  8.23971E-01  8.14213E-01  1.19459E-02
    7872.996    735.265  14.050  8.20920E-01  8.12727E-01  1.00481E-02
    7878.359    740.628  14.100  8.17084E-01  8.11242E-01  7.17932E-03
    7883.740    746.009  14.150  8.12779E-01  8.09756E-01  3.72112E-03
    7889.141    751.410  14.200  8.08359E-01  8.08270E-01  1.09034E-04
    7894.561    756.830  14.250  8.04141E-01  8.06785E-01 -3.26736E-03
    7899.999    762.268  14.300  8.00338E-01  8.05299E-01 -6.14166E-03
    7905.457    767.726  14.350  7.97036E-01  8.03814E-01 -8.40662E-03
    7910.934    773.203  14.400  7.94199E-01  8.02328E-01 -1.01028E-02
    7916.430    778.699  14.450  7.91714E-01  8.00843E-01 -1.13657E-02
    7921.945    784.214  14.500  7.89457E-01  7.99357E-01 -1.23495E-02
    7927.479    789.748  14.550  7.87350E-01  7.97871E-01 -1.31492E-02
    7933.032    795.301  14.600  7.85409E-01  7.96386E-01 -1.37445E-02
    7938.604    800.873  14.650  7.83754E-01  7.94900E-01 -1.39838E-02
    7944.195    806.464  14.700  7.82585E-01  7.93415E-01 -1.36128E-02
    7949.805    812.074  14.750  7.82129E-01  7.91929E-01 -1.23424E-02
    7955.435    817.704  14.800  7.82565E-01  7.90444E-01 -9.94099E-03
    7961.083    823.352  14.850  7.83955E-01  7.88958E-01 -6.32459E-03
    7966.750    829.019  14.900  7.86191E-01  7.87472E-01 -1.62273E-03
    7972.437    834.706  14.950  7.88982E-01  7.85987E-01  3.80065E-03
    7978.142    840.411  15.000  7.91878E-01  7.84501E-01  9.38001E-03
    7983.867    846.136  15.050  7.94504E-01  7.83061E-01  1.45769E-02
    7989.610    851.879  15.100  7.96244E-01  7.81621E-01  1.86635E-02
    7995.373    857.642  15.150  7.96574E-01  7.80181E-01  2.09617E-02
    8001.155    863.424  15.200  7.95152E-01  7.78741E-01  2.10243E-02
    8006.955    869.224  15.250  7.91910E-01  7.77300E-01  1.87519E-02
    8012.775    875.044  15.300  7.87091E-01  7.75860E-01  1.44418E-02
    8018.614    880.883  15.350  7.81213E-01  7.74420E-01  8.75140E-03
    8024.472    886.741  15.400  7.74979E-01  7.72980E-01  2.57992E-03
    8030.349    892.618  15.450  7.69138E-01  7.71540E-01 -3.10651E-03
    8036.244    898.513  15.500  7.64335E-01  7.70100E-01 -7.46935E-03
    8042.159    904.428  15.550  7.60982E-01  7.68659E-01 -9.96644E-03
    8048.094    910.363  15.600  7.59180E-01  7.67219E-01 -1.04561E-02
    8054.047    916.316  15.650  7.58710E-01  7.65779E-01 -9.21167E-03
    8060.019    922.288  15.700  7.59097E-01  7.64339E-01 -6.84384E-03
    8066.010    928.279  15.750  7.59728E-01  7.62899E-01 -4.14760E-03
    8072.020    934.289  15.800  7.60000E-01  7.61459E-01 -1.91167E-03
    8078.050    940.319  15.850  7.59459E-01  7.60018E-01 -7.34810E-04
    8084.098    946.367  15.900  7.57900E-01  7.58578E-01 -8.92381E-04
    8090.165    952.434  15.950  7.55405E-01  7.57138E-01 -2.28405E-03
    8096.252    958.521  16.000  7.52311E-01  7.55698E-01 -4.47325E-03
    8102.357    964.626  16.050  7.49047E-01  7.54160E-01 -6.76638E-03
    8108.482    970.751  16.100  7.46101E-01  7.52621E-01 -8.64724E-03
    8114.625    976.894  16.150  7.43918E-01  7.51083E-01 -9.52331E-03
    8120.788    983.057  16.200  7.42784E-01  7.49545E-01 -9.00408E-03
    8126.970    989.239  16.250  7.42766E-01  7.48006E-01 -6.99363E-03
    8133.170    995.439  16.300  7.43690E-01  7.46468E-01 -3.71517E-03
    8139.390   1001.659  16.350  7.45181E-01  7.44930E-01  3.37540E-04
    8145.629   1007.898  16.400  7.46749E-01  7.43391E-01  4.50970E-03
    8151.887   1014.156  16.450  7.47893E-01  7.41853E-01  8.12965E-03
    8158.164   1020.433  16.500  7.48212E-01  7.40315E-01  1.06536E-02
    8164.460   1026.729  16.550  7.47488E-01  7.38776E-01  1.17770E-02
    8170.775   1033.044  16.600  7.45718E-01  7.37238E-01  1.14875E-02
    8177.109   1039.378  16.650  7.43101E-01  7.35700E-01  1.00477E-02
    8183.462   1045.731  16.700  7.39979E-01  7.34161E-01  7.91499E-03
    8189.834   1052.103  16.750  7.36744E-01  7.32623E-01  5.61823E-03
    8196.226   1058.495  16.800  7.33736E-01  7.31085E-01  3.62296E-03
    8202.636   1064.905  16.850  7.31167E-01  7.29546E-01  2.21900E-03
    8209.065   1071.334  16.900  7.29070E-01  7.28008E-01  1.45744E-03
    8215.514   1077.783  16.950  7.27308E-01  7.26470E-01  1.15270E-03
    8221.981   1084.250  17.000  7.25619E-01  7.24931E-01  9.48304E-04
    8228.468   1090.737  17.050  7.23715E-01  7.23444E-01  3.74266E-04
    8234.973   1097.242  17.100  7.21333E-01  7.21956E-01 -8.63235E-04
    8241.498   1103.767  17.150  7.18383E-01  7.20469E-01 -2.89244E-03
    8248.042   1110.311  17.200  7.14961E-01  7.18981E-01 -5.58815E-03
    8254.604   1116.873  17.250  7.11338E-01  7.17493E-01 -8.57333E-03
    8261.186   1123.455  17.300  7.07920E-01  7.16006E-01 -1.12870E-02
    8267.787   1130.056  17.350  7.05150E-01  7.14518E-01 -1.31046E-02
    8274.407   1136.676  17.400  7.03411E-01  7.13031E-01 -1.34847E-02
    8281.045   1143.314  17.450  7.02924E-01  7.11543E-01 -1.21068E-02
    8287.703   1149.972  17.500  7.03685E-01  7.10056E-01 -8.96859E-03
    8294.380   1156.649  17.550  7.05437E-01  7.08568E-01 -4.41672E-03
    8301.076   1163.345  17.600  7.07716E-01  7.07080E-01  8.98174E-04
    8307.792   1170.061  17.650  7.09924E-01  7.05593E-01  6.13610E-03
    8314.526   1176.795  17.700  7.11450E-01  7.04105E-01  1.04290E-02
    8321.279   1183.548  17.750  7.11793E-01  7.02618E-01  1.30548E-02
    8328.051   1190.320  17.800  7.10659E-01  7.01130E-01  1.35877E-02
    8334.842   1197.111  17.850  7.08033E-01  6.99642E-01  1.19900E-02
    8341.653   1203.922  17.900  7.04179E-01  6.98155E-01  8.62681E-03
    8348.482   1210.751  17.950  6.99592E-01  6.96667E-01  4.19725E-03
    8355.331   1217.600  18.000  6.94899E-01  6.95180E-01 -4.03751E-04
    8362.198   1224.467  18.050  6.90718E-01  6.93672E-01 -4.25908E-03
    8369.085   1231.354  18.100  6.87581E-01  6.92165E-01 -6.62340E-03
    8375.990   1238.259  18.150  6.85772E-01  6.90658E-01 -7.07548E-03
    8382.915   1245.184  18.200  6.85293E-01  6.89151E-01 -5.59805E-03
    8389.859   1252.128  18.250  6.85871E-01  6.87644E-01 -2.57818E-03
    8396.821   1259.090  18.300  6.87010E-01  6.86137E-01  1.27385E-03
    8403.803   1266.072  18.350  6.88100E-01  6.84629E-01  5.07025E-03
    8410.804   1273.073  18.400  6.88536E-01  6.83122E-01  7.92666E-03
    8417.824   1280.093  18.450  6.87845E-01  6.81615E-01  9.14199E-03
    8424.863   1287.132  18.500  6.85779E-01  6.80108E-01  8.34168E-03
    8431.921   1294.190  18.550  6.82370E-01  6.78601E-01  5.55591E-03
    8438.998   1301.267  18.600  6.77918E-01  6.77093E-01  1.21785E-03
    8446.094   1308.363  18.650  6.72940E-01  6.75586E-01 -3.91783E-03
    8453.209   1315.478  18.700  6.68069E-01  6.74079E-01 -8.91957E-03
    8460.343   1322.612  18.750  6.63928E-01  6.72572E-01 -1.28582E-02
    8467.497   1329.766  18.800  6.61014E-01  6.71065E-01 -1.49855E-02
    8474.669   1336.938  18.850  6.59602E-01  6.69557E-01 -1.48768E-02
    8481.860   1344.129  18.900  6.59698E-01  6.68050E-01 -1.25102E-02
    8489.071   1351.340  18.950  6.61036E-01  6.66543E-01 -8.26702E-03
    8496.300   1358.569  19.000  6.63138E-01  6.65036E-01 -2.85557E-03
    8503.549   1365.818  19.050  6.65423E-01  6.63538E-01  2.84344E-03
    8510.816   1373.085  19.100  6.67271E-01  6.62040E-01  7.90698E-03
    8518.103   1380.372  19.150  6.68175E-01  6.60542E-01  1.15642E-02
    8525.408   1387.677  19.200  6.67817E-01  6.59044E-01  1.33227E-02
    8532.733   1395.002  19.250  6.66116E-01  6.57546E-01  1.30437E-02
    8540.077   1402.346  19.300  6.63224E-01  6.56048E-01  1.09479E-02
    8547.440   1409.709  19.350  6.59490E-01  6.54550E-01  7.55326E-03
    8554.821   1417.090  19.400  6.55376E-01  6.53052E-01  3.56153E-03
    8562.222   1424.491  19.450  6.51369E-01  6.51554E-01 -2.84425E-04
    8569.642   1431.911  19.500  6.47886E-01  6.50056E-01 -3.34126E-03
    8577.081   1439.350  19.550  6.45203E-01  6.48558E-01 -5.17813E-03
    8584.539   1446.808  19.600  6.43414E-01  6.47060E-01 -5.64129E-03
    8592.016   1454.285  19.650  6.42428E-01  6.45562E-01 -4.86079E-03
    8599.513   1461.782  19.700  6.42005E-01  6.44064E-01 -3.20158E-03
    8607.028   1469.297  19.750  6.41814E-01  6.42566E-01 -1.17190E-03
    8614.562   1476.831  19.800  6.41510E-01  6.41068E-01  6.90511E-04
    8622.115   1484.384  19.850  6.40804E-01  6.39570E-01  1.93069E-03
    8629.688   1491.957  19.900  6.39516E-01  6.38072E-01  2.26526E-03
    8637.279   1499.548  19.950  6.37612E-01  6.36574E-01  1.63163E-03
    8644.889   1507.158  20.000  6.35197E-01  6.35076E-01  1.90126E-04
