# # Once                                                         FEFF 9.6.4  
# # POT  SCF 100  5.0000   0, core-hole, AFOLP (folp(0)= 1.150)
# # Abs   Z=24 Rmt= 1.319 Rnm= 1.405 K  shell
# # Pot 1 Z=24 Rmt= 1.315 Rnm= 1.405
# # Pot 2 Z= 8 Rmt= 1.016 Rnm= 1.083
# # Gam_ch=1.087E+00 H-L exch Vi= 0.000E+00 Vr= 0.000E+00
# # Mu=-1.145E+01 kf=2.210E+00 Vint=-2.044E+01 Rs_int= 1.641
# # PATH  Rmax= 6.000,  Keep_limit= 0.00, Heap_limit 0.00  Pwcrit= 2.50%
#  S02=1.000  Temp=   0.00  Debye_temp=   0.00  Global_sig2= 0.00000
#  Energy zero shift, vr, vi    0.00000E+00   0.00000E+00
#  Curved wave amplitude ratio filter   4.000%
#     file         sig2 tot  cw amp ratio   deg  nlegs   reff  inp sig2
#           1       0.00000    100.00      2.00     2   1.9926
#           2       0.00000     93.73      2.00     2   2.0476
#           3       0.00000     91.71      2.00     2   2.0664
#           4       0.00000     35.32      2.00     2   3.0910
#           5       0.00000     69.61      4.00     2   3.1121
#           6       0.00000     15.09      4.00     3   3.3289
#           7       0.00000      6.69      2.00     3   3.3527
#           8       0.00000     14.72      4.00     3   3.3659
#           9       0.00000     14.20      4.00     3   3.3815
#          10       0.00000     24.55      2.00     2   3.5345
#          11       0.00000      8.35      4.00     3   3.5572
#          12       0.00000     15.03      4.00     3   3.5761
#          13       0.00000     15.29      4.00     3   3.5761
#          14       0.00000     14.12      4.00     3   3.5815
#          15       0.00000     13.71      4.00     3   3.5909
#          16       0.00000     25.18      2.00     2   3.6016
#          17       0.00000     13.35      4.00     3   3.6131
#          18       0.00000     13.42      4.00     3   3.6131
#          19       0.00000     49.78      4.00     2   3.6198
#          20       0.00000      8.99      4.00     3   3.6959
#          21       0.00000     21.15      2.00     2   3.7451
#          22       0.00000      4.92      2.00     3   3.7596
#          23       0.00000     19.77      4.00     3   3.8093
#          24       0.00000     18.85      4.00     3   3.8394
#          25       0.00000     19.01      4.00     3   3.8394
#          26       0.00000     19.70      2.00     2   3.8487
#          27       0.00000     18.02      2.00     2   3.9819
#          28       0.00000     11.76      2.00     4   3.9852
#          29       0.00000     17.66      2.00     2   4.0130
#          30       0.00000      6.99      2.00     4   4.0170
#          31       0.00000     11.42      2.00     3   4.0177
#          32       0.00000     33.12      4.00     3   4.0211
#          33       0.00000     17.54      2.00     2   4.0226
#          34       0.00000     33.42      4.00     4   4.0402
#          35       0.00000      6.09      2.00     4   4.0402
#          36       0.00000      6.21      2.00     4   4.0402
#          37       0.00000     17.23      2.00     2   4.0501
#          38       0.00000      6.56      2.00     4   4.0590
#          39       0.00000      6.21      2.00     4   4.0590
#          40       0.00000      6.09      2.00     4   4.0720
#          41       0.00000      6.00      2.00     4   4.0909
#          42       0.00000     10.35      2.00     4   4.0952
#          43       0.00000      5.71      2.00     4   4.1140
#          44       0.00000      5.75      2.00     4   4.1140
#          45       0.00000      9.51      4.00     3   4.1249
#          46       0.00000      4.90      2.00     4   4.1328
#          47       0.00000      9.92      2.00     4   4.1328
#          48       0.00000      9.24      4.00     3   4.2659
#          49       0.00000     10.77      4.00     3   4.2726
#          50       0.00000     14.92      2.00     2   4.2760
#          51       0.00000     14.04      4.00     3   4.3116
#          52       0.00000      7.19      4.00     3   4.3188
#          53       0.00000      7.16      4.00     3   4.3221
#          54       0.00000      6.61      4.00     3   4.3250
#          55       0.00000      6.05      4.00     3   4.3565
#          56       0.00000     12.90      4.00     3   4.3671
#          57       0.00000      7.40      4.00     3   4.3999
#          58       0.00000     18.40      4.00     3   4.4588
#          59       0.00000     13.13      2.00     2   4.4849
#          60       0.00000      6.91      4.00     3   4.4886
#          61       0.00000      7.70      4.00     3   4.5150
#          62       0.00000      7.65      4.00     3   4.5183
#          63       0.00000     25.27      4.00     3   4.5632
#          64       0.00000     12.39      2.00     2   4.5836
#          67       0.00000     14.49      2.00     4   4.6415
#          68       0.00000      8.80      2.00     4   4.6415
#          69       0.00000      6.10      4.00     3   4.6740
#          70       0.00000     22.04      4.00     3   4.6757
#          71       0.00000      4.56      2.00     4   4.6841
#          72       0.00000      5.78      4.00     3   4.6966
#          75       0.00000      5.69      4.00     3   4.7109
#          76       0.00000      5.80      4.00     3   4.7152
#          77       0.00000     13.29      2.00     2   4.7184
#          79       0.00000     12.11      2.00     4   4.7679
#          80       0.00000     25.82      4.00     2   4.7737
#          81       0.00000     11.06      2.00     2   4.7791
#          83       0.00000     10.93      2.00     2   4.7995
#          84       0.00000     10.88      2.00     2   4.8075
#          85       0.00000      5.63      4.00     3   4.8442
#          86       0.00000      7.74      4.00     3   4.8441
#          87       0.00000      5.55      4.00     4   4.9363
#          88       0.00000      7.98      4.00     4   4.9363
#          89       0.00000     14.45      4.00     3   4.9410
#          90       0.00000      7.97      4.00     3   4.9419
#          91       0.00000      8.48      4.00     3   4.9419
#          92       0.00000     14.66      4.00     3   4.9546
#          93       0.00000      8.53      4.00     3   4.9574
#          94       0.00000      8.65      4.00     3   4.9615
#          95       0.00000     14.27      4.00     3   4.9681
#          96       0.00000     10.60      4.00     3   5.0044
#          97       0.00000      9.71      2.00     2   5.0113
#          98       0.00000      5.72      4.00     4   5.0836
#          99       0.00000     10.17      4.00     3   5.0855
#         100       0.00000     13.18      4.00     3   5.0855
#         101       0.00000      9.27      2.00     2   5.0960
#         102       0.00000      6.93      2.00     4   5.1030
#         103       0.00000      5.46      4.00     4   5.1039
#         104       0.00000      6.94      4.00     4   5.1039
#         109       0.00000     22.11      4.00     3   5.1089
#         110       0.00000      7.10      2.00     4   5.1097
#         111       0.00000      7.08      4.00     4   5.1126
#         114       0.00000     13.44      2.00     4   5.1219
#         115       0.00000      7.01      4.00     4   5.1220
#         116       0.00000      5.95      4.00     3   5.1228
#         117       0.00000      6.92      4.00     3   5.1228
#         118       0.00000      6.84      2.00     4   5.1286
#         121       0.00000      5.74      4.00     4   5.1597
#         122       0.00000      4.65      2.00     4   5.1597
#         126       0.00000      5.82      4.00     4   5.2204
#         127       0.00000      9.45      4.00     3   5.2508
#         128       0.00000      5.79      4.00     3   5.2794
#         129       0.00000      4.41      4.00     3   5.2926
#         130       0.00000      5.16      4.00     3   5.2926
#         131       0.00000      4.28      4.00     3   5.3075
#         132       0.00000      5.20      4.00     4   5.3250
#         136       0.00000     19.41      4.00     2   5.3415
#         137       0.00000      7.08      4.00     3   5.3428
#         140       0.00000      4.08      4.00     3   5.3868
#         142       0.00000      5.10      4.00     3   5.3911
#         144       0.00000      4.56      4.00     4   5.4040
#         145       0.00000      6.45      4.00     4   5.4040
#         146       0.00000      4.41      4.00     4   5.4059
#         151       0.00000      5.04      4.00     4   5.4520
#         153       0.00000      4.93      4.00     4   5.4574
#         154       0.00000     11.46      4.00     3   5.4618
#         155       0.00000      9.51      4.00     3   5.4618
#         156       0.00000      5.42      4.00     3   5.4776
#         158       0.00000      6.08      4.00     3   5.4911
#         159       0.00000      7.53      2.00     2   5.4927
#         160       0.00000      5.11      4.00     4   5.5126
#         161       0.00000      7.44      2.00     2   5.5150
#         166       0.00000      4.25      4.00     3   5.5304
#         169       0.00000      6.51      4.00     4   5.5495
#         170       0.00000     10.66      4.00     3   5.5594
#         174       0.00000      5.46      2.00     4   5.5821
#         175       0.00000      4.11      2.00     4   5.5821
#         177       0.00000      7.69      4.00     3   5.5912
#         178       0.00000      9.70      4.00     3   5.5912
#         188       0.00000      6.45      4.00     5   5.6237
#         189       0.00000      4.21      2.00     4   5.6261
#         190       0.00000      5.92      4.00     3   5.6283
#         191       0.00000      5.73      4.00     3   5.6283
#         192       0.00000      7.00      2.00     2   5.6357
#         193       0.00000     16.84      4.00     2   5.6407
#         195       0.00000     16.75      4.00     2   5.6523
#         196       0.00000      8.71      4.00     3   5.6610
#         197       0.00000      7.01      2.00     3   5.6610
#         198       0.00000      7.01      2.00     3   5.6610
#         199       0.00000      6.03      4.00     3   5.6640
#         200       0.00000      4.64      4.00     4   5.6674
#         204       0.00000      7.22      4.00     4   5.6862
#         206       0.00000      7.48      2.00     4   5.6862
#         207       0.00000      4.78      4.00     4   5.6988
#         208       0.00000     13.12      4.00     3   5.7107
#         211       0.00000     13.03      4.00     3   5.7225
#         212       0.00000     11.08      4.00     3   5.7225
#         213       0.00000      6.66      2.00     2   5.7354
#         214       0.00000      6.65      2.00     2   5.7405
#         215       0.00000      4.92      4.00     4   5.7486
#         216       0.00000      4.20      4.00     4   5.7486
#         217       0.00000     10.34      4.00     3   5.7524
#         218       0.00000      6.68      8.00     3   5.7617
#         219       0.00000      9.95      4.00     3   5.7654
#         220       0.00000      6.47      4.00     3   5.7671
#         221       0.00000      8.21      4.00     4   5.7671
#         222       0.00000      8.75      4.00     3   5.7786
#         223       0.00000      6.39      2.00     4   5.7806
#         224       0.00000      6.33      8.00     3   5.7829
#         225       0.00000      5.07      4.00     4   5.7907
#         226       0.00000      9.47      4.00     4   5.7907
#         227       0.00000      6.36      4.00     3   5.7917
#         228       0.00000      6.34      2.00     4   5.7927
#         229       0.00000      4.97      2.00     4   5.7927
#         232       0.00000      5.30      4.00     4   5.8108
#         233       0.00000      6.97      4.00     4   5.8108
#         234       0.00000      7.02      4.00     4   5.8115
#         235       0.00000      4.30      4.00     3   5.8230
#         239       0.00000      5.26      4.00     4   5.8338
#         240       0.00000      8.33      4.00     5   5.8338
#         242       0.00000      4.82      4.00     3   5.8348
#         247       0.00000      5.58      4.00     3   5.8577
#         248       0.00000      4.87      2.00     4   5.8641
#         252       0.00000      4.82      4.00     4   5.8679
#         253       0.00000      6.23      2.00     2   5.8725
#         256       0.00000      5.51      4.00     4   5.8806
#         259       0.00000      4.32      4.00     5   5.8870
#         261       0.00000      6.63      4.00     5   5.8870
#         262       0.00000      4.82      2.00     4   5.8951
#         263       0.00000      4.63      4.00     5   5.9058
#         264       0.00000      4.12      4.00     5   5.9058
#         268       0.00000      7.22      4.00     5   5.9058
#         269       0.00000      4.73      4.00     3   5.9089
#         273       0.00000      4.01      4.00     3   5.9219
#         274       0.00000     14.70      4.00     2   5.9359
#         275       0.00000      4.17      4.00     3   5.9389
#         277       0.00000     14.63      4.00     2   5.9470
#         278       0.00000      4.88      4.00     4   5.9693
#         279       0.00000     10.81      4.00     3   5.9867
#         280       0.00000     10.47      4.00     3   5.9915
#         281       0.00000      6.48      4.00     3   5.9951
#         283       0.00000     12.51      4.00     3   5.9977
#         284       0.00000     10.74      4.00     3   5.9977
#   202/ 245 paths used
#  xsedge+50, used to normalize mu           3.9163E-04
#  -----------------------------------------------------------------------
#  omega    e    k    mu    mu0     chi     @#
    5994.638    -11.453   0.000  1.49910E-01  3.06433E-01 -2.82555E-01
    5994.647    -11.443   0.050  1.58944E-01  3.13061E-01 -2.77723E-01
    5994.676    -11.415   0.100  1.67827E-01  3.19688E-01 -2.73180E-01
    5994.724    -11.367   0.150  1.92916E-01  3.39034E-01 -2.61486E-01
    5994.790    -11.301   0.200  2.16746E-01  3.58380E-01 -2.52153E-01
    5994.876    -11.215   0.250  2.49789E-01  3.86641E-01 -2.41581E-01
    5994.981    -11.110   0.300  2.79896E-01  4.14902E-01 -2.36324E-01
    5995.105    -10.986   0.350  3.08065E-01  4.43980E-01 -2.35208E-01
    5995.247    -10.843   0.400  3.31972E-01  4.73058E-01 -2.41410E-01
    5995.409    -10.681   0.450  3.47324E-01  4.97759E-01 -2.53832E-01
    5995.590    -10.500   0.500  3.58051E-01  5.22461E-01 -2.73609E-01
    5995.790    -10.300   0.550  3.60217E-01  5.42871E-01 -2.99110E-01
    5996.009    -10.081   0.600  3.58170E-01  5.63282E-01 -3.30598E-01
    5996.248     -9.843   0.650  3.49154E-01  5.81053E-01 -3.67200E-01
    5996.505     -9.586   0.700  3.36616E-01  5.98825E-01 -4.08017E-01
    5996.781     -9.310   0.750  3.18102E-01  6.15243E-01 -4.53730E-01
    5997.076     -9.015   0.800  2.96920E-01  6.31662E-01 -5.01766E-01
    5997.391     -8.700   0.850  2.70181E-01  6.47423E-01 -5.54561E-01
    5997.724     -8.367   0.900  2.42364E-01  6.63184E-01 -6.06914E-01
    5998.076     -8.014   0.950  2.11086E-01  6.78598E-01 -6.61131E-01
    5998.448     -7.643   1.000  1.81827E-01  6.94012E-01 -7.10477E-01
    5998.838     -7.252   1.050  1.53318E-01  7.09148E-01 -7.56181E-01
    5999.248     -6.843   1.100  1.31615E-01  7.24284E-01 -7.91074E-01
    5999.677     -6.414   1.150  1.16959E-01  7.39093E-01 -8.14907E-01
    6000.124     -5.967   1.200  1.14762E-01  7.53903E-01 -8.21844E-01
    6000.591     -5.500   1.250  1.26241E-01  7.68236E-01 -8.10845E-01
    6001.077     -5.014   1.300  1.54886E-01  7.82569E-01 -7.78928E-01
    6001.582     -4.509   1.350  2.01787E-01  7.96262E-01 -7.25444E-01
    6002.105     -3.985   1.400  2.67529E-01  8.09956E-01 -6.51095E-01
    6002.648     -3.442   1.450  3.51903E-01  8.22834E-01 -5.56626E-01
    6003.210     -2.880   1.500  4.52307E-01  8.35712E-01 -4.46344E-01
    6003.791     -2.299   1.550  5.66726E-01  8.47607E-01 -3.22479E-01
    6004.391     -1.699   1.600  6.89981E-01  8.59501E-01 -1.91978E-01
    6005.011     -1.080   1.650  8.18776E-01  8.70261E-01 -5.75979E-02
    6005.649     -0.442   1.700  9.46490E-01  8.81021E-01  7.23617E-02
    6006.306      0.215   1.750  1.06952E+00  8.90520E-01  1.95777E-01
    6006.982      0.891   1.800  1.18131E+00  9.00019E-01  3.04465E-01
    6007.678      1.587   1.850  1.27933E+00  9.08144E-01  3.98290E-01
    6008.392      2.301   1.900  1.35807E+00  9.16268E-01  4.69995E-01
    6009.125      3.035   1.950  1.41676E+00  9.22920E-01  5.21753E-01
    6009.878      3.787   2.000  1.45204E+00  9.29571E-01  5.48227E-01
    6010.649      4.559   2.050  1.46561E+00  9.34106E-01  5.55387E-01
    6011.440      5.349   2.100  1.45604E+00  9.38641E-01  5.38407E-01
    6012.250      6.159   2.150  1.42676E+00  9.43175E-01  5.01138E-01
    6013.078      6.987   2.200  1.38296E+00  9.47710E-01  4.49194E-01
    6013.926      7.835   2.250  1.32304E+00  9.48120E-01  3.87146E-01
    6014.793      8.702   2.300  1.25880E+00  9.48531E-01  3.20569E-01
    6015.679      9.588   2.350  1.19868E+00  9.48941E-01  2.58170E-01
    6016.583     10.493   2.400  1.14935E+00  9.49351E-01  2.06864E-01
    6017.507     11.417   2.450  1.10810E+00  9.46757E-01  1.66755E-01
    6018.450     12.359   2.500  1.08417E+00  9.44163E-01  1.44591E-01
    6019.412     13.322   2.550  1.07443E+00  9.41568E-01  1.37112E-01
    6020.393     14.303   2.600  1.07239E+00  9.38974E-01  1.37575E-01
    6021.393     15.303   2.650  1.07593E+00  9.45263E-01  1.34121E-01
    6022.413     16.322   2.700  1.07349E+00  9.51552E-01  1.24578E-01
    6023.451     17.360   2.750  1.06178E+00  9.57841E-01  1.05703E-01
    6024.508     18.417   2.800  1.03967E+00  9.64130E-01  7.64729E-02
    6025.584     19.494   2.850  1.00781E+00  9.67488E-01  4.07140E-02
    6026.680     20.589   2.900  9.70817E-01  9.70846E-01 -2.95724E-05
    6027.794     21.703   2.950  9.30409E-01  9.74204E-01 -4.39896E-02
    6028.928     22.837   3.000  8.88920E-01  9.77562E-01 -8.88061E-02
    6030.080     23.989   3.050  8.47264E-01  9.79124E-01 -1.31997E-01
    6031.252     25.161   3.100  8.09269E-01  9.80685E-01 -1.71456E-01
    6032.442     26.352   3.150  7.77158E-01  9.82247E-01 -2.04969E-01
    6033.652     27.561   3.200  7.52640E-01  9.83808E-01 -2.30846E-01
    6034.881     28.790   3.250  7.35236E-01  9.83801E-01 -2.48163E-01
    6036.129     30.038   3.300  7.26978E-01  9.83795E-01 -2.56345E-01
    6037.395     31.305   3.350  7.27695E-01  9.83788E-01 -2.55565E-01
    6038.681     32.591   3.400  7.36749E-01  9.83781E-01 -2.46468E-01
    6039.986     33.895   3.450  7.52609E-01  9.83474E-01 -2.30455E-01
    6041.310     35.219   3.500  7.74606E-01  9.83167E-01 -2.08297E-01
    6042.653     36.562   3.550  8.01632E-01  9.82860E-01 -1.81091E-01
    6044.015     37.924   3.600  8.32597E-01  9.82552E-01 -1.49919E-01
    6045.396     39.306   3.650  8.65408E-01  9.81580E-01 -1.16208E-01
    6046.797     40.706   3.700  8.99869E-01  9.80607E-01 -8.08082E-02
    6048.216     42.125   3.750  9.34776E-01  9.79634E-01 -4.49216E-02
    6049.654     43.563   3.800  9.68788E-01  9.78661E-01 -9.89298E-03
    6051.111     45.021   3.850  1.00045E+00  9.77946E-01  2.25603E-02
    6052.588     46.497   3.900  1.02870E+00  9.77231E-01  5.16237E-02
    6054.083     47.992   3.950  1.05223E+00  9.76516E-01  7.59872E-02
    6055.598     49.507   4.000  1.07023E+00  9.75801E-01  9.48256E-02
    6057.131     51.040   4.050  1.08257E+00  9.75186E-01  1.07869E-01
    6058.684     52.593   4.100  1.08974E+00  9.74571E-01  1.15735E-01
    6060.255     54.165   4.150  1.09245E+00  9.73957E-01  1.19124E-01
    6061.846     55.755   4.200  1.09169E+00  9.73342E-01  1.19020E-01
    6063.456     57.365   4.250  1.08916E+00  9.72805E-01  1.17035E-01
    6065.084     58.994   4.300  1.08552E+00  9.72269E-01  1.13937E-01
    6066.732     60.642   4.350  1.08111E+00  9.71733E-01  1.10054E-01
    6068.399     62.308   4.400  1.07568E+00  9.71196E-01  1.05158E-01
    6070.085     63.994   4.450  1.06967E+00  9.71123E-01  9.91877E-02
    6071.790     65.699   4.500  1.06099E+00  9.71050E-01  9.05426E-02
    6073.514     67.423   4.550  1.04877E+00  9.70976E-01  7.83215E-02
    6075.257     69.166   4.600  1.03261E+00  9.70903E-01  6.21322E-02
    6077.019     70.928   4.650  1.01333E+00  9.70857E-01  4.27697E-02
    6078.800     72.710   4.700  9.91714E-01  9.70811E-01  2.10517E-02
    6080.601     74.510   4.750  9.69846E-01  9.70765E-01 -9.25621E-04
    6082.420     76.329   4.800  9.50273E-01  9.70719E-01 -2.05956E-02
    6084.258     78.167   4.850  9.35607E-01  9.70741E-01 -3.53990E-02
    6086.116     80.025   4.900  9.27614E-01  9.70763E-01 -4.34841E-02
    6087.992     81.901   4.950  9.27257E-01  9.70785E-01 -4.38759E-02
    6089.887     83.797   5.000  9.34225E-01  9.70807E-01 -3.68824E-02
    6091.802     85.711   5.050  9.46615E-01  9.70759E-01 -2.43505E-02
    6093.736     87.645   5.100  9.61952E-01  9.70711E-01 -8.83701E-03
    6095.688     89.597   5.150  9.77052E-01  9.70663E-01  6.44876E-03
    6097.660     91.569   5.200  9.88762E-01  9.70615E-01  1.83231E-02
    6099.651     93.560   5.250  9.93957E-01  9.70377E-01  2.38247E-02
    6101.660     95.570   5.300  9.91655E-01  9.70139E-01  2.17532E-02
    6103.689     97.598   5.350  9.81634E-01  9.69902E-01  1.18696E-02
    6105.737     99.646   5.400  9.64903E-01  9.69664E-01 -4.82070E-03
    6107.804    101.713   5.450  9.42996E-01  9.69217E-01 -2.65732E-02
    6109.890    103.799   5.500  9.19151E-01  9.68769E-01 -5.03359E-02
    6111.995    105.904   5.550  8.96212E-01  9.68322E-01 -7.32265E-02
    6114.119    108.028   5.600  8.76814E-01  9.67874E-01 -9.25647E-02
    6116.262    110.171   5.650  8.62803E-01  9.67093E-01 -1.06154E-01
    6118.424    112.333   5.700  8.56019E-01  9.66312E-01 -1.12413E-01
    6120.605    114.515   5.750  8.57187E-01  9.65531E-01 -1.10573E-01
    6122.806    116.715   5.800  8.66337E-01  9.64750E-01 -1.00571E-01
    6125.025    118.934   5.850  8.82733E-01  9.63677E-01 -8.28536E-02
    6127.263    121.173   5.900  9.05319E-01  9.62603E-01 -5.87319E-02
    6129.521    123.430   5.950  9.32388E-01  9.61530E-01 -2.99268E-02
    6131.797    125.707   6.000  9.61821E-01  9.60456E-01  1.40412E-03
    6134.093    128.002   6.050  9.91007E-01  9.59077E-01  3.29079E-02
    6136.407    130.317   6.100  1.01759E+00  9.57698E-01  6.18481E-02
    6138.741    132.650   6.150  1.03920E+00  9.56319E-01  8.57510E-02
    6141.094    135.003   6.200  1.05391E+00  9.54940E-01  1.02596E-01
    6143.465    137.375   6.250  1.06053E+00  9.53561E-01  1.11111E-01
    6145.856    139.765   6.300  1.05882E+00  9.52182E-01  1.10977E-01
    6148.266    142.175   6.350  1.04947E+00  9.50803E-01  1.02885E-01
    6150.695    144.604   6.400  1.03404E+00  9.49424E-01  8.84091E-02
    6153.143    147.052   6.450  1.01464E+00  9.48045E-01  6.97150E-02
    6155.610    149.519   6.500  9.93536E-01  9.46666E-01  4.91651E-02
    6158.096    152.005   6.550  9.72981E-01  9.45241E-01  2.91544E-02
    6160.601    154.510   6.600  9.54259E-01  9.43815E-01  1.09976E-02
    6163.125    157.034   6.650  9.38099E-01  9.42390E-01 -4.52693E-03
    6165.668    159.577   6.700  9.24543E-01  9.40964E-01 -1.73583E-02
    6168.230    162.139   6.750  9.13182E-01  9.39539E-01 -2.79153E-02
    6170.812    164.721   6.800  9.03488E-01  9.38113E-01 -3.67440E-02
    6173.412    167.321   6.850  8.95153E-01  9.36688E-01 -4.41629E-02
    6176.031    169.940   6.900  8.88308E-01  9.35262E-01 -5.00220E-02
    6178.670    172.579   6.950  8.83569E-01  9.33837E-01 -5.36567E-02
    6181.327    175.236   7.000  8.81864E-01  9.32411E-01 -5.40605E-02
    6184.004    177.913   7.050  8.84335E-01  9.31330E-01 -5.03329E-02
    6186.699    180.608   7.100  8.91282E-01  9.30249E-01 -4.17941E-02
    6189.414    183.323   7.150  9.02477E-01  9.29169E-01 -2.86679E-02
    6192.147    186.057   7.200  9.16775E-01  9.28088E-01 -1.21672E-02
    6194.900    188.809   7.250  9.32191E-01  9.27007E-01  5.58416E-03
    6197.672    191.581   7.300  9.46226E-01  9.25926E-01  2.18961E-02
    6200.463    194.372   7.350  9.56369E-01  9.24845E-01  3.40513E-02
    6203.273    197.182   7.400  9.60656E-01  9.23764E-01  3.99067E-02
    6206.102    200.011   7.450  9.58135E-01  9.22683E-01  3.84036E-02
    6208.949    202.859   7.500  9.49118E-01  9.21602E-01  2.98487E-02
    6211.817    205.726   7.550  9.35252E-01  9.20719E-01  1.57802E-02
    6214.703    208.612   7.600  9.18832E-01  9.19836E-01 -1.09137E-03
    6217.608    211.517   7.650  9.02734E-01  9.18953E-01 -1.76437E-02
    6220.532    214.441   7.700  8.89631E-01  9.18070E-01 -3.09668E-02
    6223.475    217.384   7.750  8.81440E-01  9.17187E-01 -3.89609E-02
    6226.437    220.347   7.800  8.78979E-01  9.16304E-01 -4.07187E-02
    6229.419    223.328   7.850  8.81893E-01  9.15421E-01 -3.66110E-02
    6232.419    226.328   7.900  8.88856E-01  9.14538E-01 -2.80706E-02
    6235.438    229.348   7.950  8.97980E-01  9.13655E-01 -1.71490E-02
    6238.477    232.386   8.000  9.07315E-01  9.12772E-01 -5.97614E-03
    6241.534    235.444   8.050  9.15341E-01  9.11857E-01  3.81822E-03
    6244.611    238.520   8.100  9.21130E-01  9.10942E-01  1.11776E-02
    6247.707    241.616   8.150  9.24537E-01  9.10027E-01  1.59342E-02
    6250.821    244.730   8.200  9.26037E-01  9.09112E-01  1.86038E-02
    6253.955    247.864   8.250  9.26433E-01  9.08197E-01  2.00636E-02
    6257.108    251.017   8.300  9.26506E-01  9.07282E-01  2.11711E-02
    6260.280    254.189   8.350  9.26729E-01  9.06367E-01  2.24453E-02
    6263.470    257.380   8.400  9.27116E-01  9.05451E-01  2.39031E-02
    6266.680    260.589   8.450  9.27258E-01  9.04536E-01  2.50925E-02
    6269.909    263.818   8.500  9.26506E-01  9.03621E-01  2.52966E-02
    6273.157    267.066   8.550  9.24041E-01  9.02453E-01  2.38914E-02
    6276.424    270.334   8.600  9.19728E-01  9.01285E-01  2.04357E-02
    6279.710    273.620   8.650  9.13690E-01  9.00118E-01  1.50574E-02
    6283.016    276.925   8.700  9.06520E-01  8.98950E-01  8.40886E-03
    6286.340    280.249   8.750  8.99138E-01  8.97782E-01  1.50814E-03
    6289.683    283.592   8.800  8.92531E-01  8.96614E-01 -4.54624E-03
    6293.045    286.955   8.850  8.87466E-01  8.95446E-01 -8.89609E-03
    6296.427    290.336   8.900  8.84265E-01  8.94278E-01 -1.11768E-02
    6299.827    293.736   8.950  8.82711E-01  8.93110E-01 -1.16211E-02
    6303.247    297.156   9.000  8.82131E-01  8.91943E-01 -1.09776E-02
    6306.685    300.594   9.050  8.81372E-01  8.90614E-01 -1.03559E-02
    6310.143    304.052   9.100  8.79806E-01  8.89286E-01 -1.06366E-02
    6313.619    307.528   9.150  8.76934E-01  8.87958E-01 -1.23858E-02
    6317.115    311.024   9.200  8.72786E-01  8.86630E-01 -1.55751E-02
    6320.630    314.539   9.250  8.67951E-01  8.85302E-01 -1.95482E-02
    6324.163    318.073   9.300  8.63427E-01  8.83974E-01 -2.31809E-02
    6327.716    321.625   9.350  8.60348E-01  8.82646E-01 -2.51918E-02
    6331.288    325.197   9.400  8.59649E-01  8.81318E-01 -2.45152E-02
    6334.879    328.788   9.450  8.61781E-01  8.79989E-01 -2.06286E-02
    6338.489    332.398   9.500  8.66551E-01  8.78661E-01 -1.37396E-02
    6342.118    336.027   9.550  8.73192E-01  8.77360E-01 -4.73613E-03
    6345.766    339.675   9.600  8.80416E-01  8.76060E-01  4.95601E-03
    6349.433    343.342   9.650  8.86790E-01  8.74759E-01  1.37059E-02
    6353.119    347.028   9.700  8.91073E-01  8.73458E-01  2.00960E-02
    6356.825    350.734   9.750  8.92516E-01  8.72157E-01  2.32585E-02
    6360.549    354.458   9.800  8.91015E-01  8.70856E-01  2.30612E-02
    6364.292    358.201   9.850  8.87098E-01  8.69555E-01  2.00963E-02
    6368.054    361.964   9.900  8.81749E-01  8.68255E-01  1.54809E-02
    6371.836    365.745   9.950  8.76120E-01  8.66954E-01  1.05302E-02
    6375.636    369.546  10.000  8.71214E-01  8.65653E-01  6.39794E-03
    6379.456    373.365  10.050  8.67675E-01  8.64382E-01  3.79444E-03
    6383.294    377.204  10.100  8.65549E-01  8.63111E-01  2.81323E-03
    6387.152    381.061  10.150  8.64428E-01  8.61840E-01  2.99133E-03
    6391.029    384.938  10.200  8.63582E-01  8.60568E-01  3.48672E-03
    6394.924    388.834  10.250  8.62214E-01  8.59297E-01  3.38008E-03
    6398.839    392.748  10.300  8.59740E-01  8.58026E-01  1.98903E-03
    6402.773    396.682  10.350  8.55983E-01  8.56755E-01 -8.97662E-04
    6406.726    400.635  10.400  8.51246E-01  8.55484E-01 -4.93287E-03
    6410.698    404.607  10.450  8.46240E-01  8.54213E-01 -9.29353E-03
    6414.689    408.598  10.500  8.41886E-01  8.52942E-01 -1.29061E-02
    6418.699    412.608  10.550  8.39055E-01  8.51671E-01 -1.47485E-02
    6422.728    416.637  10.600  8.38321E-01  8.50399E-01 -1.41418E-02
    6426.776    420.685  10.650  8.39789E-01  8.49128E-01 -1.09504E-02
    6430.843    424.752  10.700  8.43056E-01  8.47857E-01 -5.63761E-03
    6434.929    428.838  10.750  8.47297E-01  8.46586E-01  8.36028E-04
    6439.034    432.944  10.800  8.51461E-01  8.45315E-01  7.23903E-03
    6443.159    437.068  10.850  8.54520E-01  8.44044E-01  1.23568E-02
    6447.302    441.211  10.900  8.55694E-01  8.42773E-01  1.52637E-02
    6451.465    445.374  10.950  8.54612E-01  8.41502E-01  1.55105E-02
    6455.646    449.555  11.000  8.51361E-01  8.40230E-01  1.31870E-02
    6459.846    453.756  11.050  8.46232E-01  8.38775E-01  8.85042E-03
    6464.066    457.975  11.100  8.40130E-01  8.37320E-01  3.34162E-03
    6468.305    462.214  11.150  8.33853E-01  8.35864E-01 -2.39493E-03
    6472.562    466.472  11.200  8.28093E-01  8.34409E-01 -7.53625E-03
    6476.839    470.748  11.250  8.23314E-01  8.32953E-01 -1.15225E-02
    6481.135    475.044  11.300  8.19718E-01  8.31498E-01 -1.41061E-02
    6485.450    479.359  11.350  8.17280E-01  8.30042E-01 -1.53103E-02
    6489.783    483.693  11.400  8.15833E-01  8.28587E-01 -1.53267E-02
    6494.136    488.046  11.450  8.15176E-01  8.27131E-01 -1.43930E-02
    6498.508    492.417  11.500  8.15149E-01  8.25676E-01 -1.26957E-02
    6502.899    496.809  11.550  8.15674E-01  8.24220E-01 -1.03266E-02
    6507.309    501.219  11.600  8.16734E-01  8.22765E-01 -7.30032E-03
    6511.738    505.648  11.650  8.18324E-01  8.21309E-01 -3.62049E-03
    6516.187    510.096  11.700  8.20379E-01  8.19854E-01  6.38064E-04
    6520.654    514.563  11.750  8.22724E-01  8.18398E-01  5.26423E-03
    6525.140    519.049  11.800  8.25056E-01  8.16943E-01  9.89137E-03
    6529.645    523.555  11.850  8.26978E-01  8.15487E-01  1.40351E-02
    6534.170    528.079  11.900  8.28071E-01  8.14032E-01  1.71797E-02
    6538.713    532.622  11.950  8.27985E-01  8.12576E-01  1.88891E-02
    6543.276    537.185  12.000  8.26517E-01  8.11121E-01  1.89087E-02
    6547.857    541.766  12.050  8.23674E-01  8.09634E-01  1.72751E-02
    6552.458    546.367  12.100  8.19613E-01  8.08147E-01  1.41344E-02
    6557.077    550.986  12.150  8.14697E-01  8.06660E-01  9.92519E-03
    6561.716    555.625  12.200  8.09371E-01  8.05173E-01  5.19380E-03
    6566.374    560.283  12.250  8.04072E-01  8.03686E-01  4.78434E-04
    6571.050    564.960  12.300  7.99146E-01  8.02199E-01 -3.79023E-03
    6575.746    569.655  12.350  7.94807E-01  8.00711E-01 -7.34522E-03
    6580.461    574.370  12.400  7.91133E-01  7.99224E-01 -1.00854E-02
    6585.195    579.104  12.450  7.88104E-01  7.97737E-01 -1.20298E-02
    6589.948    583.857  12.500  7.85663E-01  7.96250E-01 -1.32455E-02
    6594.720    588.629  12.550  7.83770E-01  7.94763E-01 -1.37784E-02
    6599.511    593.420  12.600  7.82437E-01  7.93276E-01 -1.36108E-02
    6604.321    598.230  12.650  7.81723E-01  7.91789E-01 -1.26643E-02
    6609.150    603.059  12.700  7.81699E-01  7.90302E-01 -1.08441E-02
    6613.998    607.908  12.750  7.82393E-01  7.88815E-01 -8.10991E-03
    6618.866    612.775  12.800  7.83733E-01  7.87328E-01 -4.54786E-03
    6623.752    617.661  12.850  7.85514E-01  7.85841E-01 -4.14169E-04
    6628.657    622.567  12.900  7.87399E-01  7.84354E-01  3.86782E-03
    6633.582    627.491  12.950  7.88968E-01  7.82867E-01  7.76357E-03
    6638.525    632.434  13.000  7.89792E-01  7.81380E-01  1.07251E-02
    6643.488    637.397  13.050  7.89562E-01  7.79876E-01  1.23723E-02
    6648.469    642.378  13.100  7.88045E-01  7.78372E-01  1.23799E-02
    6653.470    647.379  13.150  7.85248E-01  7.76869E-01  1.07457E-02
    6658.490    652.399  13.200  7.81396E-01  7.75365E-01  7.74980E-03
    6663.528    657.437  13.250  7.76892E-01  7.73861E-01  3.90170E-03
    6668.586    662.495  13.300  7.72230E-01  7.72358E-01 -1.64256E-04
    6673.663    667.572  13.350  7.67902E-01  7.70854E-01 -3.81689E-03
    6678.759    672.668  13.400  7.64295E-01  7.69351E-01 -6.54864E-03
    6683.874    677.783  13.450  7.61637E-01  7.67847E-01 -8.05985E-03
    6689.007    682.917  13.500  7.59969E-01  7.66343E-01 -8.28974E-03
    6694.160    688.070  13.550  7.59167E-01  7.64840E-01 -7.39213E-03
    6699.333    693.242  13.600  7.58995E-01  7.63336E-01 -5.66867E-03
    6704.524    698.433  13.650  7.59171E-01  7.61832E-01 -3.48206E-03
    6709.734    703.643  13.700  7.59433E-01  7.60329E-01 -1.17414E-03
    6714.963    708.872  13.750  7.59579E-01  7.58825E-01  9.90666E-04
    6720.211    714.120  13.800  7.59484E-01  7.57322E-01  2.84697E-03
    6725.479    719.388  13.850  7.59091E-01  7.55818E-01  4.31677E-03
    6730.765    724.674  13.900  7.58382E-01  7.54314E-01  5.37666E-03
    6736.070    729.980  13.950  7.57356E-01  7.52811E-01  6.02083E-03
    6741.395    735.304  14.000  7.56005E-01  7.51307E-01  6.23545E-03
    6746.738    740.647  14.050  7.54236E-01  7.49714E-01  6.01452E-03
    6752.101    746.010  14.100  7.52106E-01  7.48121E-01  5.31277E-03
    6757.482    751.392  14.150  7.49619E-01  7.46527E-01  4.12949E-03
    6762.883    756.792  14.200  7.46820E-01  7.44934E-01  2.52527E-03
    6768.303    762.212  14.250  7.43817E-01  7.43341E-01  6.39205E-04
    6773.742    767.651  14.300  7.40767E-01  7.41748E-01 -1.31844E-03
    6779.199    773.109  14.350  7.37854E-01  7.40155E-01 -3.09973E-03
    6784.676    778.585  14.400  7.35251E-01  7.38561E-01 -4.47089E-03
    6790.172    784.081  14.450  7.33077E-01  7.36968E-01 -5.26736E-03
    6795.687    789.596  14.500  7.31369E-01  7.35375E-01 -5.43489E-03
    6801.221    795.130  14.550  7.30072E-01  7.33782E-01 -5.04314E-03
    6806.774    800.683  14.600  7.29058E-01  7.32189E-01 -4.26604E-03
    6812.346    806.255  14.650  7.28154E-01  7.30595E-01 -3.33373E-03
    6817.937    811.847  14.700  7.27198E-01  7.29002E-01 -2.46942E-03
    6823.548    817.457  14.750  7.26075E-01  7.27409E-01 -1.82946E-03
    6829.177    823.086  14.800  7.24751E-01  7.25816E-01 -1.46421E-03
    6834.825    828.734  14.850  7.23271E-01  7.24222E-01 -1.31115E-03
    6840.492    834.402  14.900  7.21744E-01  7.22629E-01 -1.22209E-03
    6846.179    840.088  14.950  7.20302E-01  7.21036E-01 -1.01612E-03
    6851.884    845.794  15.000  7.19052E-01  7.19443E-01 -5.42504E-04
    6857.609    851.518  15.050  7.18063E-01  7.17876E-01  2.60333E-04
    6863.352    857.262  15.100  7.17297E-01  7.16309E-01  1.37629E-03
    6869.115    863.024  15.150  7.16640E-01  7.14743E-01  2.64971E-03
    6874.897    868.806  15.200  7.15924E-01  7.13176E-01  3.84641E-03
    6880.697    874.607  15.250  7.14972E-01  7.11609E-01  4.71789E-03
    6886.517    880.426  15.300  7.13650E-01  7.10043E-01  5.07147E-03
    6892.356    886.265  15.350  7.11900E-01  7.08476E-01  4.82537E-03
    6898.214    892.123  15.400  7.09764E-01  7.06909E-01  4.03230E-03
    6904.091    898.000  15.450  7.07366E-01  7.05343E-01  2.86479E-03
    6909.987    903.896  15.500  7.04880E-01  7.03776E-01  1.56681E-03
    6915.902    909.811  15.550  7.02481E-01  7.02209E-01  3.86253E-04
    6921.836    915.745  15.600  7.00298E-01  7.00643E-01 -4.91587E-04
    6927.789    921.698  15.650  6.98383E-01  6.99076E-01 -9.90083E-04
    6933.761    927.670  15.700  6.96703E-01  6.97509E-01 -1.15383E-03
    6939.752    933.661  15.750  6.95159E-01  6.95943E-01 -1.12480E-03
    6945.762    939.672  15.800  6.93618E-01  6.94376E-01 -1.09001E-03
    6951.792    945.701  15.850  6.91965E-01  6.92809E-01 -1.21700E-03
    6957.840    951.749  15.900  6.90138E-01  6.91243E-01 -1.59653E-03
    6963.907    957.817  15.950  6.88150E-01  6.89676E-01 -2.20951E-03
    6969.994    963.903  16.000  6.86092E-01  6.88109E-01 -2.92772E-03
    6976.099    970.009  16.050  6.84058E-01  6.86511E-01 -3.57026E-03
    6982.224    976.133  16.100  6.82238E-01  6.84913E-01 -3.90170E-03
    6988.367    982.277  16.150  6.80760E-01  6.83315E-01 -3.73570E-03
    6994.530    988.439  16.200  6.79684E-01  6.81717E-01 -2.98026E-03
    7000.712    994.621  16.250  6.78982E-01  6.80119E-01 -1.67072E-03
    7006.913   1000.822  16.300  6.78541E-01  6.78522E-01  2.89466E-05
    7013.132   1007.042  16.350  6.78181E-01  6.76924E-01  1.85682E-03
    7019.371   1013.280  16.400  6.77696E-01  6.75326E-01  3.50746E-03
    7025.629   1019.538  16.450  6.76894E-01  6.73728E-01  4.69634E-03
    7031.906   1025.815  16.500  6.75639E-01  6.72130E-01  5.21858E-03
    7038.202   1032.111  16.550  6.73878E-01  6.70532E-01  4.98882E-03
    7044.517   1038.426  16.600  6.71647E-01  6.68934E-01  4.05426E-03
    7050.851   1044.760  16.650  6.69058E-01  6.67336E-01  2.58022E-03
    7057.204   1051.114  16.700  6.66280E-01  6.65738E-01  8.13352E-04
    7063.577   1057.486  16.750  6.63498E-01  6.64140E-01 -9.67327E-04
    7069.968   1063.877  16.800  6.60885E-01  6.62542E-01 -2.50073E-03
    7076.378   1070.287  16.850  6.58574E-01  6.60944E-01 -3.58527E-03
    7082.807   1076.717  16.900  6.56639E-01  6.59346E-01 -4.10535E-03
    7089.256   1083.165  16.950  6.55091E-01  6.57748E-01 -4.04026E-03
    7095.723   1089.633  17.000  6.53882E-01  6.56150E-01 -3.45683E-03
    7102.210   1096.119  17.050  6.52938E-01  6.54578E-01 -2.50463E-03
    7108.715   1102.625  17.100  6.52127E-01  6.53005E-01 -1.34385E-03
    7115.240   1109.149  17.150  6.51334E-01  6.51432E-01 -1.50535E-04
    7121.784   1115.693  17.200  6.50455E-01  6.49859E-01  9.17727E-04
    7128.346   1122.255  17.250  6.49415E-01  6.48286E-01  1.74236E-03
    7134.928   1128.837  17.300  6.48172E-01  6.46713E-01  2.25700E-03
    7141.529   1135.438  17.350  6.46722E-01  6.45140E-01  2.45213E-03
    7148.149   1142.058  17.400  6.45092E-01  6.43567E-01  2.37077E-03
    7154.788   1148.697  17.450  6.43339E-01  6.41994E-01  2.09518E-03
    7161.446   1155.355  17.500  6.41526E-01  6.40421E-01  1.72638E-03
    7168.123   1162.032  17.550  6.39717E-01  6.38848E-01  1.35960E-03
    7174.819   1168.728  17.600  6.37951E-01  6.37276E-01  1.06051E-03
    7181.534   1175.443  17.650  6.36241E-01  6.35703E-01  8.48159E-04
    7188.268   1182.177  17.700  6.34567E-01  6.34130E-01  6.89805E-04
    7195.021   1188.930  17.750  6.32880E-01  6.32557E-01  5.10692E-04
    7201.793   1195.702  17.800  6.31121E-01  6.30984E-01  2.18096E-04
    7208.585   1202.494  17.850  6.29244E-01  6.29411E-01 -2.65407E-04
    7215.395   1209.304  17.900  6.27231E-01  6.27838E-01 -9.68062E-04
    7222.224   1216.134  17.950  6.25111E-01  6.26265E-01 -1.84474E-03
    7229.073   1222.982  18.000  6.22963E-01  6.24692E-01 -2.77131E-03
    7235.940   1229.849  18.050  6.20912E-01  6.23139E-01 -3.57754E-03
    7242.827   1236.736  18.100  6.19083E-01  6.21585E-01 -4.02876E-03
    7249.732   1243.642  18.150  6.17586E-01  6.20032E-01 -3.94809E-03
    7256.657   1250.566  18.200  6.16473E-01  6.18479E-01 -3.24553E-03
    7263.601   1257.510  18.250  6.15721E-01  6.16925E-01 -1.95451E-03
    7270.563   1264.473  18.300  6.15224E-01  6.15372E-01 -2.40567E-04
    7277.545   1271.454  18.350  6.14814E-01  6.13818E-01  1.62318E-03
    7284.546   1278.455  18.400  6.14290E-01  6.12265E-01  3.31031E-03
    7291.566   1285.475  18.450  6.13465E-01  6.10712E-01  4.51301E-03
    7298.605   1292.514  18.500  6.12209E-01  6.09158E-01  5.01387E-03
    7305.663   1299.572  18.550  6.10481E-01  6.07605E-01  4.73841E-03
    7312.740   1306.649  18.600  6.08336E-01  6.06051E-01  3.77372E-03
    7319.836   1313.745  18.650  6.05915E-01  6.04498E-01  2.34704E-03
    7326.951   1320.860  18.700  6.03408E-01  6.02945E-01  7.69093E-04
    7334.085   1327.995  18.750  6.01005E-01  6.01391E-01 -6.43359E-04
    7341.239   1335.148  18.800  5.98852E-01  5.99838E-01 -1.64494E-03
    7348.411   1342.320  18.850  5.97019E-01  5.98284E-01 -2.11809E-03
    7355.602   1349.512  18.900  5.95484E-01  5.96731E-01 -2.09325E-03
    7362.813   1356.722  18.950  5.94151E-01  5.95178E-01 -1.72745E-03
    7370.042   1363.951  19.000  5.92884E-01  5.93624E-01 -1.24828E-03
    7377.291   1371.200  19.050  5.91576E-01  5.92097E-01 -8.80636E-04
    7384.558   1378.467  19.100  5.90110E-01  5.90570E-01 -7.78747E-04
    7391.845   1385.754  19.150  5.88470E-01  5.89042E-01 -9.73282E-04
    7399.150   1393.060  19.200  5.86713E-01  5.87515E-01 -1.36627E-03
    7406.475   1400.384  19.250  5.84955E-01  5.85988E-01 -1.76506E-03
    7413.819   1407.728  19.300  5.83324E-01  5.84460E-01 -1.94730E-03
    7421.182   1415.091  19.350  5.81922E-01  5.82933E-01 -1.73697E-03
    7428.564   1422.473  19.400  5.80786E-01  5.81406E-01 -1.06795E-03
    7435.964   1429.874  19.450  5.79870E-01  5.79878E-01 -1.50732E-05
    7443.384   1437.294  19.500  5.79054E-01  5.78351E-01  1.21780E-03
    7450.823   1444.733  19.550  5.78177E-01  5.76824E-01  2.35016E-03
    7458.281   1452.191  19.600  5.77079E-01  5.75297E-01  3.10280E-03
    7465.758   1459.668  19.650  5.75647E-01  5.73769E-01  3.27843E-03
    7473.255   1467.164  19.700  5.73854E-01  5.72242E-01  2.82084E-03
    7480.770   1474.679  19.750  5.71760E-01  5.70715E-01  1.83453E-03
    7488.304   1482.213  19.800  5.69505E-01  5.69187E-01  5.58486E-04
    7495.857   1489.767  19.850  5.67264E-01  5.67660E-01 -6.98761E-04
    7503.430   1497.339  19.900  5.65203E-01  5.66133E-01 -1.64391E-03
    7511.021   1504.930  19.950  5.63433E-01  5.64605E-01 -2.07872E-03
    7518.632   1512.541  20.000  5.61981E-01  5.63078E-01 -1.95149E-03
